TR         1.5
TimeWindow 40
TPreStim   -0
nCond      73
Nh          1
Version    3
TER        0.05
DOF        0
Npercond 0 
nRuns     4
nTP     720
Rows      1
Cols    147745
nSkip     0
DTOrder   1
Rescale  0.0748433
HanRad   0
nNoiseAC   0
BASeg    0
GammaFit 0
NullCondId 0
SumXtX
49.2129
0
0
5.59261
-0.297038
-0.684498
0
0
-0.00146046
-0.0294161
-0.655082
-0.656576
-1.81465
-3.45002e-05
0
0
0
-0.133128
0
-1.01854
0
-0.0678178
0
0
-0.0297123
0
-0.00707192
-0.103712
0
0
0
0.866694
0.218577
0
-1.01453
-0.000262765
-1.01112
6.60118
0.41754
-1.11737e-06
6.00071
0
0
-0.00703854
0.873625
0
-0.297039
6.60177
7.39773
0.18916
0
-0.000262765
0
-2.11165
5.26761
0
0
0
13.4208
-0.105172
0
1.52708
-0.00703854
-1.00749
1.52873
-0.703416
0
-2.92261e-10
-0.00245668
-0.00146157
-0.704879
5.59407
0
50.8162
-1.05929
5.29166
-0.00707212
-0.297038
-0.479466
1.52848
0
-1.1112
-1.66403
-0.00146046
6.60182
7.42689
-1.00752
-1.3585
-0.298762
-2.92261e-10
-0.00703854
-0.297038
-0.103712
-2.92261e-10
-2.92261e-10
-1.66257
-0.00146046
-1.00749
-0.655082
6.54296
-1.03694
1.31986
-0.703416
-1.00749
-3.33829e-05
-1.11737e-06
-0.103976
0
6.57241
5.59287
-2.23474e-06
0
1.49932
6.30478
0
-0.297038
-1.41391
-1.11737e-06
-0.000262765
0
-0.0073013
-0.297038
-0.00703854
6.60182
-1.40683
0
-0.103712
-0.0308766
-0.703416
0
-0.00703854
-0.703449
4.55879
1.52728
-0.326717
-0.401013
2.95377
6.59887
-0.00730091
-0.117789
1.52871
1.52874
0
-1.00749
0
-1.05929
50.8162
0
-1.66257
0
-2.03908
-0.758827
-1.1112
0.520989
6.60182
0
-0.656543
6.60182
-0.103745
-0.0294495
-1.36554
0
6.4687
1.52874
5.59287
0
-1.00045
8.13053
0
0
-0.703416
-2.62173
-0.297301
6.54299
-0.00703966
1.42503
-2.92261e-10
-1.66257
0
-0.0296789
6.56537
-1.01453
-0.297038
-0.00703854
0
-0.758794
-1.11737e-06
-0.000262765
5.59287
0
-0.0294161
0
-1.00045
0
6.60182
-0.00703854
-0.655345
0
0
1.42503
-0.00146046
-1.40687
0
-0.297038
0.162908
1.52725
0
1.52698
-1.00895
1.32132
0.825292
6.60182
-0.297038
-0.298762
0
-0.105172
5.59261
5.29166
0
50.2221
-1.66257
-0.000262765
0
0
0
1.42503
-1.66257
6.30478
0.41754
0.52653
-0.103713
0.521219
-0.00703854
-1.11737e-06
0
-1.00752
-3.33829e-05
-0.00703854
0
0
-0.655345
5.94674
-0.00146046
-1.00045
-0.710454
0
1.49932
8.1291
-0.00703854
0
0.469454
0
-2.92261e-10
-0.00703854
6.57241
0
-0.862507
0
0
6.57241
-1.00895
0
1.23167
0
-0.0294495
6.20107
0
-1.00749
0
-0.732832
-1.00049
-0.710454
-0.0294161
-1.11737e-06
-0.00146157
0
-0.00146046
0
-1.31043
0
6.49785
1.42503
0
-1.00895
-1.40709
0
6.60182
0
-0.297038
-0.00707212
-1.66257
-1.66257
43.6058
-0.655082
-0.111014
-0.00163195
0
1.2317
6.58748
1.52874
-0.00703854
-0.402211
-0.297072
-0.771234
-0.176687
0
0.521252
0
-1.38791
6.60156
6.30332
0
0
-0.658036
-0.0073013
13.2022
-0.382415
1.56459
-1.11737e-06
0.873659
1.52874
-0.00146046
1.52874
-0.0294495
-0.703416
-0.000210616
-1.00749
5.94674
-0.000262765
0.173661
13.2036
-0.703416
-0.297038
-1.00749
-1.11766e-06
-0.0294172
1.52874
-0.703416
-1.1112
-0.133129
1.52874
-0.11075
-0.297038
-1.7109
-0.0294829
-0.103712
0
-0.00514508
-0.0308777
0
0
-0.439124
-0.655082
-0.703449
2.9575
-0.297038
0
-0.703416
-0.0294161
-0.0205241
-0.684498
-0.297038
0
-0.000262765
-0.655082
50.8301
0
1.52848
-0.00146046
0.521251
-1.00749
-0.00703854
-3.33829e-05
-0.691538
6.60182
-0.000263883
-0.655082
-0.106633
-0.00245668
0
8.13056
-0.40075
4.93925
-0.985965
-0.881984
-0.103745
-1.66257
-3.33831e-05
-0.40075
0
1.52704
-0.00849899
-0.812007
-2.92261e-10
-0.000262765
-0.304078
0
1.2317
5.5907
5.59283
-1.00749
-0.0294161
6.30414
-1.30983
-0.703416
-0.11779
0
-0.732832
-0.103712
-0.0294172
0.823862
-0.103745
-0.703679
-0.0296789
8.13056
7.12306
-1.43625
0
-0.3058
8.13056
6.60182
-1.11737e-06
1.52874
-0.655082
0
-1.00749
0
-0.710717
-0.0294495
-0.655117
-0.327915
-1.30456
0
-0.479466
-2.03908
0
-0.111014
0
52.3702
-0.0294172
0
0
0.410502
-0.662121
0
0
-0.000296148
-0.00172322
-3.33829e-05
0
-1.41391
-0.103712
-1.00749
-0.298499
-0.00149496
6.27537
-2.92261e-10
0.825325
1.5217
0.139366
-2.92261e-10
-1.04421
-0.703416
-0.000263883
-0.703679
0
-0.000262765
-0.655082
-0.758827
-0.103745
1.52874
-0.0294161
6.60182
-0.00703854
-0.0294495
0
-1.36142
-0.00703854
-1.11737e-06
1.52874
-0.11075
-0.00146046
-0.703416
-0.297038
-3.33829e-05
-2.92261e-10
6.60182
-0.326456
6.60182
-0.297038
-0.297038
6.59478
18.119
-1.11737e-06
-1.00749
0.514212
5.26785
4.89092
-0.000262765
-0.103712
0
-1.00749
0
-0.00146046
0
1.52848
-0.758827
0
-0.00163195
1.52848
-0.0294172
50.8303
5.91729
-1.66257
-0.40075
-0.0073013
1.52874
-0.000262765
6.60036
-1.38792
-1.81462
0
-1.11737e-06
0
-1.00046
-1.3102
-1.95404
-0.758795
-0.000262765
-1.00895
-2.92261e-10
6.60033
-0.304108
4.55744
1.2317
-0.00703854
-0.103712
6.60179
0
1.52871
-0.0294161
5.86899
0
0
0
-3.3727e-05
-0.00146046
-1.1112
0
-0.103975
0.825325
-0.836544
-0.0294172
-2.92261e-10
-0.00707192
-0.00703854
-0.008499
0.224214
0
1.52871
6.60182
-1.01453
-0.0294172
13.2036
-0.703416
-0.000262765
-0.297038
-1.66259
-0.304077
-0.655115
-0.215804
-0.00703854
-0.298499
8.13056
-1.74178
0.825324
-0.00146046
0
-1.1112
0
0
-0.00146046
0
5.91729
48.8153
0
-0.297072
-0.0294161
1.52874
-1.00049
-0.0073013
0
8.09411
0.818286
-1.00749
-1.11737e-06
-3.33829e-05
-1.11266
-0.655346
-1.38791
-0.00146046
0.818253
0
-0.103712
-0.00146157
4.93925
0
0
0
-0.684761
6.57241
6.49662
-2.92261e-10
-0.134356
-0.00146157
-0.703416
-1.00749
-0.00707192
0
-1.00752
0
-0.952154
0
1.38831
-0.103712
0.873659
-0.133128
6.60182
-0.703417
-0.297038
0
-0.00172322
-0.00052553
5.59287
-1.30453
6.60182
0
6.60179
0
-0.297038
-0.0294161
-0.304077
0.768224
0
8.01981
-1.28633
-0.0294161
-0.655082
-0.0294161
-1.1112
0.520989
1.42503
1.2317
0.521251
0
-1.66257
0
50.8303
-0.703416
-0.103712
-0.703417
-1.69903
-0.0294161
-0.105172
-0.208884
-1.00045
-0.00172934
1.52874
8.13056
-0.00703854
7.47548
6.60039
-0.000209499
-2.92261e-10
13.2036
5.49062
-0.656543
-0.297301
-0.401016
-2.36599
-0.10375
-0.00703854
-1.00749
0
-1.35853
-1.00775
-0.326459
-0.70345
-0.00707192
-1.71236
-0.655083
5.88407
-0.036488
-0.000262765
-3.33829e-05
0
-0.0296789
0
5.91732
-0.297038
6.49811
-0.00146046
-1.11737e-06
1.22466
-0.656543
6.60182
-0.00707304
-0.703416
-3.33831e-05
-0.594077
-2.92261e-10
-1.11737e-06
0
-0.655082
0
-0.703416
-0.326455
1.52874
-0.0294172
1.49786
-0.655082
-1.66403
6.60182
-1.66257
6.58748
-1.00749
0.410502
-0.40075
-0.297072
-0.703416
50.6992
-1.11737e-06
0
-0.133391
-0.703417
-0.00703854
-0.00146046
0
-0.00703854
0
-0.297072
1.52728
6.60182
6.60182
0
5.60137
1.52874
0.521252
-3.33829e-05
1.52848
0
-0.297038
-0.103975
1.5077
6.60182
5.94674
0
-0.656543
-0.703416
-1.03837
-3.33829e-05
0
6.40359
-1.00749
-3.33829e-05
-1.36211
-0.000296148
5.49066
-0.296893
-0.297072
1.42503
0.86699
-1.11125
0
-0.655082
-0.655083
-0.703417
8.101
0
-0.103712
-0.682472
0
-0.0294065
-0.00198592
-0.703416
1.22467
-1.11737e-06
-0.703416
-1.11737e-06
-0.0658708
0
-0.0294161
-0.656576
-0.00146046
0
6.30478
1.52874
-0.00703854
-0.662121
-0.0073013
-0.0294161
-0.103712
-1.11737e-06
49.5201
-0.326456
0
-0.298499
6.60182
-2.92261e-10
-0.00172322
-1.00749
0.825292
-0.00703854
-0.703416
-1.69199
-0.297038
0
-0.103745
-0.000262765
0
1.52874
-0.703416
-0.0294161
-0.732832
1.52728
-0.0294161
-0.00703854
-2.92261e-10
1.52024
-0.703416
-0.703416
-0.655082
-1.30482
-1.00775
6.60182
-2.01498
-0.655082
0
5.59404
-0.103712
-1.11737e-06
-0.103746
6.30478
-0.103712
-0.103713
0.0594924
-1.04394
-1.11737e-06
-0.00149384
-0.000262765
8.1303
-0.298499
0
-0.0294161
12.1962
-1.11766e-06
-0.703417
-2.92261e-10
1.52874
0
6.60182
-0.655115
1.12799
-0.703416
-1.81465
6.60182
-0.656543
0.41754
-0.00703854
-3.33829e-05
0
1.52874
1.52874
-0.703417
0
-0.326456
50.8303
-0.000296148
-0.703679
1.42503
-0.000262765
-1.66257
-1.11737e-06
-0.000262765
5.59433
-1.11737e-06
-0.0296789
-0.00707192
-0.00703966
-0.703416
-2.92261e-10
6.60036
-0.684498
-0.703416
-2.04439
-0.758794
1.5217
-0.297038
-1.00049
8.13056
-0.297038
-0.00703966
-1.00775
6.60182
1.22466
-0.655082
-0.703416
1.23024
-0.304077
0
-0.00849899
-0.000262765
-0.663844
5.84303
-0.655082
13.2036
0
6.60036
-1.03837
-0.103745
0
1.52874
-2.00794
-2.92261e-10
0
1.52874
-0.103745
-0.0294161
-0.704876
-0.0294161
-0.103745
-0.0296789
6.49811
0
-0.298532
-1.38791
-3.45002e-05
7.42689
6.60182
0.52653
-0.402211
-0.691538
0
-0.000262765
-1.00049
-1.69903
-0.133391
0
-0.000296148
60.6121
-0.0294161
1.52874
5.59433
-1.00045
0
0
-0.305537
0
0
1.52874
-2.92261e-10
0
-0.0294161
-0.959159
-0.103975
-0.103712
-0.0294161
6.46799
0
-0.655082
-0.036488
-0.00707304
0
-1.13358
-0.105435
-3.33829e-05
4.23584
-0.95212
-5.84521e-10
-1.81462
-0.297038
-3.33829e-05
0
-2.92261e-10
1.52874
0
-0.00146046
9.65784
0
0
-1.00749
-0.000262765
0.576619
1.52874
0
0
-1.14062
-1.11737e-06
-0.760517
-0.00146157
-0.00703854
-0.718989
5.59433
-0.0297123
5.94674
-0.00849899
0
-0.103712
0
-1.00752
-0.103745
-0.103713
-0.297072
6.60182
-0.000296148
6.60036
-0.0073013
-0.0294161
-0.703417
-0.298499
-0.703679
-0.0294161
50.8303
-0.0140771
-3.33829e-05
0
-2.92261e-10
-0.656543
-0.732832
0.873658
-1.30453
-0.297038
1.52874
-0.326455
-0.710454
0
0
-0.703416
-0.00703854
0
-0.0588322
0.825062
5.94674
5.56492
-1.81462
-1.11737e-06
6.59478
-0.655345
-0.00146157
2.4024
-0.401013
0
6.60182
-0.00292091
14.7324
1.12653
-0.103712
-0.304077
6.60182
1.49932
5.48358
-1.3585
0
0.521252
0
-0.298532
-0.655082
-0.000296148
0
0.873659
-0.758794
-0.703416
-1.1112
-1.66257
-1.04394
-0.703712
-0.00146157
-0.297335
-1.00749
0
0
-1.3585
-0.0294495
0.521219
-0.771234
-0.000263883
-0.00172322
-1.38792
0
-0.105172
-0.00703854
6.60182
1.42503
1.52874
-0.0140771
50.8301
5.89777
5.59433
-0.655082
-2.92261e-10
-0.0296789
-1.00775
-0.703416
-0.00146046
-0.402211
6.57241
-0.304144
-0.297039
-0.817323
-1.76591
5.59991
1.52874
1.52874
-0.103712
-1.00895
-0.103712
-1.11737e-06
-1.00749
-2.92261e-10
-0.00146046
-0.655345
-0.705873
1.52871
6.60182
-0.0588322
0
-0.0311393
0
-1.00752
-0.703416
-0.133128
0
0
-1.30453
-0.305571
-0.662121
-0.000262765
-0.00703854
0
1.52847
-0.297038
0
-0.11075
1.52704
0.873361
-1.11737e-06
5.30815
-1.30453
13.2036
-0.326455
-2.01358
7.47543
0
-0.298762
-1.36554
-0.00703854
-0.176687
-0.655082
-3.33829e-05
-1.81462
8.09411
-0.208884
-0.00146046
-2.92261e-10
-0.000262765
5.59433
-3.33829e-05
5.89777
50.8282
-1.1112
-1.00749
-0.655082
0
1.52871
-0.304078
-0.326751
0
-0.103975
-0.304077
-2.92261e-10
0.517581
-1.74011
-0.103712
-0.655082
0
1.5217
0
-0.00703966
-3.33829e-05
-1.66283
-0.000262765
-0.297039
1.52874
-0.306882
0
-0.00146046
5.94674
-1.00749
-0.655082
-0.00146046
6.60182
-0.000262765
1.52848
-2.92261e-10
-0.326455
-0.703416
-0.703416
6.60179
1.42503
1.52874
-0.655082
-1.7124
-0.103712
6.57241
-1.00749
6.59626
-0.0294172
-0.103712
-2.05695
-1.00749
8.13053
-0.959159
6.60182
1.49916
-0.133128
-2.92261e-10
0
-1.11737e-06
0
-0.106633
0
0
0.818286
-1.00045
0
-0.00172322
-1.66257
-1.00045
0
5.59433
-1.1112
62.6271
-0.655082
-0.00172434
-0.00703854
-2.92261e-10
0
-0.297039
6.60182
-0.000262765
0.873659
1.52874
-1.00898
0
-0.00733469
8.13053
-0.00146157
-1.00749
14.7324
0
-0.000296148
-0.0364892
-0.000262765
-1.2562
7.82649
8.13056
-0.0296789
-0.400784
-0.00707192
-1.40683
0
-0.40075
-2.34707
0.721613
-1.1197
-1.7109
-3.33829e-05
0
-0.105172
-0.684498
1.52874
0
-0.0364558
-0.0294161
-0.000262765
-0.00995945
-0.059095
-2.36599
-0.952154
-0.297038
0
-0.103712
0.873363
0
0
5.46121
0
-0.00703854
6.4687
0
0.521252
-0.00245668
-1.41391
-1.11737e-06
-1.00749
-0.00172934
-0.00703854
-1.00749
-1.11737e-06
0
-2.92261e-10
-0.655082
-1.00749
-0.655082
40.6765
-0.00703854
-0.00707192
6.60156
-0.684498
6.77413
-0.123377
-1.02987
-0.105173
-1.40829
6.59478
0
-0.0144936
-0.297038
-0.0194608
8.13053
-1.00749
-0.00146046
-0.103712
0
-0.00613477
1.52804
0
-2.92261e-10
-0.710339
0.0518204
0.825325
1.49229
6.60182
0
1.52874
1.52874
1.23167
-0.000262765
-0.103745
-0.00876176
-1.00749
6.60166
-1.10417
-0.000262765
-0.0294161
-0.703416
-1.30453
-1.31016
-1.11737e-06
-0.704876
-0.103975
-0.0296789
-0.297038
-0.0294829
0
6.60182
-0.00149384
-2.92261e-10
-1.01854
-0.297038
1.52874
-1.00752
0
0
-0.103712
0
-1.11737e-06
1.52874
0
0.825292
-0.000262765
0
-0.656543
-2.92261e-10
-0.655082
-0.00172434
-0.00703854
48.5248
-0.703416
2.8217
0
0
-0.103712
-1.11737e-06
8.13056
0
-0.0294161
-1.11737e-06
-1.00749
7.64516
-0.00146157
-0.103712
-1.00898
0
9.68169
0.909988
-0.00703854
-0.000262765
-0.0435266
-0.655115
0
0
-0.297301
0
1.23024
-1.76339
-0.303955
-0.0314017
-0.703416
-2.92261e-10
-0.710454
6.60179
-0.103712
-0.00703854
-3.33829e-05
6.60182
-1.11766e-06
-0.297038
0
4.64727
6.60156
-0.105152
5.91796
0
0
6.57241
0.152845
-1.00749
-0.655082
0
0
-0.103712
5.59287
-3.33829e-05
-1.38791
8.13056
-1.00749
-1.00046
-3.33829e-05
8.13056
-0.297072
-0.00703854
5.59433
-0.305537
-0.732832
-0.0296789
0
-0.00703854
-0.00707192
-0.703416
49.4234
-0.326455
-1.21491
0
-0.0308766
-0.00703966
-0.655082
0.569319
-0.655082
-1.11123
5.91025
-1.00072
-0.760256
-1.11737e-06
-0.105173
-0.00052553
7.47522
-0.703416
-0.297038
1.49932
-1.31016
-1.11737e-06
-1.00749
-0.105173
-0.000262766
-0.400784
-0.00703854
0.872198
-0.105172
-0.297038
-1.00749
-0.0308766
6.60182
0
0
6.57211
-1.1112
9.6593
-0.00146046
-0.703416
1.52874
0
6.57241
-1.00752
-1.00749
-0.703416
0
1.52141
0
-2.92261e-10
-0.000263883
-0.304077
-0.0678178
-2.92261e-10
0
-0.00703854
6.60156
-0.40075
-0.298499
-1.3102
-1.11266
-0.00703854
1.52728
-0.703416
-1.11737e-06
0
0.873658
-1.00775
1.52871
-2.92261e-10
6.60156
2.8217
-0.326455
43.6058
6.46843
-0.00292091
-1.00749
4.93075
6.57241
-2.92261e-10
-2.92261e-10
-0.00703854
-0.103712
1.56462
-2.23474e-06
-0.000296148
6.49811
-0.703679
-0.597627
-0.206104
-3.33829e-05
-0.00146046
-0.000263883
0
1.52871
-3.33829e-05
0
1.52874
-0.703416
0.775385
-0.00110642
-0.0364871
-1.7109
-3.33829e-05
-1.01453
6.57095
-0.655082
-1.10417
-1.1112
-1.00749
-0.703416
-0.333493
0
-0.632451
-2.92261e-10
-0.000209499
1.22656
0
-0.655082
-0.655083
0.173365
1.12799
6.59478
0
0
-2.92261e-10
-1.00045
0
6.30332
4.93925
-0.00149496
-1.95404
-0.655346
7.47548
6.60182
-1.69199
-0.0296789
0
-1.30453
-0.703416
-0.304078
0
-0.684498
0
-1.21491
6.46843
49.4234
8.13056
0
1.52848
0
1.5217
-1.00045
-0.00172322
-3.33829e-05
6.60182
-3.33829e-05
-1.00749
-2.92261e-10
-1.00749
1.52874
0.86662
0
-0.00850011
0
0
-0.655345
5.58726
-0.103712
-0.00146157
-0.133128
0.825292
-0.703417
-1.11737e-06
-1.00895
-3.33831e-05
-0.0294495
5.89134
-3.33829e-05
-1.98903
-1.1112
-0.297038
-0.105435
0.873659
-0.0073013
-2.92261e-10
-0.000262765
-0.0364547
6.60182
-0.00146157
1.52874
0
-1.11123
-0.140167
1.42357
-0.02968
0
-1.66257
8.13053
0
0
-0.985965
6.27537
-0.758795
-1.38791
6.60039
6.60182
-0.297038
-0.00707192
1.52874
-0.297038
-0.00146046
-0.326751
-0.297039
6.77413
0
0
-0.00292091
8.13056
49.5663
3.80382
-0.655082
-0.000262298
-1.7109
-1.00895
-0.710454
-0.888897
0
-0.491873
0.825325
-0.655082
-0.105172
0
-1.00191
1.07512
-0.100301
0
-1.00749
-0.608114
7.96178
-0.000262765
-0.739904
0
0
0
6.60182
-0.110598
-0.0294172
-0.297038
-0.0073013
0
-0.132333
-0.326455
-1.00749
-0.133129
0.491836
-1.11824
-1.00775
-2.92261e-10
-0.0017566
1.52874
5.94671
0.825325
-1.11737e-06
-0.758794
-0.000296148
-0.0073013
-0.0141105
-0.0297123
-0.00146046
0
-0.655345
0
-0.881984
-2.92261e-10
-0.000262765
-0.00146046
-0.000209499
0
0
-0.00703966
-2.92261e-10
1.52874
-0.402211
0
6.60182
-0.123377
-0.103712
-0.0308766
-1.00749
0
3.80382
41.5909
-0.297072
5.24329
-0.703449
-0.703416
-0.00146046
-1.00484
0
-1.41932
-0.655082
0.121909
5.89841
-0.00703854
-0.000262765
-0.97945
-0.0205241
-1.11737e-06
0
-0.176687
1.46064
-0.298499
0.521252
6.60182
-3.33829e-05
-0.00146046
-1.0369
-0.00110642
0
-1.11737e-06
-2.92261e-10
0.569582
1.5236
6.60179
-0.0294161
-0.00707304
5.9397
-0.00146046
-0.000262765
-0.103712
-1.00749
-0.297072
-0.655082
0
7.53649
-0.0294161
3.05748
5.13961
-0.133425
0
-1.00749
0
5.94674
-0.658036
-0.103745
0.825325
-1.00895
0.818253
-2.92261e-10
5.60137
-0.103745
-0.703416
0
-0.326455
6.57241
-0.103975
-0.000262765
-1.02987
-1.11737e-06
-0.00703966
4.93075
1.52848
-0.655082
-0.297072
49.5201
5.59407
-0.00703854
-0.0294161
-0.0294161
-0.103712
0
-0.0294172
-0.103712
-0.711915
2.95377
0
-0.103712
0
-0.657068
-3.33829e-05
0
-0.304341
0
-0.00703854
-1.03013
-0.103712
5.59433
-1.11737e-06
0.417507
5.6497
-0.732832
6.60033
-1.00752
5.59407
-1.06632
0.818285
-1.11766e-06
1.52874
-0.703679
0
6.60182
-0.00146046
0
-0.298532
0
-0.00703854
-1.66961
1.52728
0.472908
-0.297039
0
-0.00707192
-0.655082
-0.703416
-0.00146046
-0.0073013
-1.66257
1.5217
-2.92261e-10
0
13.2036
1.52874
-0.000262765
-2.92261e-10
-0.0294161
-0.710454
-0.304144
-0.304077
0.873659
-0.105173
8.13056
-0.655082
6.57241
0
-0.000262298
5.24329
5.59407
50.8303
0
-0.00703854
-3.45002e-05
-0.4302
-1.00749
-0.1402
-0.0294161
1.49932
0.825325
-1.30453
0
-0.662383
-1.30459
-0.00172322
-1.71117
-0.299959
-0.00292085
-0.208884
-0.103712
-1.00775
-0.103712
-0.00172322
-0.0364547
-0.13383
-1.00749
1.49932
0
-1.7039
-0.807128
6.60182
-0.703416
-0.00146157
1.49932
0
-0.758794
-2.23474e-06
0
6.60182
0
-1.11737e-06
-0.0784618
-0.103713
5.60137
-1.30453
6.57214
-0.103712
6.54296
-2.62173
-1.00045
13.2022
-3.33831e-05
0.139366
6.60033
-0.103712
5.49062
0.521252
0
6.60036
-0.959159
0
-0.297039
-2.92261e-10
1.52874
-1.40829
0
0.569319
-2.92261e-10
1.5217
-1.7109
-0.703449
-0.00703854
0
50.8298
-0.297038
1.2317
-0.807128
-1.74032
-0.0294161
1.52874
5.89841
-1.11737e-06
-1.1112
-0.00707192
-0.655082
0
-0.00146046
0
0
0.873659
-0.684498
5.94671
0
0
6.60176
-0.655082
0
-0.103712
-0.00146046
-1.11737e-06
0
1.52848
-1.00775
-0.732832
-0.000262765
-0.297301
-1.51899
-0.0294161
-0.00146046
-0.504462
6.60182
0.491573
0
-0.00849899
0
-2.92261e-10
-0.0073013
-1.00752
0
-1.03694
-0.297301
-0.710454
-0.382415
-0.40075
-2.92261e-10
-0.304108
-0.00146157
-0.656543
-3.33829e-05
1.52874
-0.684498
-0.103975
0
-0.817323
0.517581
-1.00898
6.59478
-0.0294161
-0.655082
-2.92261e-10
-1.00045
-1.00895
-0.703416
-0.0294161
-0.00703854
-0.297038
50.7725
1.50624
6.60182
-0.000262765
0
6.57241
-0.655608
0
0
6.46869
0
-0.807128
-1.00895
-0.0194953
0
1.2317
8.13056
6.49811
1.52874
0
-0.655082
-0.00172322
-1.3585
-0.00703966
-0.000262765
0
-0.703416
-0.000296148
0.512753
0
-1.00749
-0.684696
-0.11075
-1.00749
0.521252
13.1749
1.52874
1.52874
6.03459
-0.807129
6.27537
-3.33829e-05
-1.11737e-06
-1.66335
0
1.31986
6.54299
0
1.56459
0
-1.04421
4.55744
4.93925
-0.297301
1.52848
-0.703416
-0.703416
-0.103712
-0.703416
-1.76591
-1.74011
0
0
-1.11737e-06
-1.11123
-0.00703854
-0.00172322
-0.710454
-0.00146046
-0.0294161
-3.45002e-05
1.2317
1.50624
50.6992
5.94648
-0.00146046
-0.95212
-3.33829e-05
0
-0.297301
6.29774
5.89137
-0.297038
0
-0.103712
6.62423
0
-0.703416
1.52874
0
0
-0.105206
-2.92261e-10
0
-1.11737e-06
0
-1.00895
0
0
0
0
-1.31016
1.52874
-0.765793
6.60007
-0.655082
-1.00749
-0.714067
-0.655082
-0.0308766
12.6733
-0.0294161
1.52874
0.818253
-0.11075
0.934809
0
-0.703416
-0.00703966
1.49932
-1.11737e-06
1.52704
-0.703416
1.2317
0
-0.401016
0
-0.0294161
-2.04439
-0.0294161
-0.00703854
5.59991
-0.103712
-0.00733469
-0.0144936
-1.00749
5.91025
-0.103712
-3.33829e-05
-0.888897
-1.00484
-0.103712
-0.4302
-0.807128
6.60182
5.94648
48.8006
-0.000558913
12.2228
0
-0.0308766
-0.298499
1.52582
0
0.838325
-0.70383
-1.66257
-0.00149496
6.59626
2.35045
1.52874
0
-0.00146046
6.60182
-0.297038
-0.00703854
-0.655099
0
0
0
-1.00775
-1.00784
0
-1.00191
-0.00703854
1.52728
0
0
-0.807128
0
5.94674
0
0
-0.807194
-0.662121
-0.103975
0.194798
5.86899
0.866694
-1.00749
1.42503
8.1291
0.873659
-0.00849899
-0.000263883
-0.00703854
0
-2.36599
-0.297038
-0.732832
-0.758794
6.46799
0
1.52874
-0.655082
8.13053
-0.297038
7.64516
-1.00072
1.56462
6.60182
0
0
0
-1.00749
-1.74032
-0.000262765
-0.00146046
-0.000558913
50.6992
-0.103745
0
-0.103712
0
13.1382
-1.03669
-0.00703966
-0.0294161
-1.10443
6.60182
-0.00146046
1.52874
-0.0308766
0
-1.00749
-0.296893
-1.33539
-1.00895
-0.297038
-0.703416
0
-0.95212
6.57241
-0.758794
-0.103712
-0.655082
-0.0296789
0
-0.00853238
-0.707027
-0.110784
-0.0140746
-0.103673
-0.0294161
0
-1.11737e-06
-0.651595
0
6.60182
-0.70345
0.218577
-3.33829e-05
-2.92261e-10
-0.00703854
1.52874
-0.812007
-0.703679
-0.103712
0
-0.10375
-0.103975
1.52728
1.5217
0
-0.0588322
1.52874
0
-0.00146157
-0.0194608
-0.00146157
-0.760256
-2.23474e-06
-3.33829e-05
-0.491873
-1.41932
-0.0294172
-0.1402
-0.0294161
0
-0.95212
12.2228
-0.103745
50.7725
0
-2.92261e-10
-0.95212
-1.03717
0
13.1212
-2.4151
0.521252
-0.297302
8.11989
0.804283
-0.207424
1.52874
-0.000262765
-0.656543
-0.703416
5.89841
-0.304108
-0.655082
-1.01453
6.60179
-0.328212
-0.952285
-0.00146046
-0.0073013
4.89092
-1.01456
0
-0.00146046
6.60182
0
-0.000262765
0
0
0.521252
0
-0.297038
5.86899
-1.31157
0
-1.11737e-06
-1.66257
0
-0.00146046
-2.92261e-10
0
6.60179
-0.684761
-0.00703854
1.5077
-0.0294161
-0.297038
-0.655082
0.825062
-0.103712
1.5217
-1.00749
8.13053
-0.103712
-1.11737e-06
-0.000296148
-1.00749
0.825325
-0.655082
-0.103712
-0.0294161
1.52874
6.57241
-3.33829e-05
0
0
0
50.7725
-0.703416
-1.1112
-2.92261e-10
-1.11737e-06
1.52874
-1.00749
0
6.60179
-0.50595
0
6.60182
13.0697
-2.42282
-0.684663
-1.0153
-0.703416
-1.00749
-1.36311
1.48693
5.89814
0
0
-0.95212
6.04034
-0.00703854
-1.00749
-0.0194608
-1.02987
-0.400814
-0.691537
-0.655082
1.12653
6.00775
-0.297301
-0.00146046
-0.000263883
1.52874
0
-1.01453
-0.103976
0
0.469454
1.52874
-0.000262765
-0.000262765
0
6.57241
-1.00749
6.60182
-0.00703854
-1.00049
-0.036488
5.94674
-1.00895
0
14.7324
-1.00749
-1.00898
-0.105173
6.49811
-2.92261e-10
-0.655082
0.121909
-0.711915
1.49932
5.89841
-0.655608
0
-0.0308766
-0.103712
-2.92261e-10
-0.703416
50.2362
0
-0.297073
-0.00149496
1.52874
-1.00749
-0.70345
0
0
-1.31017
-3.33829e-05
0.521251
0.521252
-0.0364547
-0.297038
5.19358
-0.0294161
1.52728
-0.000262765
-2.92261e-10
-2.92261e-10
5.94674
-0.703416
-0.655345
-0.103745
-0.105172
-3.33829e-05
-0.0073013
-0.00703966
-0.95212
-0.821205
6.49811
0
0.491836
-0.656805
0
0
-0.297038
-0.000262765
0
-0.0296789
0
-0.0294495
-0.304078
-0.655082
1.52871
6.49662
0
5.94674
-2.92261e-10
8.13056
-0.00707304
5.56492
-0.103712
-0.00703966
0
-0.00146046
0
-0.00052553
-0.703679
-1.00749
-0.105172
5.89841
2.95377
0.825325
-1.11737e-06
0
-0.297301
-0.298499
0
-0.95212
-1.1112
0
49.4234
0
-0.655082
0.769947
-0.710455
0
-1.00045
0.769946
-0.0294161
-0.00703854
-1.00749
0
6.30478
-1.11737e-06
-0.655082
-0.133128
14.7324
-0.00149384
0
-0.981537
-0.00149384
-1.00749
-0.000525531
-3.33829e-05
-1.00749
0
5.59433
0
0
0
-0.304077
-0.685993
0.825325
-0.0294161
4.88388
0.521252
-0.00849899
-1.01112
6.57241
6.56537
-2.92261e-10
-0.703416
0
-0.758827
-0.0294161
-2.92261e-10
-1.35853
0
1.52024
-0.297038
0
-1.81462
-1.11737e-06
-3.33829e-05
-0.000296148
-0.103712
9.68169
7.47522
-0.597627
1.52874
0
-0.00703854
0
-1.30453
-1.1112
0
6.29774
1.52582
13.1382
-1.03717
-2.92261e-10
-0.297073
0
50.5126
-0.716033
-0.758827
0
-0.595538
2.39536
0
-3.33829e-05
-1.71794
0
-0.0294161
-1.36641
-0.758827
-0.00703973
-0.00146046
0
-0.134093
0
0
-0.297301
0
5.59433
6.57214
-1.0369
-0.000263883
7.79793
-0.711915
-0.0308812
-1.00064
0
0
-0.0308766
-0.00613477
-0.704876
0
-0.000262765
6.60118
5.59287
-1.01453
-0.00703854
-0.000210616
1.2317
-0.103745
5.86899
-0.134356
-1.00775
-0.656543
-0.703416
-0.00703966
-1.13358
-1.11737e-06
-1.00749
-1.66283
-0.0364892
0
0.909988
-0.703416
-0.206104
0.86662
-1.00191
-0.000262765
-0.103712
0
-0.00707192
6.46869
5.89137
0
-1.03669
0
-1.11737e-06
-0.00149496
-0.655082
-0.716033
50.8282
0
-0.0294161
1.42503
-6.11791e-06
0
6.49665
0
-0.00703854
0
1.23128
-1.0075
-0.297038
-1.00752
-0.656576
0
-2.92261e-10
0
-0.00146046
6.59332
-0.297038
-0.655082
1.42503
8.13056
6.59626
-1.00749
-1.05584
-0.732866
-0.297564
-0.134602
-0.655082
0.818402
8.13056
-3.33829e-05
-1.00045
0.41754
-2.23474e-06
-0.297038
6.57241
-1.00749
5.5907
1.52874
0
-0.00146157
-0.326459
-0.703416
-0.703416
-1.00775
-0.105435
6.59478
-2.92261e-10
-0.000262765
-0.000262765
-0.00613477
-0.00703854
-0.297038
-3.33829e-05
0
1.07512
-0.97945
0
-0.662383
-0.655082
0
-0.297038
0.838325
-0.00703966
13.1212
1.52874
1.52874
0.769947
-0.758827
0
50.7201
-0.655959
6.60182
6.49808
-0.819745
6.43267
1.49932
0
0
-1.00749
-0.297038
-3.33829e-05
-0.103745
-0.703449
-0.00146046
-0.00146046
8.13056
-0.297221
0
-0.0364547
-1.69199
-1.40683
0
-0.297301
1.52874
0
-0.00146046
5.59433
-0.732832
-0.00146046
-3.33829e-05
-0.297038
-0.0073013
-0.704876
-1.11737e-06
0
-0.00703854
0
5.94674
5.59283
-0.0294161
0
-0.703416
-0.70345
-1.03837
-0.655082
6.60182
-3.33829e-05
-0.655345
-0.00146046
-0.297039
-1.2562
1.52804
-0.000262765
1.49932
-0.00146046
-0.00850011
-0.100301
-0.0205241
-0.657068
-1.30459
0
-0.807128
0
-0.70383
-0.0294161
-2.4151
-1.00749
-1.00749
-0.710455
0
-0.0294161
-0.655959
50.2362
-0.103712
-0.103712
2.04983
6.29789
-0.655082
5.94674
6.60182
-0.10378
-0.00146046
0.491836
0.194501
3.02807
6.49811
0
-0.00703854
5.89137
6.49811
0
-0.703416
0
0
-0.103712
0
-0.00703854
-0.000262765
0
0
6.49665
-0.297301
-3.33829e-05
0
0.873659
6.00071
1.49932
0
-0.862507
-0.000262765
-1.00749
6.60182
0
-1.00749
-0.00707192
-3.33829e-05
-1.30482
1.22466
4.23584
-0.00146157
-0.655345
1.52874
7.82649
0
-0.0435266
-1.31016
-0.000263883
0
0
-1.11737e-06
-3.33829e-05
-0.00172322
-0.00146046
-1.00895
-0.103712
-1.66257
-1.10443
0.521252
0
-0.70345
0
-0.595538
1.42503
6.60182
-0.103712
50.8303
-0.0588322
0
-0.0588322
-0.710717
-0.000262765
-0.103712
-1.3585
5.7947
13.2036
-0.000263883
-1.3585
-0.000262765
-0.732832
8.13053
-2.92261e-10
6.60179
-0.103712
-1.34104
1.52874
-0.703416
-0.0294495
0.526826
1.5217
-1.31157
-0.0294161
0
-0.103712
-1.00895
0
-1.00749
-0.00995945
0
6.30478
-0.758794
0
0.173661
-0.0294161
-0.00703854
-3.3727e-05
-0.00707192
-1.71236
0
-1.00775
-0.655082
-0.95212
2.4024
-0.705873
-0.306882
8.13056
-2.92261e-10
-0.655115
-1.11737e-06
0
0
-1.00749
0
0
-1.71117
0
-0.0194953
6.62423
-0.00149496
6.60182
-0.297302
6.60179
0
-1.00045
2.39536
-6.11791e-06
6.49808
-0.103712
-0.0588322
40.4691
-0.0364547
-1.11737e-06
6.30426
0
0
-0.000262765
-0.103712
0
-0.684498
-1.00749
-0.189202
0
-0.00703854
-0.297038
0
-0.0294161
-0.704876
-0.00162522
-2.92261e-10
-1.82165
-0.656576
-0.0144936
-2.92261e-10
-0.703416
1.5912
-0.297039
-1.00775
6.57241
0
1.52805
0
0
-1.11737e-06
0
13.2036
6.30414
-0.0294495
-0.00146046
0
-0.655083
6.40359
6.60182
-0.703416
-5.84521e-10
-0.401013
1.52871
0
-0.0296789
-0.710339
0
-1.00749
1.52871
-0.655345
-0.608114
-0.176687
-0.304341
-0.299959
0
0
0
6.59626
-0.00146046
8.11989
-0.50595
0
0.769946
0
0
-0.819745
2.04983
0
-0.0364547
49.5642
-1.00728
0
-1.59231
-6.90005e-05
-0.0356585
-0.100039
1.52874
-1.69199
-1.58708
-1.3115
-0.326455
-0.103713
-1.35853
-0.0073013
5.63773
0
0
0.172306
6.60182
-0.00688649
-0.000262299
-1.00749
-0.0016986
-0.704876
-0.655082
-1.11737e-06
-1.00749
-0.103712
-0.103712
-0.00703854
-0.297038
-0.000262765
6.57241
-0.703416
-1.30983
0
-1.1112
-1.00752
5.88407
-1.00749
-2.01498
1.23024
-1.81462
0
6.60182
-0.00146046
-0.400784
0.0518204
0
-0.105173
-3.33829e-05
5.58726
7.96178
1.46064
0
-0.00292085
0.873659
1.2317
-0.703416
2.35045
1.52874
0.804283
0
-1.31017
-0.0294161
-3.33829e-05
6.49665
6.43267
6.29789
-0.0588322
-1.11737e-06
-1.00728
50.6404
0
-2.92261e-10
0
-1.11737e-06
-0.000262765
-0.00703854
-1.3879
-1.35876
0
-1.11737e-06
-1.11737e-06
-0.11071
-0.0364547
-0.0294161
1.2317
-0.297072
-0.000262765
0
-2.92261e-10
-0.00146046
-3.33829e-05
-0.297038
0
-0.655082
-1.3585
-0.00703854
-1.30479
13.0997
0.873625
-1.41391
5.59287
-1.00895
-0.297038
-0.703416
-1.36142
0
0
-0.036488
-3.33829e-05
-0.655082
-0.304077
-0.297038
6.60182
-0.0588322
5.94674
-0.00707192
0.825325
-0.297301
-0.000262766
0
-0.103712
-0.000262765
-0.298499
-0.00703854
-0.208884
-0.684498
8.13056
1.52874
1.52874
-0.0308766
-0.207424
6.60182
-3.33829e-05
-0.00703854
-1.71794
0
1.49932
-0.655082
-0.710717
6.30426
0
0
50.8303
0
-1.00749
-3.33829e-05
-3.02247
-0.00172322
-0.703416
0
1.49229
-0.0294161
7.12307
-0.703417
-0.297038
-1.11737e-06
-2.00794
-0.655345
0.521252
0.825325
6.30478
6.60182
-0.710454
-0.297038
0
-0.655149
-0.207424
-0.134588
-0.000263883
6.60182
0
-1.11737e-06
0
0
-1.00749
-0.11779
-0.00703854
-0.103975
-0.952154
-0.000262765
-1.36211
0
0
-3.33829e-05
-0.00292091
0
-1.00749
-1.40683
1.49229
0
-0.400784
1.52874
-0.00146157
-0.739904
0.521252
-1.03013
-0.103712
5.94671
6.49811
0
0
0
1.52874
13.0697
0.521251
-1.00749
0
-0.00703854
0
5.94674
-0.000262765
0
-1.59231
-2.92261e-10
0
50.221
-0.0364547
-1.00761
-0.70383
5.48916
-0.000296148
0.82366
7.82092
6.60179
-0.00146046
-0.684498
5.61883
1.158
6.60036
-0.981799
-0.0439098
-1.1112
-1.31044
1.39561
0
-1.0075
0
0.519792
0
-1.11737e-06
-0.703416
0
-0.297039
-0.000262765
-0.0294161
1.23167
-1.11766e-06
0
-1.11737e-06
0.825325
0
-3.33829e-05
-0.000296148
5.59404
-0.00849899
0
14.7324
-0.0311393
-0.655082
0
6.60182
1.23024
-0.00703854
-0.703416
-0.133128
0
6.60182
-0.103712
-1.00775
0
1.52874
0
-0.00146046
-1.00749
-0.000262765
-2.42282
0.521252
0
-0.0294161
0
0
6.60182
-0.103712
0
-6.90005e-05
0
-1.00749
-0.0364547
64.0339
-1.66283
-0.95212
-0.684498
-0.103712
-0.40075
-0.133129
4.53704
-0.655082
-0.703416
1.52874
-0.105436
-3.33829e-05
-3.33829e-05
-2.92261e-10
-0.297038
-2.41432
8.13056
-0.691538
0.825325
-0.00849899
1.5217
-0.00703854
-2.92261e-10
-1.65554
0
6.60177
0
0
0
-0.0294172
-0.732832
1.52874
-0.836544
1.38831
0
5.49066
-0.103712
-0.000262765
-2.92261e-10
1.12653
0
-0.00146046
-0.40075
0
-1.76339
0.872198
0.775385
0.825292
0
-3.33829e-05
5.59433
-0.103712
0
0
-0.105206
6.60182
-0.296893
-0.656543
-0.684663
-0.0364547
6.30478
-1.36641
1.23128
-1.00749
-0.10378
-1.3585
-0.000262765
-0.0356585
-1.11737e-06
-3.33829e-05
-1.00761
-1.66283
49.5201
8.13056
-1.00775
6.30478
1.52727
-1.00075
-0.0073013
0
-1.01453
0
-1.30989
-0.0294161
6.60182
-0.000164759
-0.70383
6.30478
-1.40683
6.30478
1.52874
-1.11766e-06
-1.11766e-06
-0.00773429
-1.67107
-0.00146046
-2.92261e-10
7.39773
-0.0073013
-1.00045
-0.0294495
1.52874
-0.103712
-0.11075
-0.0294172
-0.103712
-0.0296789
-0.296893
-1.11737e-06
-0.663844
1.52874
-0.103712
-1.00752
6.60182
-2.34707
1.52874
-0.303955
-0.105172
-0.00110642
-0.703417
0
-0.00146046
-1.11737e-06
-0.00172322
6.60176
-0.655082
-2.92261e-10
-0.297038
-1.33539
-0.703416
-1.0153
-0.297038
-1.11737e-06
-0.758827
-1.0075
-0.297038
-0.00146046
5.7947
-0.103712
-0.100039
-0.000262765
-3.02247
-0.70383
-0.95212
8.13056
50.8303
1.2317
-3.33831e-05
6.57236
1.52858
-1.00898
0.837204
6.60182
0
-0.683522
8.13056
-0.00703854
-0.32715
-0.655099
0.825324
4.93925
6.49811
-0.704876
0
0
-0.703712
-3.33829e-05
-0.00052553
-0.710488
0.18916
-0.297038
0
6.20107
-0.703416
-0.0294172
-0.00146046
-2.92261e-10
0.873659
0
-0.297072
-0.103746
5.84303
0
-0.304077
-0.703416
-0.000262765
0.721613
1.52874
-0.0314017
-0.297038
-0.0364871
-1.11737e-06
6.60182
-1.0369
0.417507
-0.0364547
-0.655082
-0.00172322
0
-0.00703854
-1.00895
5.89841
-0.703416
5.19358
-0.655082
-0.00703973
-0.297038
-3.33829e-05
0.491836
13.2036
0
1.52874
-0.00703854
-0.00172322
5.48916
-0.684498
-1.00775
1.2317
50.8303
-0.00149496
-1.30453
-1.31016
1.49229
-0.703942
1.425
-0.0140782
-3.33829e-05
-1.4085
6.60182
0
-0.807128
-0.000296148
6.60179
-0.734292
-1.11737e-06
0
-1.40683
-1.00749
-2.92261e-10
-0.656543
-0.00849899
0
-0.00703854
6.60182
0
-1.1112
0.823862
-0.703416
-0.00707192
-0.133128
5.91732
1.42503
6.30478
-0.655082
-0.00146046
6.60182
-0.133128
1.52848
-1.1197
1.23167
-0.703416
-1.00749
-1.7109
-1.00895
-0.110598
-0.00110642
5.6497
-0.13383
0
-1.3585
-1.11737e-06
-0.655099
-0.297038
-0.304108
-1.00749
-0.0294161
-0.133128
-0.00146046
-1.00752
-0.103745
0.194501
-0.000263883
-0.684498
-1.69199
-1.3879
-0.703416
-0.000296148
-0.103712
6.30478
-3.33831e-05
-0.00149496
50.8303
-0.304077
-0.952154
-0.000263883
1.52874
5.89841
-1.01453
0
6.60182
-0.000262765
0
6.60156
0
-1.11737e-06
-0.00703854
0
-0.0294161
1.52728
1.5217
6.49639
-3.33829e-05
0.825325
-0.000262765
6.60182
-0.00703854
-1.00749
-0.133129
-0.103745
-0.297038
-0.00703854
6.60182
-0.297038
0.86699
-0.103712
13.2036
9.65784
1.49932
0
-2.92261e-10
-1.7109
-0.000262765
-2.92261e-10
-0.0308766
-3.33829e-05
-3.33831e-05
-0.0294172
0
-0.732832
-1.00749
-0.103712
-0.00703966
0
0
-0.703416
-0.655082
-1.36311
1.52728
14.7324
0
-0.656576
-0.703449
3.02807
-1.3585
-1.00749
-1.58708
-1.35876
0
0.82366
-0.40075
1.52727
6.57236
-1.30453
-0.304077
50.8301
6.59414
-0.000263883
-0.103712
-0.000262765
-1.66257
-1.07897
-0.655082
0
-0.299495
-0.703417
-0.710456
-0.758827
-0.00703854
-1.11173
-0.297301
6.60036
-0.0294161
-0.00146046
-3.33829e-05
-1.00749
0
-1.40683
-0.655345
0
1.52874
-0.703679
-3.33829e-05
-0.008499
-0.703417
6.49811
-1.11125
-0.103713
0
0
5.48358
0
-0.326455
-3.33829e-05
-0.103745
-0.710454
6.60182
-1.01453
-0.0294495
-0.297038
-1.11737e-06
6.60033
1.49932
-0.00146046
-0.000262765
-1.00895
0
0
-1.01453
1.48693
-0.000262765
-0.00149384
-0.134093
0
-0.00146046
6.49811
-0.000262765
-0.189202
-1.3115
0
1.49229
7.82092
-0.133129
-1.00075
1.52858
-1.31016
-0.952154
6.59414
50.2341
-0.703449
0
1.42503
-0.0294161
-0.89272
6.30475
-1.00895
-0.00692302
7.37177
-1.03691
-0.297038
0
-0.655083
0
-1.03837
0
5.94674
-0.655083
0
-2.11165
0
0
-0.732832
-0.11075
-0.0296789
-2.92261e-10
0.224214
-0.297038
-0.00146046
0
0.0594924
6.60036
0
-1.3585
-1.30453
-0.703416
0
-0.00876176
6.60179
0
6.57095
5.89134
-0.0073013
-2.92261e-10
-1.00752
0
-1.11737e-06
0
0
0
-0.95212
6.60179
5.89814
-2.92261e-10
0
0
-2.92261e-10
-0.00146046
0
-0.732832
0
-0.326455
-1.11737e-06
-0.0294161
6.60179
4.53704
-0.0073013
-1.00898
1.49229
-0.000263883
-0.000263883
-0.703449
53.8872
-0.959194
-1.00749
-0.655082
0
2.4024
-0.207425
0
-0.655082
1.49786
-0.326455
0.521252
-0.11075
-1.3585
0
0
-0.00149384
13.6212
-0.103712
5.26761
-0.103712
0
-1.00049
-0.297038
8.13056
6.60182
0
0
-1.11737e-06
-0.655082
-1.04394
-1.03837
-1.00749
0
-0.305571
-0.703416
-0.105172
-1.00749
-0.103712
0
-0.655082
-3.33829e-05
0
0.569582
5.59407
-1.7039
0
-0.703416
0
-1.00775
6.57241
-0.328212
0
-2.92261e-10
-0.981537
0
0
8.13056
-0.00703854
8.13053
-0.00703854
-0.103713
-1.11737e-06
7.12307
-0.00146046
-0.655082
0
0.837204
-0.703942
1.52874
-0.103712
0
-0.959194
49.4234
0
1.52874
0
-1.32155
5.59433
0
0
6.57241
0
-0.655345
0
-0.00146046
-0.059095
-0.662121
-1.81462
1.4165
0.873363
0
-0.0308766
1.42503
-0.710454
-1.7109
7.12306
-0.326456
1.52871
-0.00172322
1.22466
-0.655083
-1.11737e-06
-0.103745
-0.000262765
0.521252
-0.662121
6.60179
-0.684498
6.60166
-0.00703854
6.57211
-1.10417
-1.98903
-0.132333
1.5236
-1.06632
-0.807128
1.52848
-0.000296148
0
-1.00784
-0.758794
-0.952285
0
5.94674
-0.00149384
-0.297301
-0.00146046
-0.297221
5.89137
-2.92261e-10
-0.297038
-1.35853
-0.11071
-0.703417
-0.684498
-0.703416
-1.01453
6.60182
1.425
5.89841
-0.000262765
1.42503
-1.00749
0
50.8303
6.60182
-0.00292091
-0.297038
-0.703679
-0.758794
-0.00703854
-2.92261e-10
-1.00749
-0.03091
-0.00703854
0
6.60036
-0.298532
-1.11766e-06
1.52874
-1.00749
0
-0.703416
-0.00146046
-0.0294161
-0.0294829
-1.43625
6.60182
6.60182
-0.00052553
-0.656543
-0.703417
-0.00149384
0
0.576619
0
-0.000262765
1.42503
1.52874
-1.10417
-3.33829e-05
-1.1112
-1.1112
-1.1112
-0.326455
6.60179
0.818285
6.60182
-1.00775
0.512753
0
0
-0.103712
-0.00146046
-0.95212
-0.703416
-1.00749
0
6.59332
0
6.49811
6.60179
0
-0.0073013
-0.0364547
-0.297038
5.61883
1.52874
0
0
-0.0140782
-1.01453
-1.66257
-0.0294161
-0.655082
1.52874
6.60182
50.8298
0
-0.103712
1.52725
1.5217
-0.03091
-0.95212
-0.732832
-1.11737e-06
-1.1112
-3.33829e-05
-1.24942
-0.000262765
-0.655082
-0.703416
0
0
0
-1.40687
-1.11737e-06
-0.103712
0
-0.297038
-1.01453
5.59287
6.60182
8.101
-0.000262765
1.52874
1.52874
-0.298532
-0.00703854
1.52874
0
-0.000262765
6.60182
9.6593
-1.00749
-0.297038
-1.00749
-0.0294161
-1.11766e-06
-0.703416
-0.732832
0
-1.31016
-1.00191
-0.655082
-0.0073013
6.04034
-0.655345
-0.000525531
5.59433
-0.297038
-0.0364547
0
-0.103712
-0.0294161
5.63773
-0.0294161
-1.11737e-06
1.158
-0.105436
-1.30989
-0.683522
-3.33829e-05
0
-1.07897
-0.89272
0
0
-0.00292091
0
43.6106
-3.33829e-05
-0.655082
0.167526
0
-0.106312
-0.00707107
1.52874
-0.684712
6.30478
-0.00703966
-0.703416
-0.133128
-3.33831e-05
-0.103712
13.4208
-0.00703854
0
-0.00146157
0
-0.3058
-0.297038
-0.0294172
-1.30453
-0.00707304
0
8.1303
-2.00794
0
-0.655082
0
-0.655082
-0.0364558
-0.0294161
-1.11766e-06
-0.00146046
-0.703416
-0.105435
-0.133129
-0.00707304
1.52874
-0.00146157
-0.000262765
-1.00749
1.52874
-0.00703854
-0.0296789
4.89092
-0.00703854
-0.103745
-3.33829e-05
6.57214
-0.655082
-1.69199
-0.703416
-1.34104
-0.704876
0
1.2317
-2.00794
6.60036
-3.33829e-05
-0.0294161
8.13056
-1.4085
6.60182
-0.655082
6.30475
2.4024
-1.32155
-0.297038
-0.103712
-3.33829e-05
49.4234
-0.795545
0
-0.807128
1.52874
-3.33829e-05
-5.84521e-10
0
0
0
-0.703416
-0.000525531
-1.01456
7.47548
-0.105172
-0.703449
-0.297038
0
-0.00514508
8.13056
6.59478
13.2036
6.60182
-0.703416
-0.103712
-0.298499
-2.92261e-10
0
-0.000296148
1.52847
-1.7124
-0.0294161
-0.703416
-0.297038
-0.703416
-0.333493
0.873659
0.491836
5.9397
-0.703679
1.49932
-0.297301
-0.684696
-0.765793
1.52728
0
-1.01456
-1.00749
-0.105172
-1.00749
-1.0369
1.42503
-1.40683
0
1.52874
-0.00162522
0
-0.297072
-0.655345
-0.981799
-3.33829e-05
6.60182
-0.00703854
6.60182
-0.000262765
0
-1.00895
-0.207425
5.59433
-0.703679
1.52725
-0.655082
-0.795545
50.8303
-1.00749
1.52871
-0.655082
-1.00758
-0.105172
-1.11766e-06
-0.325841
-0.103712
-0.00703854
-0.703416
-0.988575
6.30478
0
4.55879
0.162908
-0.00146046
-0.0308777
6.60182
18.119
-0.703416
0
-3.33831e-05
-0.682472
0
0
-1.14062
0
-0.297038
-0.103712
-0.000262765
-1.30453
0
1.52874
0
-0.0073013
-1.11824
-0.00146046
0
0
-1.51899
-0.11075
6.60007
0
-0.00853238
0
-0.0194608
-3.33829e-05
0
-0.000263883
8.13056
0
0
-0.703416
-2.92261e-10
0.172306
-0.000262765
0.521252
-0.0439098
-2.92261e-10
-0.000164759
-0.32715
0
0
-0.299495
-0.00692302
0
0
-0.758794
1.5217
0.167526
0
-1.00749
43.7335
0
-0.70345
5.57195
-1.05583
-0.140875
-0.00149384
-1.00749
0
0
0
-0.655082
1.52708
1.52728
1.52725
0
0
-1.11737e-06
-1.11737e-06
-0.000262765
6.60179
-0.594077
0
-0.0294161
1.52874
-1.11737e-06
0.873659
0
6.57241
-0.00995945
-1.31016
4.64727
0
-0.632451
-2.92261e-10
-1.00775
-0.000262765
6.60182
-0.758794
-0.0294161
-1.00749
-0.655082
0
-0.707027
-0.00146046
-1.02987
-0.0073013
5.59433
7.79793
6.59626
-0.297301
-0.103712
-0.0294495
-1.82165
6.60182
0
0.825325
-1.1112
-0.297038
-0.70383
-0.655099
-0.807128
6.60156
-0.703417
7.37177
-0.655082
0
-0.00703854
-0.03091
0
-0.807128
1.52871
0
50.8155
-0.00703854
-0.297041
-1.00758
-0.00146046
-0.00703854
-0.710454
-0.0144936
-1.0369
-0.103712
0
-0.00703854
-0.326717
0
-1.31043
0
1.52874
-1.00749
-0.297038
0
-2.92261e-10
-0.0294065
12.1962
-0.103745
-0.760517
-0.758794
-0.11075
-1.00749
-0.059095
-1.11737e-06
6.60156
6.57241
-2.92261e-10
-0.000262765
-2.92261e-10
-0.103712
-0.00146046
-2.23474e-06
-0.00146046
0.521252
-1.00749
-0.807128
-0.110784
6.60182
-0.400814
-0.00703966
0
-0.711915
-1.00749
1.52874
0
0.526826
-0.656576
-0.00688649
-2.92261e-10
6.30478
-1.31044
-2.41432
6.30478
0.825324
-0.000296148
0
-0.710456
-1.03691
1.49786
6.57241
-2.92261e-10
-0.95212
-0.106312
1.52874
-0.655082
-0.70345
-0.00703854
50.8303
0.825325
-1.00756
8.13056
-1.11737e-06
6.60182
-0.326455
-1.11737e-06
-0.304077
-3.33829e-05
-1.00749
-0.401013
1.52698
0
-0.439124
-0.655082
0.514212
-1.66259
-0.297038
-1.11737e-06
-0.00198592
-1.11766e-06
-0.0294161
-0.00146157
-0.703416
1.52704
6.59626
-2.36599
-0.704876
-0.105152
-1.00752
-0.000209499
-0.0364547
-0.0017566
-1.00749
0
0
-0.504462
13.1749
-0.714067
0
-0.0140746
0
-0.691537
-0.95212
0
-0.0308812
-1.05584
0
-0.00703854
1.5217
-0.0144936
-0.000262299
-0.00146046
6.60182
1.39561
8.13056
-1.40683
4.93925
6.60179
-1.11737e-06
-0.758827
-0.297038
-0.326455
0
-1.00749
-0.732832
-0.00707107
-3.33829e-05
-1.00758
5.57195
-0.297041
0.825325
50.8156
1.49786
12.5486
0.604248
1.52874
-6.11761e-06
0
-0.103712
-0.704092
1.52873
2.95377
-1.00895
6.49785
-0.655082
0
5.26785
-0.304077
-0.0294161
0
-0.703416
-0.703417
-0.704876
-0.00703854
-1.1112
0.873361
-0.0294172
-0.952154
-0.103975
5.91796
-1.00749
1.22656
6.60182
1.52874
-0.297072
-0.298532
6.60182
6.60182
1.52874
-0.655082
5.94674
-0.103673
-0.000262765
-0.655082
-0.821205
0
-1.00064
-0.732866
-0.00146046
-0.000262765
-1.31157
-2.92261e-10
-1.00749
-3.33829e-05
-0.710454
0
-0.691538
6.30478
6.49811
-0.734292
-0.00703854
-0.00703854
0
0.521252
-0.655345
-0.03091
-1.11737e-06
1.52874
-5.84521e-10
-0.105172
-1.05583
-1.00758
-1.00756
1.49786
50.8303
-0.703679
6.60182
-0.103975
-1.00911
-0.0294161
-0.703416
-0.000263883
-0.703416
6.59887
1.32132
1.42503
-0.703449
-1.00749
4.89092
-0.655115
-0.304077
-0.655082
1.22467
-2.92261e-10
-0.0294161
-0.718989
-1.66257
-1.11737e-06
-0.103712
-0.297038
-0.0296789
0
-0.703416
0
-0.00146157
5.94671
-0.655082
0
0
0.491573
1.52874
-0.0308766
0
-0.0294161
0
1.12653
6.49811
-0.304077
0
-0.297564
5.59433
0
-0.0294161
-0.703416
-0.0016986
-0.297038
-0.297038
-1.0075
0.825325
1.52874
-0.704876
-1.11737e-06
0
-1.11173
-0.655083
-0.11075
0
-0.00703854
-1.1112
-0.684712
0
-1.11766e-06
-0.140875
-0.00146046
8.13056
12.5486
-0.703679
50.8303
5.5943
6.60182
-0.0294161
-3.45002e-05
-0.0294161
-2.92261e-10
0
-0.00730091
0.825292
0
2.9575
0
-0.000262765
-0.215804
0.768224
0
-1.11737e-06
1.52874
-0.103745
5.59433
-1.04394
5.30815
-2.05695
0
-0.297038
0
0
-0.655082
1.52874
0.825325
0
-0.00703854
-1.11737e-06
0
6.03459
12.6733
0
0
0
6.00775
0
-0.685993
0
-0.134602
-0.732832
0
0
1.5912
-0.704876
0
0
0
-0.00849899
-1.11766e-06
0
0
-0.0294161
-0.297301
0
-1.3585
-0.00146046
0
-3.33829e-05
6.30478
0
-0.325841
-0.00149384
-0.00703854
-1.11737e-06
0.604248
6.60182
5.5943
51.6064
0
-1.01453
-0.140168
-1.00749
-0.755998
-2.92261e-10
-0.117789
6.60182
-1.00895
-0.297038
-0.710717
-0.103712
-0.00703854
0
-0.703416
-0.703416
0
-0.0296789
-0.0297123
-0.703712
-1.30453
-1.00749
-0.103712
-0.0294829
6.57241
1.52141
-0.655083
0
-1.11737e-06
7.53649
-1.66961
-0.0784618
-0.00849899
-0.807129
-0.0294161
-0.807194
-1.11737e-06
0.521252
-0.297301
0.491836
0.825325
-0.0308766
-0.655082
-0.00146046
6.49665
-0.103712
-0.297039
-0.655082
-0.655082
-0.655149
0.519792
1.5217
-1.11766e-06
0
-1.40683
1.52728
6.60036
-1.03837
0
-0.059095
6.60036
-1.24942
-0.00703966
0
-0.103712
-1.00749
-0.710454
6.60182
1.52874
-0.103975
6.60182
0
50.8303
-0.103712
-1.66283
13.2036
-0.297039
-0.00245668
1.52871
-0.297038
-1.40709
0
-0.0294495
0
-0.298499
8.01981
-0.326455
-1.11737e-06
6.60182
6.49811
5.94674
-0.00146157
13.2036
8.13053
0.873363
0
0.152845
0
0.173365
-1.11123
-0.758794
-0.0294161
1.52728
-0.103713
0
6.27537
1.52874
-0.662121
-0.651595
0
-0.00146046
-0.656805
-0.0294161
-0.00613477
0.818402
-3.33829e-05
-0.297301
-1.00895
-1.00775
-1.11737e-06
-1.3585
-0.207424
0
-0.00703854
-0.00773429
-0.703712
-1.00749
1.5217
-0.0294161
0
0
-0.662121
-0.298532
-0.000262765
-0.703416
-0.703416
-0.00703854
0
-0.0144936
-0.326455
-6.11761e-06
-1.00911
-0.0294161
-1.01453
-0.103712
40.6765
-1.66257
-2.92261e-10
-1.30453
-0.00146157
1.52874
-0.298762
0
-0.703416
-0.655117
-1.00749
8.13056
-1.28633
1.52874
-0.0658708
-0.655115
0
-0.00849899
-0.297335
-0.326455
-0.959159
0
6.60182
-1.00749
-2.92261e-10
1.12799
-0.140167
-0.000296148
3.05748
0.472908
5.60137
-2.92261e-10
-3.33829e-05
0.818253
-0.103975
0
-0.297038
-0.000263883
0
4.88388
-0.704876
8.13056
-0.297038
-3.33829e-05
0
6.57241
-1.00749
-0.00703854
-0.134588
-1.11737e-06
-2.92261e-10
-1.67107
-3.33829e-05
-2.92261e-10
6.49639
-0.00146046
5.94674
-0.00149384
-1.81462
-1.11766e-06
-0.655082
-0.133128
-0.000525531
-0.703416
0
-1.0369
-1.11737e-06
0
-0.0294161
-3.45002e-05
-0.140168
-1.66283
-1.66257
64.0339
-1.35876
-0.00849899
-0.704879
0
0
6.60182
-0.0294161
-0.327915
0
-1.74178
-0.0294161
-0.0294172
0
1.12799
-0.298532
0
-1.00749
-2.01358
6.60182
0
-0.00149384
-0.655082
-0.000263883
6.59478
1.42357
-0.0073013
5.13961
-0.297039
-1.30453
-0.0073013
-1.11737e-06
-0.11075
0.194798
6.60182
5.86899
1.52874
0
0.521252
0
-3.33829e-05
-0.0073013
0
-1.00749
0
-0.103712
-1.30479
-0.000263883
-0.703416
-1.65554
-0.00146046
-0.00052553
-0.656543
-3.33829e-05
-3.33829e-05
-0.655083
13.6212
1.4165
1.52874
-0.703416
-3.33831e-05
-1.01456
-0.988575
0
-0.103712
-0.304077
-0.103712
-0.703416
-0.0294161
-1.00749
13.2036
-2.92261e-10
-1.35876
53.8878
-0.758827
5.59407
-1.00749
-0.105172
0
-0.0205241
-1.30456
-0.00146046
0.825324
-0.655082
1.49786
-0.0294161
-0.703416
-1.38791
-0.103712
0
7.47543
1.49916
5.46121
-2.92261e-10
0
-0.304077
0
-0.02968
-0.0141105
-0.133425
0
6.57214
-1.00752
-1.66335
0.934809
5.86899
-0.70345
-1.31157
0
-0.297038
-0.00849899
-0.000262765
-1.00045
-0.704876
0.873659
-0.00995945
1.52805
-0.103712
13.0997
6.60182
0
0
-2.92261e-10
-0.710488
-0.00849899
0.825325
-1.00749
0
-0.103712
0.873363
-1.00749
0
-0.103712
7.47548
6.30478
-0.655082
0
-3.33829e-05
-0.704092
-0.000263883
-2.92261e-10
-0.755998
-0.297039
-1.30453
-0.00849899
-0.758827
50.8303
hCovMtx
0.0472379
0.0149013
0.0126992
0.00884199
0.016556
0.01755
0.0148161
0.0138898
0.0144098
0.0139939
0.0161219
0.0191137
0.0158215
0.0148129
0.0139167
0.0136583
0.0127459
0.0162941
0.0149979
0.0140222
0.0143996
0.0139874
0.0131337
0.0128237
0.0163194
0.0159992
0.0148901
0.0143083
0.0127871
0.0148628
0.0151177
0.0181507
0.0168756
0.012771
0.0139774
0.0120711
0.0174521
0.0100896
0.0150793
0.0124254
0.0120244
0.0123096
0.0130221
0.0186193
0.0164952
0.0148417
0.012112
0.0109347
0.0141329
0.0171317
0.0163006
0.0138736
0.0147801
0.0164594
0.0148906
0.0139819
0.0156772
0.0125441
0.00800203
0.0152404
0.0149873
0.0126125
0.0106553
0.0156023
0.0155421
0.0148106
0.0124879
0.0152326
0.0124896
0.0151441
0.0164857
0.0123284
0.0149013
0.0444974
0.0186353
0.00931515
0.0189684
0.0181058
0.0222732
0.0175987
0.0166391
0.016499
0.0175255
0.0173528
0.0121115
0.0119318
0.0183934
0.0192459
0.0181504
0.0181
0.0180369
0.0133318
0.0199172
0.0173992
0.0169502
0.0185148
0.017597
0.0199582
0.0169303
0.0157111
0.0169234
0.0202814
0.0167348
0.0218333
0.0181922
0.015585
0.015586
0.0156882
0.014214
0.014816
0.0173756
0.0157306
0.0155557
0.0110326
0.0166168
0.0175236
0.0184482
0.0178275
0.0128479
0.0174232
0.017867
0.018606
0.0173409
0.0131753
0.0182562
0.0164022
0.0148137
0.0168116
0.018474
0.0165187
0.0175871
0.0187202
0.0147125
0.0152307
0.0143576
0.0212999
0.0168915
0.00988236
0.0187047
0.0202276
0.01485
0.0170385
0.0162379
0.0182891
0.0126992
0.0186353
0.046163
0.00955298
0.0168113
0.015511
0.0203004
0.017388
0.0161338
0.0142458
0.0111673
0.016058
0.0140613
0.00980735
0.0184743
0.0150851
0.0169633
0.0171524
0.0133322
0.0111516
0.0142911
0.0171002
0.0197612
0.01367
0.0177887
0.0178499
0.0170864
0.0202346
0.0152215
0.0139562
0.0170235
0.0190191
0.0154044
0.0172686
0.0119854
0.0145484
0.0159404
0.0167995
0.0172161
0.0151042
0.0152781
0.0164249
0.0177656
0.0159615
0.0140688
0.0159701
0.0125447
0.0175739
0.0159958
0.0173264
0.0122587
0.0174768
0.0162657
0.013997
0.0160644
0.0182949
0.0146757
0.0201815
0.0181976
0.0174846
0.0184723
0.0159987
0.0142027
0.0180497
0.0169408
0.0149827
0.0168102
0.0126165
0.0162475
0.0167334
0.016363
0.0184253
0.00884199
0.00931515
0.00955298
0.0406379
0.0143266
0.0123903
0.0117344
0.011034
0.0111977
0.0124265
0.014381
0.00750589
0.0115035
0.0147506
0.0139535
0.0147468
0.010491
0.0110961
0.0116087
0.0116764
0.0126169
0.0140063
0.0109633
0.0124619
0.0149317
0.00880575
0.0133598
0.0143992
0.0116634
0.011333
0.0123517
0.00961208
0.0146967
0.0102743
0.0133341
0.00991022
0.0163159
0.0130604
0.00863139
0.00980792
0.0164457
0.0146806
0.0114697
0.00826029
0.0133642
0.0126705
0.00959166
0.0137425
0.0128722
0.00921927
0.0116054
0.0118161
0.0128756
0.0131008
0.0152933
0.0135447
0.0120385
0.0116712
0.0141532
0.0127734
0.0138302
0.0115124
0.0124333
0.0129248
0.010268
0.0120766
0.0111334
0.0151746
0.0141731
0.0117693
0.0074152
0.0125136
0.016556
0.0189684
0.0168113
0.0143266
0.0510766
0.0204371
0.0187064
0.0182071
0.0161835
0.0168225
0.0153059
0.0169942
0.0152466
0.0175387
0.0174813
0.018552
0.01508
0.0171647
0.0178064
0.0132687
0.0195242
0.0129767
0.0121772
0.015936
0.0183522
0.0204041
0.0169853
0.00966069
0.0150523
0.0174303
0.0167355
0.0194166
0.0186394
0.0138651
0.016042
0.0134647
0.0188919
0.0164322
0.0153843
0.0101085
0.017306
0.0147738
0.00689366
0.0189049
0.0184288
0.02009
0.0131893
0.0178688
0.0168197
0.0186224
0.0163204
0.0160201
0.0146826
0.016681
0.0168489
0.0177586
0.0177174
0.0165996
0.0168868
0.0163654
0.0175505
0.0160545
0.0129135
0.0187899
0.0203992
0.0168708
0.013645
0.0196376
0.0147616
0.0175356
0.0164953
0.0164876
0.01755
0.0181058
0.015511
0.0123903
0.0204371
0.0452799
0.0196767
0.0178561
0.0183363
0.0169478
0.0177949
0.0182373
0.0154939
0.0172907
0.0134281
0.0170279
0.0161464
0.0188376
0.0186557
0.0127038
0.0149729
0.0185751
0.013593
0.0188169
0.0200167
0.0192026
0.0172922
0.0176899
0.015732
0.0170982
0.0169472
0.0203669
0.0210971
0.0154117
0.0156365
0.0147162
0.0183806
0.0167282
0.0134401
0.0127275
0.0181885
0.016655
0.0128502
0.0214369
0.0194457
0.0189561
0.0139102
0.0185534
0.017571
0.0190115
0.0192538
0.0165954
0.0181754
0.0164036
0.013168
0.0136192
0.0207311
0.0167664
0.0174874
0.0126557
0.0127957
0.0165401
0.0128064
0.0190963
0.0179812
0.01593
0.0145961
0.0209559
0.015779
0.0168366
0.0168553
0.017897
0.0148161
0.0222732
0.0203004
0.0117344
0.0187064
0.0196767
0.0492711
0.0203074
0.0178533
0.015793
0.017241
0.0176836
0.0146285
0.0140428
0.0191171
0.0199713
0.0176715
0.0189978
0.0195218
0.0143803
0.0210945
0.0190091
0.0192458
0.0134539
0.0207385
0.0199939
0.0177718
0.018646
0.0141577
0.0210097
0.0181854
0.0188198
0.0199071
0.015443
0.0139793
0.0166945
0.0189384
0.0203246
0.0163732
0.01644
0.0130052
0.0160415
0.0175339
0.0176522
0.0189328
0.0183684
0.0126584
0.0190732
0.0187535
0.0202375
0.0189312
0.0159022
0.0182816
0.0154435
0.0130726
0.0177701
0.0133625
0.0178566
0.0171088
0.0132417
0.00449401
0.0150703
0.0146595
0.0229823
0.0151582
0.0114169
0.0193135
0.0191821
0.0155697
0.0174331
0.0177316
0.0189516
0.0138898
0.0175987
0.017388
0.011034
0.0182071
0.0178561
0.0203074
0.0432424
0.0143159
0.0151658
0.0160167
0.0163004
0.0133778
0.0139173
0.013912
0.0184702
0.0172158
0.017481
0.018254
0.0121172
0.0191469
0.0176718
0.0182503
0.017096
0.0197249
0.0190309
0.0173373
0.0142803
0.0150222
0.0153437
0.0159122
0.0170671
0.0179368
0.0107749
0.014252
0.0143364
0.0167643
0.0152091
0.0147792
0.0149016
0.0161806
0.016939
0.0174406
0.0179937
0.0166313
0.0201232
0.0131813
0.0188394
0.0167642
0.0182128
0.017767
0.0168754
0.0165194
0.0155166
0.0163721
0.0164232
0.0129114
0.0181735
0.0167018
0.00955804
0.0171532
0.0153612
0.0132323
0.0195866
0.0175649
0.0149124
0.0176717
0.0172015
0.0159027
0.0131262
0.0179622
0.0174843
0.0144098
0.0166391
0.0161338
0.0111977
0.0161835
0.0183363
0.0178533
0.0143159
0.0467627
0.0155784
0.0182175
0.0181135
0.0157053
0.0182495
0.0200864
0.0170006
0.0127764
0.0203907
0.0170679
0.0144153
0.0196564
0.0207418
0.0186952
0.018602
0.0176306
0.0200757
0.0155682
0.0184477
0.0153467
0.0134695
0.0153929
0.0167302
0.0185988
0.0170165
0.00822921
0.0138024
0.0191277
0.0192314
0.0155218
0.017465
0.0158004
0.0155815
0.0197931
0.0184423
0.0165685
0.0183683
0.0116096
0.0184853
0.0165695
0.0189514
0.0191668
0.0130356
0.0168925
0.015117
0.0173729
0.0179591
0.0187153
0.00941256
0.0181955
0.013485
0.0163133
0.0119927
0.0112528
0.0188425
0.017155
0.0158359
0.017391
0.0187884
0.0108324
0.0188719
0.0170067
0.0177658
0.0139939
0.016499
0.0142458
0.0124265
0.0168225
0.0169478
0.015793
0.0151658
0.0155784
0.0424384
0.0182746
0.0156393
0.0153625
0.0170878
0.0165623
0.0154464
0.0142937
0.0166178
0.0164764
0.0134564
0.0131498
0.0167137
0.00945563
0.01258
0.0184217
0.0181902
0.00683678
0.0138387
0.0137581
0.0144305
0.0161448
0.0198691
0.0158119
0.0141994
0.0149595
0.0116576
0.0183892
0.0162732
0.0161418
0.0142364
0.0159365
0.0149481
0.0146803
0.0146976
0.0163076
0.0166061
0.0110505
0.0152886
0.0159193
0.0165502
0.0114813
0.0146452
0.0116332
0.0143812
0.0137215
0.0150278
0.017674
0.00947854
0.0167462
0.0163923
0.0165017
0.0157724
0.0131682
0.0167035
0.0189749
0.0148812
0.0141647
0.0175357
0.0146117
0.0155561
0.0139542
0.0161731
0.0161219
0.0175255
0.0111673
0.014381
0.0153059
0.0177949
0.017241
0.0160167
0.0182175
0.0182746
0.0432165
0.0168837
0.013435
0.0173315
0.019008
0.0173589
0.0148532
0.0183251
0.01854
0.0139056
0.0192912
0.0180818
0.0121944
0.0125791
0.0180187
0.0155119
0.0140562
0.0182077
0.0138182
0.0157961
0.0151227
0.0189438
0.0175749
0.0151286
0.00979873
0.0104765
0.0187522
0.0166016
0.0160578
0.0148732
0.01555
0.0143798
0.0152756
0.0181595
0.0167435
0.0184257
0.0118071
0.0153794
0.0166764
0.0184173
0.0167666
0.0169181
0.0166347
0.0163272
0.0160928
0.0157743
0.0183483
0.00928719
0.0156137
0.0162914
0.0176928
0.0152151
0.0132049
0.0191252
0.0185464
0.0157196
0.0163948
0.0191822
0.0138923
0.0164799
0.0148684
0.016205
0.0191137
0.0173528
0.016058
0.00750589
0.0169942
0.0182373
0.0176836
0.0163004
0.0181135
0.0156393
0.0168837
0.047977
0.0155146
0.0147658
0.0194806
0.0127529
0.0165831
0.0186361
0.0186606
0.0168923
0.0193522
0.0177415
0.0175012
0.0155453
0.0178884
0.0200449
0.0152166
0.0162293
0.0143289
0.0174322
0.0154655
0.0196689
0.01934
0.0147832
0.0135888
0.0130239
0.0175915
0.0161989
0.01481
0.0162103
0.016811
0.0156119
0.0119422
0.0196998
0.017491
0.0175216
0.00971761
0.019194
0.0162052
0.0188334
0.0138625
0.0160376
0.0161291
0.0177281
0.018248
0.015687
0.0171779
0.0147532
0.0128673
0.0166177
0.0152587
0.0164529
0.00581605
0.0188419
0.0183624
0.0154012
0.0145324
0.0187783
0.0109859
0.017548
0.0156899
0.0178325
0.0158215
0.0121115
0.0140613
0.0115035
0.0152466
0.0154939
0.0146285
0.0133778
0.0157053
0.0153625
0.013435
0.0155146
0.0405544
0.0153981
0.0157415
0.0149428
0.012836
0.0161784
0.0130368
0.0127415
0.0112595
0.0152693
0.0140321
0.0150849
0.0163157
0.0152791
0.0139098
0.0108441
0.0130615
0.0139258
0.0171374
0.0149949
0.0146472
0.0134916
0.0141284
0.0108602
0.0174382
0.0145508
0.0143702
0.00884314
0.0147341
0.0152799
0.014834
0.0148147
0.0150819
0.0161439
0.0118714
0.0144271
0.0168043
0.0122239
0.0141086
0.00698249
0.0151096
0.00977008
0.0155961
0.0158082
0.0134188
0.0137843
0.0161699
0.0151297
0.0146981
0.0129185
0.0121521
0.0148948
0.0162988
0.012961
0.0121976
0.0162251
0.00994361
0.0144625
0.0164494
0.0149244
0.0148129
0.0119318
0.00980735
0.0147506
0.0175387
0.0172907
0.0140428
0.0139173
0.0182495
0.0170878
0.0173315
0.0147658
0.0153981
0.0379065
0.0158942
0.0163704
0.0110544
0.0170468
0.0165541
0.0124333
0.0173276
0.015804
0.0137884
0.0150594
0.0169052
0.016303
0.0141743
0.0174862
0.0140796
0.0148295
0.015205
0.0136592
0.0166167
0.0144446
0.0137759
0.0140408
0.0184187
0.0158185
0.0141953
0.0125368
0.0139496
0.015718
0.0148511
0.0180215
0.0162549
0.0167494
0.0115204
0.0146961
0.0155742
0.0163271
0.0160259
0.010428
0.0149459
0.013717
0.0161712
0.0149124
0.0182229
0.0119432
0.0153516
0.0154166
0.0175658
0.0137105
0.0123833
0.0158338
0.016742
0.0171478
0.0104857
0.0185639
0.0110317
0.0151125
0.0149078
0.0141843
0.0139167
0.0183934
0.0184743
0.0139535
0.0174813
0.0134281
0.0191171
0.013912
0.0200864
0.0165623
0.019008
0.0194806
0.0157415
0.0158942
0.0472734
0.0175934
0.017297
0.0204632
0.0189093
0.0144878
0.0210725
0.0192046
0.0197723
0.0175562
0.0181257
0.0212134
0.0176082
0.0193687
0.015362
0.0182369
0.0165873
0.0177543
0.0190978
0.0177256
0.010566
0.013484
0.0209936
0.0184939
0.0141844
0.0180197
0.0177999
0.0179031
0.0204011
0.0173095
0.0136613
0.0195792
0.00626269
0.020414
0.0164049
0.0188553
0.0138382
0.0189835
0.0146819
0.0172712
0.0189785
0.019739
0.0178257
0.0166562
0.0197312
0.0197102
0.0183833
0.0173031
0.0144347
0.0219123
0.0196887
0.0168938
0.018409
0.0198186
0.0171076
0.0199532
0.0166145
0.0182466
0.0136583
0.0192459
0.0150851
0.0147468
0.018552
0.0170279
0.0199713
0.0184702
0.0170006
0.0154464
0.0173589
0.0127529
0.0149428
0.0163704
0.0175934
0.0456139
0.0141296
0.0145073
0.0167033
0.0125186
0.0196738
0.0185268
0.0167308
0.0172945
0.0195576
0.0142213
0.0182649
0.0178046
0.0177916
0.0201699
0.0146964
0.0158261
0.0186267
0.0151719
0.0152582
0.0156717
0.0171002
0.0164038
0.0149191
0.014473
0.0168575
0.0171079
0.016272
0.0136734
0.0171531
0.0172674
0.0137043
0.0179456
0.0180177
0.0180323
0.0180707
0.0143085
0.0177111
0.0154777
0.0163576
0.0169573
0.0165126
0.0177742
0.0183893
0.0152896
0.0164659
0.0153157
0.014525
0.0176472
0.0174229
0.015018
0.0124016
0.0198661
0.00679582
0.016113
0.0185164
0.0140892
0.0127459
0.0181504
0.0169633
0.010491
0.01508
0.0161464
0.0176715
0.0172158
0.0127764
0.0142937
0.0148532
0.0165831
0.012836
0.0110544
0.017297
0.0141296
0.0423293
0.017656
0.0178225
0.0118784
0.0177556
0.0162324
0.0158949
0.0179475
0.0150029
0.0189928
0.0152444
0.0167475
0.0167601
0.0179702
0.0141651
0.0165726
0.0167161
0.0135892
0.0128568
0.0154205
0.0154964
0.0167904
0.0147382
0.0150876
0.0141952
0.0156115
0.0178737
0.0160407
0.0117294
0.0172458
0.0120602
0.0162383
0.0114724
0.016387
0.0167922
0.0156895
0.0166319
0.0161516
0.0141308
0.0120545
0.0166587
0.0138501
0.0166517
0.0179908
0.0159021
0.0117316
0.0133654
0.0154388
0.0161507
0.0132695
0.0199377
0.0192725
0.0100334
0.0152269
0.0115644
0.0156969
0.0162941
0.0181
0.0171524
0.0110961
0.0171647
0.0188376
0.0189978
0.017481
0.0203907
0.0166178
0.0183251
0.0186361
0.0161784
0.0170468
0.0204632
0.0145073
0.017656
0.042338
0.0176301
0.0150032
0.0189279
0.0207548
0.0191936
0.0199201
0.0145508
0.02033
0.0173024
0.0182216
0.015376
0.0174135
0.0177193
0.0161567
0.0186245
0.0185643
0.00659386
0.0155779
0.0209445
0.0188463
0.0184359
0.0173139
0.0130991
0.0137544
0.0209253
0.0217453
0.0179239
0.0207093
0.0134164
0.0190889
0.0186299
0.020143
0.0204053
0.0188358
0.0177509
0.0157178
0.017587
0.0197075
0.0188374
0.0157465
0.0187078
0.0193566
0.0173785
0.0166744
0.0141797
0.0214941
0.0190979
0.016343
0.0177538
0.0190148
0.0170244
0.0185392
0.0184346
0.015914
0.0149979
0.0180369
0.0133322
0.0116087
0.0178064
0.0186557
0.0195218
0.018254
0.0170679
0.0164764
0.01854
0.0186606
0.0130368
0.0165541
0.0189093
0.0167033
0.0178225
0.0176301
0.0509611
0.0129163
0.0212521
0.012061
0.0187174
0.0127521
0.0191804
0.020339
0.0174368
0.020488
0.0115548
0.0174845
0.0164519
0.0187859
0.0184284
0.0103431
0.0156202
0.0141676
0.0188389
0.0172842
0.0157699
0.0152986
0.0163044
0.0168301
0.0170422
0.019454
0.0188163
0.0193705
0.00820477
0.0172664
0.01573
0.0174664
0.0181979
0.0167941
0.0171225
0.0172468
0.016307
0.0115779
0.0206313
0.0149831
0.0172237
0.0179075
0.01855
0.0159352
0.0120385
0.0213983
0.0175411
0.0156467
0.0169447
0.0207073
0.0148195
0.0133135
0.0162943
0.0166865
0.0140222
0.0133318
0.0111516
0.0116764
0.0132687
0.0127038
0.0143803
0.0121172
0.0144153
0.0134564
0.0139056
0.0168923
0.0127415
0.0124333
0.0144878
0.0125186
0.0118784
0.0150032
0.0129163
0.0433231
0.0166355
0.0132114
0.0132686
0.0112373
0.0148353
0.013562
0.00735069
0.0123807
0.011133
0.0128416
0.0122919
0.0114281
0.0150107
0.012682
0.0122974
0.0103159
0.0122996
0.0139071
0.012087
0.0130439
0.0136565
0.0133873
0.0124453
0.0135861
0.0136802
0.0123491
0.00926122
0.0170745
0.0134557
0.0147983
0.0134971
0.0125635
0.0128423
0.0080927
0.0134105
0.0122777
0.0130634
0.00548247
0.0134979
0.0120219
0.0108374
0.0111909
0.0060357
0.0156859
0.0116055
0.0115534
0.0129968
0.00979044
0.0114156
0.0138314
0.0146328
0.0135813
0.0143996
0.0199172
0.0142911
0.0126169
0.0195242
0.0149729
0.0210945
0.0191469
0.0196564
0.0131498
0.0192912
0.0193522
0.0112595
0.0173276
0.0210725
0.0196738
0.0177556
0.0189279
0.0212521
0.0166355
0.0495157
0.0186297
0.020186
0.0182484
0.0198525
0.0212414
0.0179653
0.0208118
0.0164653
0.0206505
0.0132864
0.0195508
0.0217748
0.0164558
0.014668
0.0164266
0.0150647
0.018298
0.0160787
0.017202
0.0175575
0.0159046
0.0194482
0.0196591
0.01848
0.0203357
0.0117804
0.0191356
0.0174525
0.0195287
0.0204147
0.018554
0.0131837
0.0161514
0.0178556
0.0145413
0.0202543
0.0105489
0.0190328
0.0185155
0.0178848
0.0166612
0.00898139
0.0212769
0.0193716
0.0171007
0.0175789
0.0207753
0.0153195
0.018532
0.0177907
0.0187805
0.0139874
0.0173992
0.0171002
0.0140063
0.0129767
0.0185751
0.0190091
0.0176718
0.0207418
0.0167137
0.0180818
0.0177415
0.0152693
0.015804
0.0192046
0.0185268
0.0162324
0.0207548
0.012061
0.0132114
0.0186297
0.0488474
0.0159258
0.019567
0.0189952
0.0171578
0.014168
0.0195391
0.0166906
0.0171963
0.0169426
0.0178064
0.0195058
0.0186257
0.00978043
0.0167069
0.0206073
0.0184132
0.0170578
0.016926
0.0169765
0.0172162
0.0196445
0.0178169
0.0175034
0.017968
0.0144049
0.0198481
0.0173685
0.0202774
0.0202595
0.0169528
0.0192213
0.013873
0.0176819
0.0198339
0.0188223
0.0169856
0.0195106
0.017541
0.016845
0.0167208
0.0139205
0.0191877
0.0192033
0.0157159
0.0169628
0.02094
0.0167283
0.0179151
0.0137164
0.0178823
0.0131337
0.0169502
0.0197612
0.0109633
0.0121772
0.013593
0.0192458
0.0182503
0.0186952
0.00945563
0.0121944
0.0175012
0.0140321
0.0137884
0.0197723
0.0167308
0.0158949
0.0191936
0.0187174
0.0132686
0.020186
0.0159258
0.0455782
0.0145372
0.0168907
0.0186134
0.0189436
0.0187332
0.0156154
0.016578
0.0156398
0.0124347
0.0177307
0.0171507
0.0126031
0.0162223
0.0174621
0.016489
0.0150764
0.0174377
0.014845
0.0166451
0.0211437
0.0154501
0.0160661
0.018753
0.0118393
0.0188442
0.0166091
0.0182051
0.0189296
0.0169688
0.0170851
0.012057
0.017958
0.0184566
0.017321
0.0176393
0.0180496
0.0169111
0.0169886
0.0145545
0.0124435
0.019047
0.0136655
0.0145317
0.0148755
0.0171113
0.0164828
0.0168264
0.0178491
0.0175533
0.0128237
0.0185148
0.01367
0.0124619
0.015936
0.0188169
0.0134539
0.017096
0.018602
0.01258
0.0125791
0.0155453
0.0150849
0.0150594
0.0175562
0.0172945
0.0179475
0.0199201
0.0127521
0.0112373
0.0182484
0.019567
0.0145372
0.0471667
0.0144547
0.0194411
0.0176546
0.0193441
0.0172188
0.0176125
0.0172002
0.0182621
0.0185432
0.016187
0.0144638
0.0169214
0.0165159
0.0180283
0.0159475
0.0163311
0.018424
0.0170507
0.0202486
0.0151876
0.0156686
0.0199038
0.0135219
0.0172157
0.0159566
0.0128436
0.0192495
0.0164822
0.0163904
0.0162043
0.0151288
0.018149
0.01884
0.0180371
0.0188243
0.0192084
0.0194895
0.0165706
0.0147768
0.0205362
0.0170602
0.0119687
0.0182844
0.0197615
0.0167829
0.0172139
0.0168647
0.0186447
0.0163194
0.017597
0.0177887
0.0149317
0.0183522
0.0200167
0.0207385
0.0197249
0.0176306
0.0184217
0.0180187
0.0178884
0.0163157
0.0169052
0.0181257
0.0195576
0.0150029
0.0145508
0.0191804
0.0148353
0.0198525
0.0189952
0.0168907
0.0144547
0.050765
0.0190648
0.0150726
0.0201903
0.015331
0.0169825
0.0199535
0.0208966
0.0207885
0.0150173
0.0168235
0.0109127
0.0185806
0.0180581
0.0165097
0.0165051
0.0193628
0.0172977
0.016033
0.0176872
0.0186972
0.0177214
0.00973623
0.0185507
0.018045
0.0196779
0.0170875
0.0179139
0.0156646
0.0165378
0.0177087
0.0177367
0.0133326
0.0172808
0.0191647
0.0125737
0.0174439
0.0166361
0.0134978
0.0200622
0.0190427
0.0167184
0.0142177
0.0154638
0.0165748
0.0156864
0.0158947
0.0197752
0.0159992
0.0199582
0.0178499
0.00880575
0.0204041
0.0192026
0.0199939
0.0190309
0.0200757
0.0181902
0.0155119
0.0200449
0.0152791
0.016303
0.0212134
0.0142213
0.0189928
0.02033
0.020339
0.013562
0.0212414
0.0171578
0.0186134
0.0194411
0.0190648
0.0469832
0.014932
0.0179272
0.0155073
0.0181891
0.0178865
0.0205183
0.0190843
0.0161744
0.0157532
0.0151384
0.0193149
0.0191426
0.0176035
0.0173043
0.0178733
0.0156319
0.0202274
0.0200552
0.0181851
0.0221906
0.0129739
0.0169671
0.0175734
0.0195337
0.0170299
0.0188374
0.0142259
0.0180842
0.0141877
0.0192681
0.0193072
0.0161925
0.01828
0.0200028
0.0179902
0.0130062
0.0148052
0.0209217
0.0209984
0.0159011
0.0193409
0.0206382
0.017544
0.0192602
0.0183437
0.0191792
0.0148901
0.0169303
0.0170864
0.0133598
0.0169853
0.0172922
0.0177718
0.0173373
0.0155682
0.00683678
0.0140562
0.0152166
0.0139098
0.0141743
0.0176082
0.0182649
0.0152444
0.0173024
0.0174368
0.00735069
0.0179653
0.014168
0.0189436
0.0176546
0.0150726
0.014932
0.0439355
0.0182603
0.0146312
0.0158643
0.01838
0.0173159
0.0180282
0.0147001
0.0132115
0.0151341
0.0191273
0.0156368
0.0152502
0.0155818
0.0169429
0.0182437
0.0173931
0.0183203
0.0184529
0.0173387
0.014399
0.017796
0.0172349
0.0176679
0.0186999
0.016192
0.0172142
0.0160575
0.01892
0.018141
0.0129404
0.0199278
0.018291
0.0161066
0.0167954
0.0158924
0.0136506
0.0167643
0.0139654
0.0144964
0.0149598
0.0186482
0.016488
0.0141146
0.0174434
0.0124921
0.0143083
0.0157111
0.0202346
0.0143992
0.00966069
0.0176899
0.018646
0.0142803
0.0184477
0.0138387
0.0182077
0.0162293
0.0108441
0.0174862
0.0193687
0.0178046
0.0167475
0.0182216
0.020488
0.0123807
0.0208118
0.0195391
0.0187332
0.0193441
0.0201903
0.0179272
0.0182603
0.0480743
0.0157403
0.0170639
0.0185075
0.0207475
0.0182899
0.0167375
0.0108868
0.015657
0.0194333
0.0181094
0.0181125
0.016912
0.0173157
0.0167749
0.0202013
0.018057
0.0180372
0.0149383
0.0118888
0.0181299
0.0141726
0.0188943
0.0177005
0.0192586
0.0178041
0.016613
0.0165786
0.0172124
0.0203103
0.0180926
0.0195357
0.0197206
0.0221263
0.0165496
0.0138893
0.0206038
0.0146097
0.0171326
0.017282
0.0192009
0.016445
0.0174037
0.0163593
0.0190084
0.0127871
0.0169234
0.0152215
0.0116634
0.0150523
0.015732
0.0141577
0.0150222
0.0153467
0.0137581
0.0138182
0.0143289
0.0130615
0.0140796
0.015362
0.0177916
0.0167601
0.015376
0.0115548
0.011133
0.0164653
0.0166906
0.0156154
0.0172188
0.015331
0.0155073
0.0146312
0.0157403
0.041235
0.0166584
0.00955815
0.0152291
0.0172453
0.0124185
0.0133196
0.0121897
0.0148782
0.0107406
0.0129432
0.0146818
0.0152407
0.0146376
0.0147535
0.0144651
0.0118794
0.0123737
0.012149
0.0153699
0.0144977
0.0162907
0.0163752
0.013624
0.0148119
0.0139636
0.0151353
0.0141455
0.0172842
0.0136412
0.0165695
0.0158824
0.0177056
0.0148228
0.0114353
0.00897103
0.0156487
0.0136532
0.0112709
0.0177666
0.00811704
0.0148381
0.0132762
0.01636
0.0148628
0.0202814
0.0139562
0.011333
0.0174303
0.0170982
0.0210097
0.0153437
0.0134695
0.0144305
0.0157961
0.0174322
0.0139258
0.0148295
0.0182369
0.0201699
0.0179702
0.0174135
0.0174845
0.0128416
0.0206505
0.0171963
0.016578
0.0176125
0.0169825
0.0181891
0.0158643
0.0170639
0.0166584
0.0438478
0.011561
0.0192443
0.0194603
0.0163107
0.0145136
0.0149214
0.0135433
0.0138078
0.0152095
0.014376
0.0154845
0.0104679
0.016558
0.0171633
0.0163666
0.0169346
0.0126583
0.0174601
0.0160112
0.0170879
0.0169562
0.0153624
0.0168384
0.0154524
0.0148209
0.0158054
0.0178397
0.0178812
0.0163706
0.0185581
0.0129467
0.0164158
0.0130308
0.0202229
0.0187089
0.0141821
0.0109433
0.0191808
0.0124005
0.0171109
0.0159952
0.0168773
0.0151177
0.0167348
0.0170235
0.0123517
0.0167355
0.0169472
0.0181854
0.0159122
0.0153929
0.0161448
0.0151227
0.0154655
0.0171374
0.015205
0.0165873
0.0146964
0.0141651
0.0177193
0.0164519
0.0122919
0.0132864
0.0169426
0.0156398
0.0172002
0.0199535
0.0178865
0.01838
0.0185075
0.00955815
0.011561
0.0460773
0.0177151
0.0108639
0.0144995
0.0142905
0.0153304
0.017416
0.0163945
0.0173245
0.014052
0.016808
0.0170149
0.0138939
0.0178086
0.0175596
0.0174024
0.0127783
0.012041
0.0181104
0.017359
0.0165974
0.0141184
0.0153645
0.0148494
0.0158448
0.0181535
0.0148913
0.0190922
0.0188002
0.0160578
0.0164067
0.0152734
0.0160695
0.0179949
0.0142624
0.0139007
0.0149801
0.0179314
0.0184475
0.0154675
0.0180681
0.0131052
0.0181507
0.0218333
0.0190191
0.00961208
0.0194166
0.0203669
0.0188198
0.0170671
0.0167302
0.0198691
0.0189438
0.0196689
0.0149949
0.0136592
0.0177543
0.0158261
0.0165726
0.0161567
0.0187859
0.0114281
0.0195508
0.0178064
0.0124347
0.0182621
0.0208966
0.0205183
0.0173159
0.0207475
0.0152291
0.0192443
0.0177151
0.0509782
0.0184825
0.0166611
0.0168564
0.0130335
0.0139636
0.0185584
0.0212589
0.0157987
0.0204231
0.0110834
0.0173469
0.019297
0.0207323
0.017361
0.0139446
0.0185056
0.0191369
0.0204028
0.0167381
0.0192608
0.0161958
0.0199038
0.0142917
0.0179785
0.0183345
0.0182019
0.0195721
0.0193354
0.0197125
0.0194222
0.0139677
0.0202583
0.0210678
0.0161096
0.016987
0.0196397
0.0184435
0.0178129
0.0131409
0.0203445
0.0168756
0.0181922
0.0154044
0.0146967
0.0186394
0.0210971
0.0199071
0.0179368
0.0185988
0.0158119
0.0175749
0.01934
0.0146472
0.0166167
0.0190978
0.0186267
0.0167161
0.0186245
0.0184284
0.0150107
0.0217748
0.0195058
0.0177307
0.0185432
0.0207885
0.0190843
0.0180282
0.0182899
0.0172453
0.0194603
0.0108639
0.0184825
0.0477593
0.0157685
0.0151385
0.0164853
0.0194076
0.0170321
0.00750338
0.0185848
0.0185744
0.0182603
0.0130515
0.0193426
0.0191248
0.0172036
0.0125989
0.02014
0.0185532
0.0160815
0.0195219
0.0158977
0.0174576
0.0140591
0.0198609
0.0172306
0.0178491
0.0155528
0.0153296
0.016433
0.0165117
0.016045
0.00787926
0.0189781
0.0184464
0.0164965
0.0157683
0.0208109
0.0158806
0.0180999
0.0150954
0.019702
0.012771
0.015585
0.0172686
0.0102743
0.0138651
0.0154117
0.015443
0.0107749
0.0170165
0.0141994
0.0151286
0.0147832
0.0134916
0.0144446
0.0177256
0.0151719
0.0135892
0.0185643
0.0103431
0.012682
0.0164558
0.0186257
0.0171507
0.016187
0.0150173
0.0161744
0.0147001
0.0167375
0.0124185
0.0163107
0.0144995
0.0166611
0.0157685
0.0435535
0.0117527
0.0147674
0.0167979
0.0157127
0.015788
0.0151926
0.0140245
0.0115517
0.0203789
0.0168254
0.012328
0.0107142
0.0150752
0.0174372
0.0161246
0.0178224
0.0173478
0.0181766
0.0165564
0.0118748
0.0149017
0.0158466
0.01938
0.0137519
0.0171846
0.0171934
0.0151446
0.0158983
0.0142273
0.0184857
0.0173225
0.0140227
0.012011
0.0163403
0.0145354
0.0169586
0.0154121
0.015524
0.0139774
0.015586
0.0119854
0.0133341
0.016042
0.0156365
0.0139793
0.014252
0.00822921
0.0149595
0.00979873
0.0135888
0.0141284
0.0137759
0.010566
0.0152582
0.0128568
0.00659386
0.0156202
0.0122974
0.014668
0.00978043
0.0126031
0.0144638
0.0168235
0.0157532
0.0132115
0.0108868
0.0133196
0.0145136
0.0142905
0.0168564
0.0151385
0.0117527
0.0418413
0.0115165
0.0151537
0.0132085
0.011538
0.0114722
0.0181683
0.0143414
0.0120143
0.0147678
0.0152552
0.0141376
0.0114121
0.0138347
0.014454
0.0106624
0.0137981
0.012204
0.0129682
0.0129013
0.0124141
0.00997571
0.0150987
0.0147252
0.0141625
0.0152057
0.0139659
0.013325
0.0127846
0.0157151
0.0164684
0.00833259
0.011096
0.0163289
0.0147696
0.0122939
0.0130799
0.0142154
0.0120711
0.0156882
0.0145484
0.00991022
0.0134647
0.0147162
0.0166945
0.0143364
0.0138024
0.0116576
0.0104765
0.0130239
0.0108602
0.0140408
0.013484
0.0156717
0.0154205
0.0155779
0.0141676
0.0103159
0.0164266
0.0167069
0.0162223
0.0169214
0.0109127
0.0151384
0.0151341
0.015657
0.0121897
0.0149214
0.0153304
0.0130335
0.0164853
0.0147674
0.0115165
0.0429359
0.0140391
0.0155219
0.0136438
0.0139492
0.0119859
0.0165227
0.0174141
0.0147469
0.0136805
0.0156171
0.0118515
0.0119047
0.0161072
0.0155005
0.0177422
0.00629229
0.0169283
0.0126702
0.0138968
0.0140354
0.015636
0.0153354
0.0144262
0.0155886
0.0130717
0.0100019
0.011687
0.0152532
0.0134095
0.0128852
0.0164314
0.0171938
0.013976
0.0126479
0.0153281
0.0138908
0.0174521
0.014214
0.0159404
0.0163159
0.0188919
0.0183806
0.0189384
0.0167643
0.0191277
0.0183892
0.0187522
0.0175915
0.0174382
0.0184187
0.0209936
0.0171002
0.0154964
0.0209445
0.0188389
0.0122996
0.0150647
0.0206073
0.0174621
0.0165159
0.0185806
0.0193149
0.0191273
0.0194333
0.0148782
0.0135433
0.017416
0.0139636
0.0194076
0.0167979
0.0151537
0.0140391
0.0507145
0.0198067
0.0179082
0.0154932
0.0192072
0.0190751
0.0190257
0.0184814
0.0217172
0.0188783
0.0136735
0.020273
0.0188666
0.018647
0.0196347
0.0170967
0.020375
0.016221
0.0187043
0.0194548
0.0170598
0.014463
0.0145953
0.0198648
0.0200298
0.0134121
0.0159472
0.0192523
0.0215492
0.0164552
0.0159171
0.0207221
0.0178942
0.017508
0.0156428
0.0178202
0.0100896
0.014816
0.0167995
0.0130604
0.0164322
0.0167282
0.0203246
0.0152091
0.0192314
0.0162732
0.0166016
0.0161989
0.0145508
0.0158185
0.0184939
0.0164038
0.0167904
0.0188463
0.0172842
0.0139071
0.018298
0.0184132
0.016489
0.0180283
0.0180581
0.0191426
0.0156368
0.0181094
0.0107406
0.0138078
0.0163945
0.0185584
0.0170321
0.0157127
0.0132085
0.0155219
0.0198067
0.0429207
0.0159979
0.0160541
0.0161624
0.0165197
0.01873
0.0134782
0.0158796
0.0184095
0.0117361
0.0174938
0.0169286
0.0175276
0.018177
0.0167962
0.0163728
0.0149386
0.0153051
0.0171663
0.0135478
0.0143276
0.0177067
0.0161307
0.0119075
0.0114313
0.0141074
0.021622
0.0178838
0.0141278
0.0191368
0.017224
0.0157303
0.0131159
0.0150732
0.0190131
0.0150793
0.0173756
0.0172161
0.00863139
0.0153843
0.0134401
0.0163732
0.0147792
0.0155218
0.0161418
0.0160578
0.01481
0.0143702
0.0141953
0.0141844
0.0149191
0.0147382
0.0184359
0.0157699
0.012087
0.0160787
0.0170578
0.0150764
0.0159475
0.0165097
0.0176035
0.0152502
0.0181125
0.0129432
0.0152095
0.0173245
0.0212589
0.00750338
0.015788
0.011538
0.0136438
0.0179082
0.0159979
0.0445691
0.0139934
0.0121754
0.0106935
0.0201494
0.0135449
0.016989
0.0167115
0.0126105
0.0165158
0.0162905
0.0186324
0.0162348
0.0160688
0.0159965
0.0150571
0.0109533
0.0172239
0.0160967
0.0150364
0.0179772
0.0183609
0.0174156
0.0155463
0.0142212
0.0181216
0.0166844
0.0117431
0.0161048
0.0161027
0.0148738
0.0155426
0.0155214
0.0164169
0.0124254
0.0157306
0.0151042
0.00980792
0.0101085
0.0127275
0.01644
0.0149016
0.017465
0.0142364
0.0148732
0.0162103
0.00884314
0.0125368
0.0180197
0.014473
0.0150876
0.0173139
0.0152986
0.0130439
0.017202
0.016926
0.0174377
0.0163311
0.0165051
0.0173043
0.0155818
0.016912
0.0146818
0.014376
0.014052
0.0157987
0.0185848
0.0151926
0.0114722
0.0139492
0.0154932
0.0160541
0.0139934
0.0411949
0.0142064
0.0140753
0.0161621
0.0126371
0.0148132
0.0117907
0.00765229
0.0163775
0.0142744
0.0161703
0.0168627
0.0145054
0.0108876
0.0136236
0.0151288
0.0132315
0.0129091
0.0118307
0.0161368
0.0141648
0.0141504
0.0138211
0.00979649
0.0166971
0.0148213
0.0118229
0.0146775
0.0133666
0.0146987
0.0155566
0.0139785
0.0156008
0.0120244
0.0155557
0.0152781
0.0164457
0.017306
0.0181885
0.0130052
0.0161806
0.0158004
0.0159365
0.01555
0.016811
0.0147341
0.0139496
0.0177999
0.0168575
0.0141952
0.0130991
0.0163044
0.0136565
0.0175575
0.0169765
0.014845
0.018424
0.0193628
0.0178733
0.0169429
0.0173157
0.0152407
0.0154845
0.016808
0.0204231
0.0185744
0.0140245
0.0181683
0.0119859
0.0192072
0.0161624
0.0121754
0.0142064
0.0437697
0.0180493
0.015803
0.0169635
0.018394
0.0181955
0.0124983
0.0189335
0.0134862
0.010155
0.0153493
0.0178421
0.0150585
0.015779
0.0133972
0.0177477
0.0134487
0.0164063
0.0197515
0.0179262
0.0193251
0.0168098
0.0137022
0.0177918
0.019534
0.0149897
0.014178
0.017725
0.0177695
0.0157777
0.0152918
0.0168772
0.0123096
0.0110326
0.0164249
0.0146806
0.0147738
0.016655
0.0160415
0.016939
0.0155815
0.0149481
0.0143798
0.0156119
0.0152799
0.015718
0.0179031
0.0171079
0.0156115
0.0137544
0.0168301
0.0133873
0.0159046
0.0172162
0.0166451
0.0170507
0.0172977
0.0156319
0.0182437
0.0167749
0.0146376
0.0104679
0.0170149
0.0110834
0.0182603
0.0115517
0.0143414
0.0165227
0.0190751
0.0165197
0.0106935
0.0140753
0.0180493
0.0509674
0.0172639
0.0168877
0.0126672
0.0177547
0.0114633
0.0179186
0.0147537
0.0152938
0.0176002
0.0164626
0.0181863
0.0135452
0.0165139
0.0164375
0.0149026
0.0170148
0.0175735
0.0154928
0.0165067
0.0170879
0.0144633
0.0163021
0.0158967
0.0152015
0.0148927
0.0172088
0.0165175
0.0118236
0.0156247
0.0144872
0.0130221
0.0166168
0.0177656
0.0114697
0.00689366
0.0128502
0.0175339
0.0174406
0.0197931
0.0146803
0.0152756
0.0119422
0.014834
0.0148511
0.0204011
0.016272
0.0178737
0.0209253
0.0170422
0.0124453
0.0194482
0.0196445
0.0211437
0.0202486
0.016033
0.0202274
0.0173931
0.0202013
0.0147535
0.016558
0.0138939
0.0173469
0.0130515
0.0203789
0.0120143
0.0174141
0.0190257
0.01873
0.0201494
0.0161621
0.015803
0.0172639
0.0507485
0.0185448
0.0151214
0.0206964
0.014824
0.0192201
0.0170841
0.0172653
0.0213787
0.0203566
0.0193382
0.0161636
0.0160346
0.0192723
0.0181599
0.0151921
0.0183925
0.0189879
0.0181829
0.012225
0.0172984
0.0204711
0.0183318
0.0152661
0.0203185
0.0174104
0.0179008
0.0172351
0.0179188
0.0178142
0.0186193
0.0175236
0.0159615
0.00826029
0.0189049
0.0214369
0.0176522
0.0179937
0.0184423
0.0146976
0.0181595
0.0196998
0.0148147
0.0180215
0.0173095
0.0136734
0.0160407
0.0217453
0.019454
0.0135861
0.0196591
0.0178169
0.0154501
0.0151876
0.0176872
0.0200552
0.0183203
0.018057
0.0144651
0.0171633
0.0178086
0.019297
0.0193426
0.0168254
0.0147678
0.0147469
0.0184814
0.0134782
0.0135449
0.0126371
0.0169635
0.0168877
0.0185448
0.0469863
0.0191382
0.0197182
0.0139607
0.0173847
0.0173003
0.0193545
0.0205565
0.0188925
0.0172581
0.0159659
0.0163931
0.0168047
0.0205114
0.0165295
0.0175781
0.0184879
0.0178013
0.0170527
0.0130339
0.0187757
0.0194387
0.0175434
0.0148678
0.0194296
0.0176581
0.017432
0.0194292
0.01068
0.0164952
0.0184482
0.0140688
0.0133642
0.0184288
0.0194457
0.0189328
0.0166313
0.0165685
0.0163076
0.0167435
0.017491
0.0150819
0.0162549
0.0136613
0.0171531
0.0117294
0.0179239
0.0188163
0.0136802
0.01848
0.0175034
0.0160661
0.0156686
0.0186972
0.0181851
0.0184529
0.0180372
0.0118794
0.0163666
0.0175596
0.0207323
0.0191248
0.012328
0.0152552
0.0136805
0.0217172
0.0158796
0.016989
0.0148132
0.018394
0.0126672
0.0151214
0.0191382
0.0446201
0.0177181
0.0145793
0.0172599
0.0198693
0.0183729
0.0181369
0.0146634
0.0163278
0.0154496
0.0144384
0.0172766
0.0171621
0.0161304
0.0189666
0.0181932
0.0174575
0.0161053
0.0094171
0.0147451
0.0184182
0.0163348
0.0137508
0.0200397
0.0171988
0.0169534
0.0163774
0.0132161
0.0148417
0.0178275
0.0159701
0.0126705
0.02009
0.0189561
0.0183684
0.0201232
0.0183683
0.0166061
0.0184257
0.0175216
0.0161439
0.0167494
0.0195792
0.0172674
0.0172458
0.0207093
0.0193705
0.0123491
0.0203357
0.017968
0.018753
0.0199038
0.0177214
0.0221906
0.0173387
0.0149383
0.0123737
0.0169346
0.0174024
0.017361
0.0172036
0.0107142
0.0141376
0.0156171
0.0188783
0.0184095
0.0167115
0.0117907
0.0181955
0.0177547
0.0206964
0.0197182
0.0177181
0.0473774
0.0135652
0.0182712
0.0181397
0.0150978
0.0184099
0.0182364
0.0143716
0.0143967
0.0155248
0.0197146
0.0163376
0.0173258
0.0157016
0.0194497
0.0185261
0.016239
0.0163136
0.0211
0.0193073
0.0171125
0.0179079
0.0189364
0.0171911
0.0171958
0.0194872
0.0174173
0.012112
0.0128479
0.0125447
0.00959166
0.0131893
0.0139102
0.0126584
0.0131813
0.0116096
0.0110505
0.0118071
0.00971761
0.0118714
0.0115204
0.00626269
0.0137043
0.0120602
0.0134164
0.00820477
0.00926122
0.0117804
0.0144049
0.0118393
0.0135219
0.00973623
0.0129739
0.014399
0.0118888
0.012149
0.0126583
0.0127783
0.0139446
0.0125989
0.0150752
0.0114121
0.0118515
0.0136735
0.0117361
0.0126105
0.00765229
0.0124983
0.0114633
0.014824
0.0139607
0.0145793
0.0135652
0.032543
0.013166
0.0146182
0.0149144
0.0144603
0.0127892
0.014938
0.0108452
0.0129351
0.0135075
0.0138347
0.0146073
0.0137972
0.0131511
0.0128861
0.0120914
0.0136873
0.0092619
0.0141541
0.0123742
0.0121477
0.0133415
0.0122782
0.0128573
0.0151038
0.0116684
0.0109347
0.0174232
0.0175739
0.0137425
0.0178688
0.0185534
0.0190732
0.0188394
0.0184853
0.0152886
0.0153794
0.019194
0.0144271
0.0146961
0.020414
0.0179456
0.0162383
0.0190889
0.0172664
0.0170745
0.0191356
0.0198481
0.0188442
0.0172157
0.0185507
0.0169671
0.017796
0.0181299
0.0153699
0.0174601
0.012041
0.0185056
0.02014
0.0174372
0.0138347
0.0119047
0.020273
0.0174938
0.0165158
0.0163775
0.0189335
0.0179186
0.0192201
0.0173847
0.0172599
0.0182712
0.013166
0.0463113
0.0131332
0.0199191
0.0148943
0.0194152
0.0184614
0.0154337
0.0184851
0.0192444
0.0168843
0.017599
0.0201707
0.0129477
0.0161373
0.0185426
0.00972604
0.0213097
0.0164409
0.0142661
0.0168577
0.0190966
0.0168307
0.0190534
0.0159996
0.0185648
0.0141329
0.017867
0.0159958
0.0128722
0.0168197
0.017571
0.0187535
0.0167642
0.0165695
0.0159193
0.0166764
0.0162052
0.0168043
0.0155742
0.0164049
0.0180177
0.0114724
0.0186299
0.01573
0.0134557
0.0174525
0.0173685
0.0166091
0.0159566
0.018045
0.0175734
0.0172349
0.0141726
0.0144977
0.0160112
0.0181104
0.0191369
0.0185532
0.0161246
0.014454
0.0161072
0.0188666
0.0169286
0.0162905
0.0142744
0.0134862
0.0147537
0.0170841
0.0173003
0.0198693
0.0181397
0.0146182
0.0131332
0.0429051
0.0182486
0.0183941
0.0117006
0.0169364
0.0154732
0.0170721
0.0141987
0.016693
0.0171484
0.0133498
0.0164617
0.0164252
0.0151075
0.0130425
0.0152427
0.015387
0.0159867
0.015202
0.0184111
0.016199
0.0157849
0.0173936
0.0174753
0.0171317
0.018606
0.0173264
0.00921927
0.0186224
0.0190115
0.0202375
0.0182128
0.0189514
0.0165502
0.0184173
0.0188334
0.0122239
0.0163271
0.0188553
0.0180323
0.016387
0.020143
0.0174664
0.0147983
0.0195287
0.0202774
0.0182051
0.0128436
0.0196779
0.0195337
0.0176679
0.0188943
0.0162907
0.0170879
0.017359
0.0204028
0.0160815
0.0178224
0.0106624
0.0155005
0.018647
0.0175276
0.0186324
0.0161703
0.010155
0.0152938
0.0172653
0.0193545
0.0183729
0.0150978
0.0149144
0.0199191
0.0182486
0.0460613
0.0179267
0.0180895
0.0185123
0.0171023
0.0202252
0.0172455
0.019777
0.0160196
0.0206088
0.0135202
0.0166072
0.0168695
0.0129417
0.0155567
0.0193448
0.0173374
0.0164542
0.0199036
0.0171023
0.0183121
0.0184686
0.0172171
0.0163006
0.0173409
0.0122587
0.0116054
0.0163204
0.0192538
0.0189312
0.017767
0.0191668
0.0114813
0.0167666
0.0138625
0.0141086
0.0160259
0.0138382
0.0180707
0.0167922
0.0204053
0.0181979
0.0134971
0.0204147
0.0202595
0.0189296
0.0192495
0.0170875
0.0170299
0.0186999
0.0177005
0.0163752
0.0169562
0.0165974
0.0167381
0.0195219
0.0173478
0.0137981
0.0177422
0.0196347
0.018177
0.0162348
0.0168627
0.0153493
0.0176002
0.0213787
0.0205565
0.0181369
0.0184099
0.0144603
0.0148943
0.0183941
0.0179267
0.045491
0.0165586
0.0204535
0.0148294
0.014647
0.0136907
0.0195845
0.0150971
0.0131922
0.0169385
0.0156593
0.0112359
0.0144237
0.0183706
0.0172197
0.0141632
0.0160272
0.0192124
0.0144343
0.013317
0.016788
0.0162209
0.0138736
0.0131753
0.0174768
0.0118161
0.0160201
0.0165954
0.0159022
0.0168754
0.0130356
0.0146452
0.0169181
0.0160376
0.00698249
0.010428
0.0189835
0.0143085
0.0156895
0.0188358
0.0167941
0.0125635
0.018554
0.0169528
0.0169688
0.0164822
0.0179139
0.0188374
0.016192
0.0192586
0.013624
0.0153624
0.0141184
0.0192608
0.0158977
0.0181766
0.012204
0.00629229
0.0170967
0.0167962
0.0160688
0.0145054
0.0178421
0.0164626
0.0203566
0.0188925
0.0146634
0.0182364
0.0127892
0.0194152
0.0117006
0.0180895
0.0165586
0.0469627
0.011829
0.0158842
0.0146544
0.0175263
0.018127
0.0178432
0.0181537
0.0168198
0.0178081
0.0183575
0.0149276
0.0199366
0.0182767
0.0166259
0.0165221
0.0124594
0.0184809
0.0164193
0.0161605
0.0168064
0.0147801
0.0182562
0.0162657
0.0128756
0.0146826
0.0181754
0.0182816
0.0165194
0.0168925
0.0116332
0.0166347
0.0161291
0.0151096
0.0149459
0.0146819
0.0177111
0.0166319
0.0177509
0.0171225
0.0128423
0.0131837
0.0192213
0.0170851
0.0163904
0.0156646
0.0142259
0.0172142
0.0178041
0.0148119
0.0168384
0.0153645
0.0161958
0.0174576
0.0165564
0.0129682
0.0169283
0.020375
0.0163728
0.0159965
0.0108876
0.0150585
0.0181863
0.0193382
0.0172581
0.0163278
0.0143716
0.014938
0.0184614
0.0169364
0.0185123
0.0204535
0.011829
0.0447571
0.0162073
0.0157162
0.0159379
0.0181429
0.0185543
0.013499
0.01739
0.0155652
0.0111911
0.0157043
0.018077
0.0163763
0.0140188
0.0158123
0.0195056
0.0144357
0.0133259
0.015723
0.015929
0.0164594
0.0164022
0.013997
0.0131008
0.016681
0.0164036
0.0154435
0.0155166
0.015117
0.0143812
0.0163272
0.0177281
0.00977008
0.013717
0.0172712
0.0154777
0.0161516
0.0157178
0.0172468
0.0080927
0.0161514
0.013873
0.012057
0.0162043
0.0165378
0.0180842
0.0160575
0.016613
0.0139636
0.0154524
0.0148494
0.0199038
0.0140591
0.0118748
0.0129013
0.0126702
0.016221
0.0149386
0.0150571
0.0136236
0.015779
0.0135452
0.0161636
0.0159659
0.0154496
0.0143967
0.0108452
0.0154337
0.0154732
0.0171023
0.0148294
0.0158842
0.0162073
0.0399927
0.0167375
0.0152254
0.0168087
0.0157825
0.0153084
0.0160862
0.015955
0.0143169
0.0128092
0.0174097
0.0163325
0.0143044
0.0167886
0.0189626
0.0145192
0.0154323
0.00925896
0.015393
0.0148906
0.0148137
0.0160644
0.0152933
0.0168489
0.013168
0.0130726
0.0163721
0.0173729
0.0137215
0.0160928
0.018248
0.0155961
0.0161712
0.0189785
0.0163576
0.0141308
0.017587
0.016307
0.0134105
0.0178556
0.0176819
0.017958
0.0151288
0.0177087
0.0141877
0.01892
0.0165786
0.0151353
0.0148209
0.0158448
0.0142917
0.0198609
0.0149017
0.0124141
0.0138968
0.0187043
0.0153051
0.0109533
0.0151288
0.0133972
0.0165139
0.0160346
0.0163931
0.0144384
0.0155248
0.0129351
0.0184851
0.0170721
0.0202252
0.014647
0.0146544
0.0157162
0.0167375
0.0460277
0.017781
0.0155749
0.0150441
0.0194539
0.0137047
0.0191061
0.0149377
0.00804048
0.0158565
0.0172355
0.0166559
0.0140898
0.0178328
0.0159612
0.0174197
0.015602
0.0164976
0.0139819
0.0168116
0.0182949
0.0135447
0.0177586
0.0136192
0.0177701
0.0164232
0.0179591
0.0150278
0.0157743
0.015687
0.0158082
0.0149124
0.019739
0.0169573
0.0120545
0.0197075
0.0115779
0.0122777
0.0145413
0.0198339
0.0184566
0.018149
0.0177367
0.0192681
0.018141
0.0172124
0.0141455
0.0158054
0.0181535
0.0179785
0.0172306
0.0158466
0.00997571
0.0140354
0.0194548
0.0171663
0.0172239
0.0132315
0.0177477
0.0164375
0.0192723
0.0168047
0.0172766
0.0197146
0.0135075
0.0192444
0.0141987
0.0172455
0.0136907
0.0175263
0.0159379
0.0152254
0.017781
0.0433866
0.012114
0.0177324
0.0193702
0.0183027
0.0184939
0.0157078
0.0149951
0.019704
0.0183857
0.015147
0.0159431
0.01433
0.018606
0.0176136
0.0169909
0.0173936
0.0156772
0.018474
0.0146757
0.0120385
0.0177174
0.0207311
0.0133625
0.0129114
0.0187153
0.017674
0.0183483
0.0171779
0.0134188
0.0182229
0.0178257
0.0165126
0.0166587
0.0188374
0.0206313
0.0130634
0.0202543
0.0188223
0.017321
0.01884
0.0133326
0.0193072
0.0129404
0.0203103
0.0172842
0.0178397
0.0148913
0.0183345
0.0178491
0.01938
0.0150987
0.015636
0.0170598
0.0135478
0.0160967
0.0129091
0.0134487
0.0149026
0.0181599
0.0205114
0.0171621
0.0163376
0.0138347
0.0168843
0.016693
0.019777
0.0195845
0.018127
0.0181429
0.0168087
0.0155749
0.012114
0.0468884
0.0143658
0.0181858
0.0196128
0.0191699
0.0168073
0.0139271
0.0187466
0.0183722
0.0170457
0.0156568
0.0224666
0.0148625
0.0185296
0.0166077
0.0166376
0.0125441
0.0165187
0.0201815
0.0116712
0.0165996
0.0167664
0.0178566
0.0181735
0.00941256
0.00947854
0.00928719
0.0147532
0.0137843
0.0119432
0.0166562
0.0177742
0.0138501
0.0157465
0.0149831
0.00548247
0.0105489
0.0169856
0.0176393
0.0180371
0.0172808
0.0161925
0.0199278
0.0180926
0.0136412
0.0178812
0.0190922
0.0182019
0.0155528
0.0137519
0.0147252
0.0153354
0.014463
0.0143276
0.0150364
0.0118307
0.0164063
0.0170148
0.0151921
0.0165295
0.0161304
0.0173258
0.0146073
0.017599
0.0171484
0.0160196
0.0150971
0.0178432
0.0185543
0.0157825
0.0150441
0.0177324
0.0143658
0.0506429
0.0174805
0.0167572
0.0162249
0.01758
0.0165367
0.0174867
0.0163048
0.0154027
0.0101522
0.0167265
0.017601
0.0149
0.0170603
0.0154001
0.00800203
0.0175871
0.0181976
0.0141532
0.0168868
0.0174874
0.0171088
0.0167018
0.0181955
0.0167462
0.0156137
0.0128673
0.0161699
0.0153516
0.0197312
0.0183893
0.0166517
0.0187078
0.0172237
0.0134979
0.0190328
0.0195106
0.0180496
0.0188243
0.0191647
0.01828
0.018291
0.0195357
0.0165695
0.0163706
0.0188002
0.0195721
0.0153296
0.0171846
0.0141625
0.0144262
0.0145953
0.0177067
0.0179772
0.0161368
0.0197515
0.0175735
0.0183925
0.0175781
0.0189666
0.0157016
0.0137972
0.0201707
0.0133498
0.0206088
0.0131922
0.0181537
0.013499
0.0153084
0.0194539
0.0193702
0.0181858
0.0174805
0.0482798
0.0190032
0.0183575
0.0198817
0.0136884
0.0187774
0.0186416
0.0154453
0.0161619
0.0190495
0.0181783
0.018517
0.0192685
0.0138032
0.0152404
0.0187202
0.0174846
0.0127734
0.0163654
0.0126557
0.0132417
0.00955804
0.013485
0.0163923
0.0162914
0.0166177
0.0151297
0.0154166
0.0197102
0.0152896
0.0179908
0.0193566
0.0179075
0.0120219
0.0185155
0.017541
0.0169111
0.0192084
0.0125737
0.0200028
0.0161066
0.0197206
0.0158824
0.0185581
0.0160578
0.0193354
0.016433
0.0171934
0.0152057
0.0155886
0.0198648
0.0161307
0.0183609
0.0141648
0.0179262
0.0154928
0.0189879
0.0184879
0.0181932
0.0194497
0.0131511
0.0129477
0.0164617
0.0135202
0.0169385
0.0168198
0.01739
0.0160862
0.0137047
0.0183027
0.0196128
0.0167572
0.0190032
0.0460447
0.0222387
0.0156758
0.01616
0.019322
0.0195306
0.0151155
0.016477
0.0189036
0.0166755
0.0172484
0.0162672
0.0138659
0.0149873
0.0147125
0.0184723
0.0138302
0.0175505
0.0127957
0.00449401
0.0171532
0.0163133
0.0165017
0.0176928
0.0152587
0.0146981
0.0175658
0.0183833
0.0164659
0.0159021
0.0173785
0.01855
0.0108374
0.0178848
0.016845
0.0169886
0.0194895
0.0174439
0.0179902
0.0167954
0.0221263
0.0177056
0.0129467
0.0164067
0.0197125
0.0165117
0.0151446
0.0139659
0.0130717
0.0200298
0.0119075
0.0174156
0.0141504
0.0193251
0.0165067
0.0181829
0.0178013
0.0174575
0.0185261
0.0128861
0.0161373
0.0164252
0.0166072
0.0156593
0.0178081
0.0155652
0.015955
0.0191061
0.0184939
0.0191699
0.0162249
0.0183575
0.0222387
0.052989
0.016782
0.0138671
0.014451
0.0203098
0.0192161
0.0162011
0.0186087
0.0161132
0.0166307
0.015408
0.0178909
0.0126125
0.0152307
0.0159987
0.0115124
0.0160545
0.0165401
0.0150703
0.0153612
0.0119927
0.0157724
0.0152151
0.0164529
0.0129185
0.0137105
0.0173031
0.0153157
0.0117316
0.0166744
0.0159352
0.0111909
0.0166612
0.0167208
0.0145545
0.0165706
0.0166361
0.0130062
0.0158924
0.0165496
0.0148228
0.0164158
0.0152734
0.0194222
0.016045
0.0158983
0.013325
0.0100019
0.0134121
0.0114313
0.0155463
0.0138211
0.0168098
0.0170879
0.012225
0.0170527
0.0161053
0.016239
0.0120914
0.0185426
0.0151075
0.0168695
0.0112359
0.0183575
0.0111911
0.0143169
0.0149377
0.0157078
0.0168073
0.01758
0.0198817
0.0156758
0.016782
0.0419865
0.0119419
0.0172736
0.0171869
0.0145532
0.0128836
0.0170176
0.0162791
0.0168349
0.0151867
0.015023
0.0106553
0.0143576
0.0142027
0.0124333
0.0129135
0.0128064
0.0146595
0.0132323
0.0112528
0.0131682
0.0132049
0.00581605
0.0121521
0.0123833
0.0144347
0.014525
0.0133654
0.0141797
0.0120385
0.0060357
0.00898139
0.0139205
0.0124435
0.0147768
0.0134978
0.0148052
0.0136506
0.0138893
0.0114353
0.0130308
0.0160695
0.0139677
0.00787926
0.0142273
0.0127846
0.011687
0.0159472
0.0141074
0.0142212
0.00979649
0.0137022
0.0144633
0.0172984
0.0130339
0.0094171
0.0163136
0.0136873
0.00972604
0.0130425
0.0129417
0.0144237
0.0149276
0.0157043
0.0128092
0.00804048
0.0149951
0.0139271
0.0165367
0.0136884
0.01616
0.0138671
0.0119419
0.0406157
0.0161194
0.0153185
0.00775397
0.0137923
0.0113276
0.014683
0.0117223
0.0144394
0.0129526
0.0156023
0.0212999
0.0180497
0.0129248
0.0187899
0.0190963
0.0229823
0.0195866
0.0188425
0.0167035
0.0191252
0.0188419
0.0148948
0.0158338
0.0219123
0.0176472
0.0154388
0.0214941
0.0213983
0.0156859
0.0212769
0.0191877
0.019047
0.0205362
0.0200622
0.0209217
0.0167643
0.0206038
0.00897103
0.0202229
0.0179949
0.0202583
0.0189781
0.0184857
0.0157151
0.0152532
0.0192523
0.021622
0.0181216
0.0166971
0.0177918
0.0163021
0.0204711
0.0187757
0.0147451
0.0211
0.0092619
0.0213097
0.0152427
0.0155567
0.0183706
0.0199366
0.018077
0.0174097
0.0158565
0.019704
0.0187466
0.0174867
0.0187774
0.019322
0.014451
0.0172736
0.0161194
0.0500283
0.0186691
0.0086568
0.0207847
0.0190499
0.0188171
0.017816
0.0182136
0.020427
0.0155421
0.0168915
0.0169408
0.010268
0.0203992
0.0179812
0.0151582
0.0175649
0.017155
0.0189749
0.0185464
0.0183624
0.0162988
0.016742
0.0196887
0.0174229
0.0161507
0.0190979
0.0175411
0.0116055
0.0193716
0.0192033
0.0136655
0.0170602
0.0190427
0.0209984
0.0139654
0.0146097
0.0156487
0.0187089
0.0142624
0.0210678
0.0184464
0.0173225
0.0164684
0.0134095
0.0215492
0.0178838
0.0166844
0.0148213
0.019534
0.0158967
0.0183318
0.0194387
0.0184182
0.0193073
0.0141541
0.0164409
0.015387
0.0193448
0.0172197
0.0182767
0.0163763
0.0163325
0.0172355
0.0183857
0.0183722
0.0163048
0.0186416
0.0195306
0.0203098
0.0171869
0.0153185
0.0186691
0.0444126
0.0172925
0.0121748
0.0194578
0.0175036
0.01761
0.0169127
0.0180376
0.0148106
0.00988236
0.0149827
0.0120766
0.0168708
0.01593
0.0114169
0.0149124
0.0158359
0.0148812
0.0157196
0.0154012
0.012961
0.0171478
0.0168938
0.015018
0.0132695
0.016343
0.0156467
0.0115534
0.0171007
0.0157159
0.0145317
0.0119687
0.0167184
0.0159011
0.0144964
0.0171326
0.0136532
0.0141821
0.0139007
0.0161096
0.0164965
0.0140227
0.00833259
0.0128852
0.0164552
0.0141278
0.0117431
0.0118229
0.0149897
0.0152015
0.0152661
0.0175434
0.0163348
0.0171125
0.0123742
0.0142661
0.0159867
0.0173374
0.0141632
0.0166259
0.0140188
0.0143044
0.0166559
0.015147
0.0170457
0.0154027
0.0154453
0.0151155
0.0192161
0.0145532
0.00775397
0.0086568
0.0172925
0.0421706
0.0107909
0.0130024
0.0131857
0.0151507
0.0158119
0.0137963
0.0124879
0.0187047
0.0168102
0.0111334
0.013645
0.0145961
0.0193135
0.0176717
0.017391
0.0141647
0.0163948
0.0145324
0.0121976
0.0104857
0.018409
0.0124016
0.0199377
0.0177538
0.0169447
0.0129968
0.0175789
0.0169628
0.0148755
0.0182844
0.0142177
0.0193409
0.0149598
0.017282
0.0112709
0.0109433
0.0149801
0.016987
0.0157683
0.012011
0.011096
0.0164314
0.0159171
0.0191368
0.0161048
0.0146775
0.014178
0.0148927
0.0203185
0.0148678
0.0137508
0.0179079
0.0121477
0.0168577
0.015202
0.0164542
0.0160272
0.0165221
0.0158123
0.0167886
0.0140898
0.0159431
0.0156568
0.0101522
0.0161619
0.016477
0.0162011
0.0128836
0.0137923
0.0207847
0.0121748
0.0107909
0.0486563
0.0161161
0.0167181
0.0157326
0.0154509
0.0181849
0.0152326
0.0202276
0.0126165
0.0151746
0.0196376
0.0209559
0.0191821
0.0172015
0.0187884
0.0175357
0.0191822
0.0187783
0.0162251
0.0185639
0.0198186
0.0198661
0.0192725
0.0190148
0.0207073
0.00979044
0.0207753
0.02094
0.0171113
0.0197615
0.0154638
0.0206382
0.0186482
0.0192009
0.0177666
0.0191808
0.0179314
0.0196397
0.0208109
0.0163403
0.0163289
0.0171938
0.0207221
0.017224
0.0161027
0.0133666
0.017725
0.0172088
0.0174104
0.0194296
0.0200397
0.0189364
0.0133415
0.0190966
0.0184111
0.0199036
0.0192124
0.0124594
0.0195056
0.0189626
0.0178328
0.01433
0.0224666
0.0167265
0.0190495
0.0189036
0.0186087
0.0170176
0.0113276
0.0190499
0.0194578
0.0130024
0.0161161
0.0479848
0.0155363
0.0190143
0.0104875
0.0172139
0.0124896
0.01485
0.0162475
0.0141731
0.0147616
0.015779
0.0155697
0.0159027
0.0108324
0.0146117
0.0138923
0.0109859
0.00994361
0.0110317
0.0171076
0.00679582
0.0100334
0.0170244
0.0148195
0.0114156
0.0153195
0.0167283
0.0164828
0.0167829
0.0165748
0.017544
0.016488
0.016445
0.00811704
0.0124005
0.0184475
0.0184435
0.0158806
0.0145354
0.0147696
0.013976
0.0178942
0.0157303
0.0148738
0.0146987
0.0177695
0.0165175
0.0179008
0.0176581
0.0171988
0.0171911
0.0122782
0.0168307
0.016199
0.0171023
0.0144343
0.0184809
0.0144357
0.0145192
0.0159612
0.018606
0.0148625
0.017601
0.0181783
0.0166755
0.0161132
0.0162791
0.014683
0.0188171
0.0175036
0.0131857
0.0167181
0.0155363
0.0503322
0.0163452
0.0152114
0.0168543
0.0151441
0.0170385
0.0167334
0.0117693
0.0175356
0.0168366
0.0174331
0.0131262
0.0188719
0.0155561
0.0164799
0.017548
0.0144625
0.0151125
0.0199532
0.016113
0.0152269
0.0185392
0.0133135
0.0138314
0.018532
0.0179151
0.0168264
0.0172139
0.0156864
0.0192602
0.0141146
0.0174037
0.0148381
0.0171109
0.0154675
0.0178129
0.0180999
0.0169586
0.0122939
0.0126479
0.017508
0.0131159
0.0155426
0.0155566
0.0157777
0.0118236
0.0172351
0.017432
0.0169534
0.0171958
0.0128573
0.0190534
0.0157849
0.0183121
0.013317
0.0164193
0.0133259
0.0154323
0.0174197
0.0176136
0.0185296
0.0149
0.018517
0.0172484
0.0166307
0.0168349
0.0117223
0.017816
0.01761
0.0151507
0.0157326
0.0190143
0.0163452
0.036223
0.0171278
0.016557
0.0164857
0.0162379
0.016363
0.0074152
0.0164953
0.0168553
0.0177316
0.0179622
0.0170067
0.0139542
0.0148684
0.0156899
0.0164494
0.0149078
0.0166145
0.0185164
0.0115644
0.0184346
0.0162943
0.0146328
0.0177907
0.0137164
0.0178491
0.0168647
0.0158947
0.0183437
0.0174434
0.0163593
0.0132762
0.0159952
0.0180681
0.0131409
0.0150954
0.0154121
0.0130799
0.0153281
0.0156428
0.0150732
0.0155214
0.0139785
0.0152918
0.0156247
0.0179188
0.0194292
0.0163774
0.0194872
0.0151038
0.0159996
0.0173936
0.0184686
0.016788
0.0161605
0.015723
0.00925896
0.015602
0.0169909
0.0166077
0.0170603
0.0192685
0.0162672
0.015408
0.0151867
0.0144394
0.0182136
0.0169127
0.0158119
0.0154509
0.0104875
0.0152114
0.0171278
0.0442513
0.0154467
0.0123284
0.0182891
0.0184253
0.0125136
0.0164876
0.017897
0.0189516
0.0174843
0.0177658
0.0161731
0.016205
0.0178325
0.0149244
0.0141843
0.0182466
0.0140892
0.0156969
0.015914
0.0166865
0.0135813
0.0187805
0.0178823
0.0175533
0.0186447
0.0197752
0.0191792
0.0124921
0.0190084
0.01636
0.0168773
0.0131052
0.0203445
0.019702
0.015524
0.0142154
0.0138908
0.0178202
0.0190131
0.0164169
0.0156008
0.0168772
0.0144872
0.0178142
0.01068
0.0132161
0.0174173
0.0116684
0.0185648
0.0174753
0.0172171
0.0162209
0.0168064
0.015929
0.015393
0.0164976
0.0173936
0.0166376
0.0154001
0.0138032
0.0138659
0.0178909
0.015023
0.0129526
0.020427
0.0180376
0.0137963
0.0181849
0.0172139
0.0168543
0.016557
0.0154467
0.0431537
CondIdMap   0   1   2   3   4   5   6   7   8   9  10  11  12  13  14  15  16  17  18  19  20  21  22  23  24  25  26  27  28  29  30  31  32  33  34  35  36  37  38  39  40  41  42  43  44  45  46  47  48  49  50  51  52  53  54  55  56  57  58  59  60  61  62  63  64  65  66  67  68  69  70  71  72 
LPFFlag 0
HPF     -1 -1
WhitenFlag 0
RunList   1   2   3   4 
FuncStem fmcpr.up.sm0.self.lh 
ParName  AudStim.para 
ExtRegStem  none 
NExtReg 0 
ExtRegOrtho 0 
