#!ascii label  , from subject msSRGRS20160210 vox2ras=TkReg
1009
91347  -43.802  6.387  2.368 0.0000000000
102689  -43.658  25.499  11.848 0.0000000000
97851  -39.190  16.428  6.635 0.0000000000
96635  -49.654  14.732  6.929 0.0000000000
101604  -46.857  23.124  1.208 0.0000000000
99886  -46.244  19.791  3.683 0.0000000000
98567  -48.754  17.289  3.416 0.0000000000
95335  -44.682  12.642  5.468 0.0000000000
88703  -37.688  2.007  4.422 0.0000000000
91307  -41.931  5.749  6.676 0.0000000000
104859  -36.772  28.258  8.384 0.0000000000
102783  -41.416  24.218  4.726 0.0000000000
98646  -46.199  17.067  -2.261 0.0000000000
94656  -44.886  11.284  7.698 0.0000000000
101536  -39.469  22.051  6.613 0.0000000000
97226  -45.631  15.893  7.713 0.0000000000
92692  -48.683  8.711  5.613 0.0000000000
92724  -45.527  8.561  1.807 0.0000000000
92731  -40.785  7.983  0.914 0.0000000000
91371  -44.221  6.442  0.196 0.0000000000
99271  -48.506  18.197  -0.761 0.0000000000
99899  -49.084  19.117  1.786 0.0000000000
98591  -48.358  17.172  1.556 0.0000000000
98565  -46.910  16.965  3.218 0.0000000000
90002  -40.166  4.689  5.668 0.0000000000
91992  -39.748  7.343  7.306 0.0000000000
104882  -32.175  28.271  6.475 0.0000000000
100519  -43.675  20.741  0.580 0.0000000000
95311  -42.176  12.533  9.135 0.0000000000
96613  -42.481  14.294  8.412 0.0000000000
103228  -37.108  24.927  12.881 0.0000000000
102091  -41.789  23.828  9.250 0.0000000000
99206  -48.657  18.104  6.100 0.0000000000
99203  -45.611  18.192  6.016 0.0000000000
97214  -49.125  14.940  8.219 0.0000000000
95316  -48.401  12.798  8.376 0.0000000000
94661  -49.724  11.636  7.194 0.0000000000
92711  -47.439  8.527  2.950 0.0000000000
94675  -48.023  11.230  5.676 0.0000000000
93426  -42.000  9.911  3.058 0.0000000000
103334  -45.267  25.595  5.895 0.0000000000
102127  -45.053  23.644  6.803 0.0000000000
101036  -46.657  22.043  2.614 0.0000000000
99879  -49.245  18.715  4.372 0.0000000000
97864  -49.216  16.783  5.490 0.0000000000
95945  -47.499  13.477  6.445 0.0000000000
97862  -47.344  15.994  5.253 0.0000000000
97251  -44.549  15.514  4.856 0.0000000000
89364  -38.569  2.719  2.959 0.0000000000
90648  -40.831  4.966  3.781 0.0000000000
90639  -43.217  5.633  4.633 0.0000000000
103290  -29.711  25.329  7.675 0.0000000000
103272  -34.950  25.265  8.317 0.0000000000
104303  -40.219  27.662  12.559 0.0000000000
103302  -42.937  25.497  7.845 0.0000000000
102168  -43.991  24.185  3.232 0.0000000000
100535  -45.917  20.437  -0.370 0.0000000000
97974  -48.374  15.974  -2.236 0.0000000000
96749  -46.620  14.151  -3.320 0.0000000000
94031  -41.053  9.847  6.825 0.0000000000
92683  -43.780  8.109  6.550 0.0000000000
92002  -45.417  7.305  6.226 0.0000000000
99860  -38.702  19.505  5.454 0.0000000000
101021  -42.869  21.156  3.961 0.0000000000
99217  -42.384  18.479  5.112 0.0000000000
97854  -42.399  16.310  6.710 0.0000000000
95935  -45.409  13.717  8.442 0.0000000000
93383  -47.372  9.591  7.202 0.0000000000
91338  -46.498  6.740  2.850 0.0000000000
91374  -46.644  7.393  0.346 0.0000000000
92770  -45.006  8.389  -1.380 0.0000000000
92758  -42.772  8.319  -1.127 0.0000000000
94062  -45.572  10.704  4.669 0.0000000000
92722  -43.411  8.767  1.738 0.0000000000
92064  -40.252  7.363  -1.557 0.0000000000
90671  -42.265  6.119  1.673 0.0000000000
90680  -42.348  6.141  0.688 0.0000000000
91359  -44.025  6.455  1.305 0.0000000000
97946  -48.511  16.473  -0.913 0.0000000000
98599  -49.108  17.638  0.636 0.0000000000
97930  -48.277  16.549  0.048 0.0000000000
98598  -47.131  16.729  0.777 0.0000000000
97220  -39.814  15.524  7.354 0.0000000000
102677  -40.956  25.349  13.023 0.0000000000
97846  -49.126  16.290  7.298 0.0000000000
97845  -48.303  16.464  7.593 0.0000000000
97215  -49.590  14.692  8.058 0.0000000000
95939  -49.683  13.557  8.161 0.0000000000
95321  -49.832  12.678  7.348 0.0000000000
94677  -49.353  11.154  6.111 0.0000000000
95327  -49.053  12.548  6.561 0.0000000000
102802  -45.970  25.091  3.527 0.0000000000
102769  -46.137  24.699  5.281 0.0000000000
101588  -47.317  22.888  1.927 0.0000000000
98581  -49.370  17.891  2.332 0.0000000000
99894  -49.095  19.060  2.760 0.0000000000
99238  -49.438  18.294  4.257 0.0000000000
98555  -49.368  17.514  5.250 0.0000000000
97872  -49.198  17.128  4.793 0.0000000000
97863  -48.639  16.078  5.679 0.0000000000
97871  -48.636  16.742  4.656 0.0000000000
97882  -45.686  16.617  3.968 0.0000000000
90003  -40.884  4.948  5.697 0.0000000000
90013  -40.445  4.630  4.244 0.0000000000
90637  -41.724  5.170  4.918 0.0000000000
90649  -41.569  5.305  3.938 0.0000000000
90632  -42.366  5.367  5.596 0.0000000000
104387  -35.208  27.662  6.935 0.0000000000
103827  -33.788  26.287  6.972 0.0000000000
103812  -35.662  26.701  8.032 0.0000000000
103255  -37.378  26.334  10.608 0.0000000000
103775  -38.607  27.633  11.180 0.0000000000
102751  -40.969  24.731  6.319 0.0000000000
103259  -42.247  26.069  9.760 0.0000000000
102752  -42.214  25.065  6.532 0.0000000000
102767  -43.252  25.154  5.632 0.0000000000
102166  -42.367  23.736  3.578 0.0000000000
99270  -45.378  19.018  -1.166 0.0000000000
100534  -45.189  20.500  -0.135 0.0000000000
99289  -46.124  18.495  -1.597 0.0000000000
99291  -47.701  18.284  -1.646 0.0000000000
97972  -47.189  16.074  -2.727 0.0000000000
97336  -47.418  15.185  -2.783 0.0000000000
97335  -46.660  15.316  -3.065 0.0000000000
95919  -38.758  13.342  10.813 0.0000000000
95299  -38.858  12.377  9.713 0.0000000000
95308  -39.467  12.309  9.067 0.0000000000
94019  -40.297  10.240  7.195 0.0000000000
94639  -40.961  11.939  8.447 0.0000000000
94655  -43.697  11.355  7.718 0.0000000000
94022  -43.220  10.611  7.214 0.0000000000
94035  -44.175  9.839  6.839 0.0000000000
92001  -44.329  7.136  6.471 0.0000000000
93393  -45.620  8.936  6.720 0.0000000000
101526  -37.529  22.387  7.424 0.0000000000
100996  -37.196  21.387  6.615 0.0000000000
100998  -39.000  21.548  6.098 0.0000000000
101567  -44.809  22.345  3.881 0.0000000000
101554  -43.749  22.218  4.486 0.0000000000
100475  -43.878  20.733  3.528 0.0000000000
98524  -45.620  17.071  7.026 0.0000000000
99218  -43.425  18.398  5.214 0.0000000000
98538  -43.661  17.456  6.290 0.0000000000
98550  -41.929  17.881  5.599 0.0000000000
97840  -43.278  16.121  6.987 0.0000000000
96627  -43.703  15.099  7.816 0.0000000000
97210  -45.113  15.390  7.857 0.0000000000
93385  -49.160  9.913  7.139 0.0000000000
94026  -47.885  10.395  7.562 0.0000000000
93395  -47.933  8.927  6.720 0.0000000000
92004  -47.065  7.603  5.586 0.0000000000
92008  -47.807  7.895  4.670 0.0000000000
91350  -46.685  6.798  1.724 0.0000000000
92025  -47.647  7.560  2.970 0.0000000000
93443  -46.773  8.766  2.688 0.0000000000
92736  -46.171  8.355  1.017 0.0000000000
92748  -44.895  8.438  -0.058 0.0000000000
92768  -43.614  8.343  -1.884 0.0000000000
92747  -43.925  8.503  -0.073 0.0000000000
95944  -46.518  13.408  6.343 0.0000000000
95337  -46.461  12.021  5.950 0.0000000000
94672  -44.998  11.786  5.328 0.0000000000
93438  -41.574  9.213  2.463 0.0000000000
93439  -42.685  9.265  2.474 0.0000000000
92721  -42.308  8.753  1.737 0.0000000000
92745  -41.699  7.936  -0.206 0.0000000000
92744  -40.930  7.787  0.203 0.0000000000
92063  -39.465  6.941  -1.859 0.0000000000
90039  -40.293  4.585  1.026 0.0000000000
91383  -44.303  6.571  -0.935 0.0000000000
100538  -48.129  19.523  -0.155 0.0000000000
100504  -47.946  20.507  1.016 0.0000000000
99257  -49.120  18.460  0.882 0.0000000000
98593  -49.380  17.991  1.465 0.0000000000
98580  -48.867  17.468  2.424 0.0000000000
98566  -47.875  17.007  3.212 0.0000000000
98579  -48.086  17.182  2.435 0.0000000000
89353  -38.630  3.306  4.552 0.0000000000
89996  -39.215  4.753  6.283 0.0000000000
91302  -40.847  6.218  7.181 0.0000000000
104886  -36.242  28.968  6.690 0.0000000000
101033  -42.498  22.141  2.144 0.0000000000
98629  -44.549  17.448  -1.552 0.0000000000
97971  -45.934  16.164  -2.619 0.0000000000
95310  -41.244  12.449  9.162 0.0000000000
95927  -42.111  13.390  9.255 0.0000000000
95312  -43.204  12.930  9.005 0.0000000000
102106  -40.198  23.549  8.463 0.0000000000
99222  -47.341  18.657  5.610 0.0000000000
99875  -45.711  19.199  4.524 0.0000000000
99204  -46.690  18.254  6.143 0.0000000000
98525  -46.680  17.178  7.212 0.0000000000
97227  -46.635  15.862  7.868 0.0000000000
96617  -47.462  14.447  8.475 0.0000000000
96618  -48.567  14.366  8.480 0.0000000000
94647  -49.519  12.174  7.752 0.0000000000
93401  -49.367  9.781  6.114 0.0000000000
93414  -48.883  9.142  5.149 0.0000000000
94065  -48.929  9.932  4.958 0.0000000000
94064  -48.062  10.112  4.555 0.0000000000
94080  -46.823  9.634  3.718 0.0000000000
94693  -43.721  11.491  4.607 0.0000000000
99201  -36.535  18.546  6.305 0.0000000000
103818  -45.559  26.128  9.040 0.0000000000
102715  -45.441  25.035  9.561 0.0000000000
102742  -45.940  24.688  7.389 0.0000000000
101556  -46.095  23.516  4.309 0.0000000000
100478  -46.704  20.413  3.006 0.0000000000
100480  -48.104  20.277  2.413 0.0000000000
99888  -48.346  19.560  3.319 0.0000000000
99877  -47.745  19.321  4.352 0.0000000000
99866  -48.622  18.765  5.224 0.0000000000
98544  -49.378  17.138  6.073 0.0000000000
97239  -49.541  15.396  6.856 0.0000000000
96634  -49.027  14.460  6.575 0.0000000000
97237  -48.403  15.126  6.324 0.0000000000
97236  -47.416  15.027  6.168 0.0000000000
96640  -46.506  14.982  5.901 0.0000000000
97883  -46.735  16.727  3.953 0.0000000000
97860  -45.818  15.852  5.102 0.0000000000
89357  -39.142  3.674  4.095 0.0000000000
90023  -39.665  4.164  3.658 0.0000000000
90032  -40.170  4.687  2.267 0.0000000000
90669  -40.801  5.317  2.030 0.0000000000
90663  -42.269  5.958  2.649 0.0000000000
91335  -43.561  6.192  3.244 0.0000000000
102114  -31.621  23.832  7.829 0.0000000000
103293  -32.153  25.389  6.993 0.0000000000
102101  -34.317  24.073  8.957 0.0000000000
102708  -35.958  24.820  10.650 0.0000000000
103229  -37.933  25.726  12.407 0.0000000000
103209  -41.987  26.525  13.484 0.0000000000
104335  -39.553  28.249  10.763 0.0000000000
103761  -41.109  27.855  11.694 0.0000000000
103779  -42.532  26.678  10.900 0.0000000000
103764  -44.248  26.740  11.492 0.0000000000
103321  -44.185  25.719  6.883 0.0000000000
102785  -44.269  25.130  4.679 0.0000000000
102190  -45.217  23.804  2.027 0.0000000000
101601  -43.493  22.402  1.867 0.0000000000
101609  -45.007  22.389  0.939 0.0000000000
100522  -46.432  21.116  0.150 0.0000000000
99943  -47.804  18.914  -1.236 0.0000000000
98633  -48.308  17.337  -1.587 0.0000000000
97320  -47.764  14.940  -2.125 0.0000000000
96738  -46.880  13.938  -2.857 0.0000000000
97346  -46.183  14.630  -3.433 0.0000000000
92678  -40.224  8.232  7.026 0.0000000000
91998  -41.487  7.773  6.817 0.0000000000
94653  -41.589  11.424  7.719 0.0000000000
93390  -42.285  9.094  6.551 0.0000000000
92000  -42.965  6.983  6.750 0.0000000000
91309  -43.718  6.085  6.227 0.0000000000
91315  -44.480  6.032  5.249 0.0000000000
91325  -45.160  6.352  4.303 0.0000000000
98547  -38.904  17.977  5.817 0.0000000000
102109  -43.508  23.620  8.508 0.0000000000
101530  -42.271  22.694  7.033 0.0000000000
101006  -41.149  21.595  5.277 0.0000000000
99874  -44.561  19.285  4.222 0.0000000000
99872  -42.508  19.852  4.108 0.0000000000
100463  -40.431  20.793  4.859 0.0000000000
99862  -40.401  19.140  4.988 0.0000000000
98548  -39.856  17.956  5.738 0.0000000000
97852  -40.133  16.563  6.494 0.0000000000
97222  -42.064  15.362  7.400 0.0000000000
96614  -43.466  14.393  8.312 0.0000000000
94643  -45.413  12.076  8.157 0.0000000000
95936  -46.719  13.673  8.434 0.0000000000
94657  -46.100  11.269  7.725 0.0000000000
94024  -45.586  10.426  7.371 0.0000000000
92685  -46.093  8.064  6.356 0.0000000000
91317  -46.426  6.900  4.938 0.0000000000
91337  -45.512  6.507  3.178 0.0000000000
91349  -45.783  6.625  1.993 0.0000000000
91372  -45.201  6.676  -0.039 0.0000000000
91384  -45.182  6.966  -1.116 0.0000000000
92738  -47.524  7.915  1.648 0.0000000000
92066  -45.754  8.017  -0.979 0.0000000000
91410  -44.392  7.740  -2.671 0.0000000000
92781  -43.352  7.913  -2.980 0.0000000000
92774  -42.207  7.705  -2.933 0.0000000000
95326  -48.056  12.643  6.447 0.0000000000
94043  -46.464  10.789  5.056 0.0000000000
93429  -45.363  9.439  3.246 0.0000000000
94077  -43.702  10.326  3.782 0.0000000000
93428  -44.267  9.597  3.240 0.0000000000
92723  -44.487  8.653  1.767 0.0000000000
92746  -42.878  8.334  -0.102 0.0000000000
92065  -41.200  7.674  -1.505 0.0000000000
91346  -42.949  6.297  2.463 0.0000000000
91358  -43.080  6.382  1.486 0.0000000000
91370  -43.235  6.364  0.455 0.0000000000
97945  -47.896  15.869  -0.594 0.0000000000
102688  -42.127  25.261  12.310 0.0000000000
102687  -40.775  24.780  12.144 0.0000000000
102700  -43.103  24.777  10.982 0.0000000000
97230  -49.544  15.172  7.496 0.0000000000
96629  -49.858  14.259  7.402 0.0000000000
95941  -49.881  13.531  7.624 0.0000000000
95328  -49.661  12.214  6.793 0.0000000000
95947  -49.658  13.502  6.916 0.0000000000
102809  -46.348  24.810  2.903 0.0000000000
102810  -46.780  24.785  2.910 0.0000000000
102193  -47.158  23.295  1.620 0.0000000000
98568  -49.318  17.780  3.331 0.0000000000
98559  -49.313  17.558  4.320 0.0000000000
98558  -48.936  17.133  4.228 0.0000000000
97885  -48.439  16.995  3.893 0.0000000000
88704  -38.144  2.660  4.390 0.0000000000
90627  -41.325  5.410  6.441 0.0000000000
90631  -41.615  5.180  5.698 0.0000000000
90628  -42.132  5.522  6.280 0.0000000000
104872  -35.877  28.128  7.219 0.0000000000
104374  -35.122  27.211  7.091 0.0000000000
104361  -36.051  27.314  8.150 0.0000000000
103793  -36.714  26.765  9.277 0.0000000000
104347  -37.021  27.527  9.330 0.0000000000
102782  -40.799  23.997  4.742 0.0000000000
102765  -40.495  24.312  5.312 0.0000000000
102739  -41.323  24.963  7.190 0.0000000000
102766  -41.821  24.669  5.478 0.0000000000
102784  -42.668  24.487  4.452 0.0000000000
102149  -41.746  23.984  4.125 0.0000000000
98630  -45.641  17.521  -1.858 0.0000000000
98631  -46.600  17.703  -2.061 0.0000000000
98647  -46.915  16.954  -2.472 0.0000000000
95923  -39.069  13.635  10.479 0.0000000000
95920  -39.520  13.179  10.481 0.0000000000
95292  -39.274  12.777  10.434 0.0000000000
95300  -39.777  12.520  9.866 0.0000000000
94638  -39.969  11.836  8.373 0.0000000000
94023  -44.389  10.260  7.127 0.0000000000
93380  -44.660  9.781  6.912 0.0000000000
93381  -45.153  9.721  6.996 0.0000000000
102117  -38.543  23.122  7.919 0.0000000000
101527  -38.939  22.558  7.245 0.0000000000
101535  -38.469  21.965  6.680 0.0000000000
100477  -45.805  20.464  3.180 0.0000000000
101023  -44.477  21.533  3.484 0.0000000000
99885  -45.215  19.805  3.661 0.0000000000
98523  -44.801  16.913  6.908 0.0000000000
98539  -44.832  17.578  6.418 0.0000000000
97856  -44.168  17.047  6.697 0.0000000000
97855  -43.395  16.754  6.641 0.0000000000
97841  -44.205  16.420  7.087 0.0000000000
96628  -44.447  15.347  7.785 0.0000000000
93396  -48.963  9.257  6.570 0.0000000000
93384  -48.432  9.683  7.202 0.0000000000
92687  -48.370  8.572  6.116 0.0000000000
92691  -47.981  8.130  5.327 0.0000000000
92016  -47.711  7.729  3.985 0.0000000000
92700  -48.173  8.477  4.446 0.0000000000
93442  -45.893  8.887  2.597 0.0000000000
92735  -45.206  8.402  0.888 0.0000000000
92734  -44.177  8.499  0.861 0.0000000000
95943  -45.951  13.363  6.181 0.0000000000
95336  -45.541  12.318  5.722 0.0000000000
92720  -41.182  8.530  1.814 0.0000000000
92043  -40.573  7.692  0.395 0.0000000000
92042  -39.916  7.482  0.733 0.0000000000
91382  -43.352  6.360  -0.591 0.0000000000
99927  -48.391  18.913  -0.364 0.0000000000
99910  -48.506  19.255  0.369 0.0000000000
99256  -48.902  18.365  0.255 0.0000000000
97918  -48.960  17.259  0.732 0.0000000000
98592  -49.006  17.483  1.412 0.0000000000
98589  -46.295  16.996  1.647 0.0000000000
90624  -38.933  5.232  6.750 0.0000000000
90620  -40.312  5.774  7.054 0.0000000000
91301  -40.117  6.451  7.280 0.0000000000
104894  -35.245  29.223  5.702 0.0000000000
99287  -44.145  18.061  -1.120 0.0000000000
97955  -43.987  16.733  -1.881 0.0000000000
96612  -41.605  14.227  8.519 0.0000000000
95931  -41.526  13.692  9.032 0.0000000000
95932  -42.230  13.768  8.883 0.0000000000
95933  -43.004  13.728  8.746 0.0000000000
102684  -36.286  24.613  12.515 0.0000000000
102090  -40.719  23.879  9.226 0.0000000000
99223  -48.294  18.556  5.645 0.0000000000
99205  -47.757  18.240  6.227 0.0000000000
98526  -47.782  17.204  7.286 0.0000000000
97844  -47.235  16.528  7.625 0.0000000000
97228  -47.735  15.807  7.954 0.0000000000
97213  -48.175  15.131  8.355 0.0000000000
94648  -49.758  12.355  7.532 0.0000000000
94028  -49.452  10.611  7.181 0.0000000000
94036  -49.582  10.605  6.599 0.0000000000
94066  -49.251  9.746  5.508 0.0000000000
94046  -49.285  10.523  5.838 0.0000000000
94676  -48.919  11.175  5.858 0.0000000000
94045  -48.510  10.586  5.309 0.0000000000
94044  -47.515  10.674  5.079 0.0000000000
103305  -45.653  25.693  7.749 0.0000000000
102727  -45.945  25.120  8.490 0.0000000000
103323  -45.769  25.361  6.602 0.0000000000
102152  -46.740  24.274  4.220 0.0000000000
102151  -46.290  23.949  4.841 0.0000000000
101568  -46.158  23.052  3.567 0.0000000000
101035  -45.906  21.964  2.944 0.0000000000
100490  -47.003  21.194  2.471 0.0000000000
99898  -48.536  19.768  1.203 0.0000000000
100492  -48.130  20.486  1.704 0.0000000000
99893  -48.678  19.797  2.225 0.0000000000
99889  -49.152  18.871  3.777 0.0000000000
99887  -47.254  19.781  3.569 0.0000000000
99878  -48.781  18.972  4.575 0.0000000000
98554  -49.267  17.708  5.829 0.0000000000
97858  -49.297  16.141  6.505 0.0000000000
97857  -49.110  15.890  6.223 0.0000000000
97238  -49.116  15.464  6.441 0.0000000000
97245  -47.930  15.576  5.851 0.0000000000
97884  -47.744  16.807  3.923 0.0000000000
97868  -45.379  16.019  4.709 0.0000000000
89354  -39.189  3.805  4.842 0.0000000000
90012  -39.741  4.214  4.512 0.0000000000
90024  -40.226  4.643  3.271 0.0000000000
90031  -39.563  4.077  2.666 0.0000000000
90661  -40.789  5.190  3.041 0.0000000000
90638  -42.457  5.412  4.744 0.0000000000
90650  -42.482  5.687  3.725 0.0000000000
91334  -42.905  6.061  3.231 0.0000000000
90651  -43.345  5.881  3.908 0.0000000000
102719  -28.356  24.589  8.366 0.0000000000
102094  -27.633  23.787  8.922 0.0000000000
102096  -29.122  23.637  8.188 0.0000000000
102097  -30.149  23.236  8.238 0.0000000000
102731  -30.104  24.555  7.587 0.0000000000
104881  -31.619  28.003  6.761 0.0000000000
104383  -32.000  27.471  6.536 0.0000000000
103295  -34.479  25.499  7.756 0.0000000000
103294  -33.186  25.549  7.125 0.0000000000
102735  -33.652  24.800  7.734 0.0000000000
102734  -32.735  24.725  7.446 0.0000000000
102736  -34.239  24.826  8.044 0.0000000000
102706  -34.818  24.340  9.446 0.0000000000
102724  -35.239  24.787  9.097 0.0000000000
103758  -38.773  26.725  11.995 0.0000000000
103239  -37.476  25.991  11.312 0.0000000000
103748  -38.952  26.254  12.673 0.0000000000
103218  -40.165  25.916  13.282 0.0000000000
103750  -40.705  26.973  13.250 0.0000000000
104336  -40.102  28.170  11.487 0.0000000000
103798  -40.985  26.578  10.450 0.0000000000
103279  -42.576  25.633  8.732 0.0000000000
103799  -43.232  26.299  10.081 0.0000000000
103780  -43.774  26.608  10.784 0.0000000000
103800  -44.201  26.284  9.515 0.0000000000
103816  -44.365  26.188  8.719 0.0000000000
103303  -43.886  25.821  7.672 0.0000000000
102800  -43.652  24.480  3.831 0.0000000000
102768  -44.152  25.379  5.408 0.0000000000
102801  -44.827  24.768  3.570 0.0000000000
102182  -44.714  24.050  2.644 0.0000000000
101052  -42.625  21.703  1.694 0.0000000000
101600  -42.820  22.223  2.075 0.0000000000
101066  -44.969  21.747  0.671 0.0000000000
100521  -45.550  21.088  0.178 0.0000000000
101067  -45.974  21.895  0.463 0.0000000000
100536  -46.881  20.338  -0.438 0.0000000000
100537  -47.627  19.970  -0.265 0.0000000000
99925  -47.349  19.580  -0.963 0.0000000000
98649  -48.274  16.464  -2.180 0.0000000000
97958  -48.496  16.280  -1.776 0.0000000000
97309  -48.506  15.969  -1.535 0.0000000000
97321  -48.382  15.679  -1.945 0.0000000000
96750  -47.156  14.682  -3.028 0.0000000000
96739  -47.181  14.520  -2.778 0.0000000000
96045  -46.560  13.738  -3.152 0.0000000000
96029  -46.482  13.657  -2.868 0.0000000000
96063  -46.336  13.758  -3.328 0.0000000000
97334  -45.803  15.158  -3.251 0.0000000000
94018  -39.336  10.200  7.446 0.0000000000
93388  -40.600  9.164  6.835 0.0000000000
92680  -41.084  8.271  6.790 0.0000000000
93389  -41.424  9.110  6.651 0.0000000000
94640  -41.935  11.974  8.507 0.0000000000
93391  -43.274  9.094  6.511 0.0000000000
94033  -42.747  9.934  6.728 0.0000000000
92682  -42.687  8.151  6.579 0.0000000000
91310  -44.943  6.588  5.996 0.0000000000
91324  -44.396  6.074  4.330 0.0000000000
100457  -38.294  20.666  5.759 0.0000000000
99202  -37.450  18.627  5.883 0.0000000000
102726  -45.142  24.275  8.409 0.0000000000
102725  -44.301  23.916  8.683 0.0000000000
102110  -44.369  23.732  8.165 0.0000000000
101544  -42.823  22.310  5.347 0.0000000000
101539  -42.983  22.660  6.291 0.0000000000
101538  -41.685  22.151  6.062 0.0000000000
101543  -41.951  21.840  5.078 0.0000000000
99236  -45.477  18.811  5.089 0.0000000000
99220  -45.196  18.527  5.458 0.0000000000
99233  -42.928  18.971  4.598 0.0000000000
99232  -41.935  19.180  4.633 0.0000000000
99871  -41.497  19.837  4.440 0.0000000000
99231  -41.289  19.344  4.688 0.0000000000
99870  -40.658  19.674  4.752 0.0000000000
99216  -41.176  18.743  5.028 0.0000000000
98536  -41.568  17.156  6.091 0.0000000000
98549  -40.854  17.922  5.625 0.0000000000
98535  -40.496  17.213  6.087 0.0000000000
97853  -41.127  16.492  6.515 0.0000000000
97234  -41.591  15.832  6.945 0.0000000000
97235  -42.237  15.756  7.057 0.0000000000
95934  -44.081  13.703  8.532 0.0000000000
95313  -44.700  12.906  8.474 0.0000000000
95937  -47.924  13.627  8.504 0.0000000000
95315  -47.271  12.832  8.361 0.0000000000
94658  -47.288  11.237  7.765 0.0000000000
94025  -46.757  10.412  7.471 0.0000000000
93382  -46.223  9.620  7.134 0.0000000000
93394  -46.789  8.819  6.749 0.0000000000
92007  -47.100  7.384  4.901 0.0000000000
92006  -46.433  7.036  5.252 0.0000000000
91326  -46.272  6.745  4.172 0.0000000000
91362  -46.789  7.012  0.795 0.0000000000
91361  -45.973  6.808  0.894 0.0000000000
91373  -46.063  7.095  -0.114 0.0000000000
93432  -47.849  8.866  3.699 0.0000000000
92727  -47.684  8.027  2.479 0.0000000000
92749  -45.805  8.194  0.004 0.0000000000
92750  -46.632  8.003  0.488 0.0000000000
92076  -45.230  8.207  -1.565 0.0000000000
91398  -45.387  7.864  -1.646 0.0000000000
92094  -44.033  8.114  -2.920 0.0000000000
91419  -43.851  7.636  -3.057 0.0000000000
92084  -43.925  8.135  -2.833 0.0000000000
92767  -42.808  8.176  -2.083 0.0000000000
92775  -42.887  7.919  -2.836 0.0000000000
92082  -41.549  7.519  -3.210 0.0000000000
92766  -41.944  7.821  -2.368 0.0000000000
95946  -48.623  13.499  6.590 0.0000000000
94673  -45.882  11.334  5.357 0.0000000000
94674  -46.972  11.290  5.562 0.0000000000
94079  -45.982  9.904  3.838 0.0000000000
94078  -44.857  10.137  3.844 0.0000000000
94060  -43.273  10.980  4.172 0.0000000000
93440  -43.790  9.151  2.530 0.0000000000
92733  -43.112  8.457  0.871 0.0000000000
92054  -41.399  7.784  -0.866 0.0000000000
92074  -40.908  7.522  -2.442 0.0000000000
90670  -41.560  5.729  1.880 0.0000000000
90679  -41.627  5.704  0.942 0.0000000000
90688  -41.688  5.662  -0.018 0.0000000000
98613  -48.783  17.476  -0.398 0.0000000000
97931  -48.838  17.004  0.135 0.0000000000
97917  -48.653  16.985  0.780 0.0000000000
97916  -47.920  16.763  0.806 0.0000000000
96624  -40.812  14.761  7.998 0.0000000000
102676  -39.823  24.982  12.877 0.0000000000
102712  -41.207  24.183  10.111 0.0000000000
98528  -49.292  16.912  6.761 0.0000000000
98527  -48.792  17.155  7.186 0.0000000000
97229  -48.770  15.674  7.904 0.0000000000
96619  -49.402  14.268  8.315 0.0000000000
94666  -49.549  11.282  6.484 0.0000000000
94665  -49.255  11.676  6.351 0.0000000000
94664  -48.513  11.819  6.228 0.0000000000
103345  -45.320  25.441  5.110 0.0000000000
103335  -45.867  25.256  5.659 0.0000000000
102787  -46.395  24.829  4.324 0.0000000000
102788  -46.850  24.572  3.914 0.0000000000
101587  -46.986  23.064  2.671 0.0000000000
99247  -49.378  18.489  2.154 0.0000000000
99243  -49.386  18.393  3.130 0.0000000000
99237  -49.267  18.623  4.678 0.0000000000
99225  -49.486  17.928  4.820 0.0000000000
97870  -47.641  16.456  4.674 0.0000000000
89356  -38.567  3.021  3.807 0.0000000000
89998  -40.608  5.037  6.152 0.0000000000
90006  -40.360  4.580  5.064 0.0000000000
90007  -41.047  4.911  5.018 0.0000000000
90014  -41.130  5.009  4.392 0.0000000000
90633  -43.212  5.567  5.507 0.0000000000
103824  -29.501  25.865  7.887 0.0000000000
104884  -34.177  28.224  5.976 0.0000000000
104384  -32.759  27.579  6.338 0.0000000000
104386  -34.610  27.494  6.655 0.0000000000
103828  -34.650  26.617  7.171 0.0000000000
103296  -35.163  26.213  7.793 0.0000000000
103273  -35.602  25.541  8.731 0.0000000000
103274  -36.367  26.081  9.109 0.0000000000
103774  -37.998  26.856  11.018 0.0000000000
103759  -39.530  27.488  12.181 0.0000000000
102738  -40.278  24.817  7.186 0.0000000000
103258  -41.035  26.166  9.891 0.0000000000
103278  -41.462  25.526  8.910 0.0000000000
103301  -41.899  25.236  7.885 0.0000000000
103319  -42.406  25.238  7.273 0.0000000000
103320  -43.176  25.412  6.971 0.0000000000
102753  -43.042  25.264  6.350 0.0000000000
102167  -43.232  23.910  3.404 0.0000000000
99908  -44.151  20.168  -0.037 0.0000000000
99909  -44.746  20.324  -0.129 0.0000000000
99923  -44.995  19.782  -0.542 0.0000000000
99924  -46.337  19.505  -1.095 0.0000000000
99941  -46.704  18.861  -1.512 0.0000000000
99942  -47.193  18.970  -1.453 0.0000000000
99290  -47.009  18.362  -1.798 0.0000000000
98632  -47.464  17.642  -2.143 0.0000000000
97973  -47.969  16.007  -2.565 0.0000000000
97337  -48.057  15.561  -2.359 0.0000000000
97348  -47.225  15.003  -3.000 0.0000000000
97347  -46.953  14.782  -3.128 0.0000000000
96599  -38.268  14.028  10.606 0.0000000000
96594  -38.245  13.723  11.093 0.0000000000
94651  -39.650  11.078  7.696 0.0000000000
94652  -40.609  11.282  7.680 0.0000000000
94020  -41.254  10.604  7.195 0.0000000000
94641  -42.962  12.076  8.452 0.0000000000
94654  -42.601  11.419  7.772 0.0000000000
94034  -43.706  9.877  6.789 0.0000000000
93392  -44.424  9.324  6.686 0.0000000000
92684  -44.957  8.120  6.491 0.0000000000
101534  -37.820  21.772  6.708 0.0000000000
100997  -38.127  21.287  6.191 0.0000000000
100461  -38.954  20.385  5.397 0.0000000000
101546  -45.032  23.328  5.413 0.0000000000
101545  -44.151  22.937  5.647 0.0000000000
101566  -44.110  21.893  3.887 0.0000000000
98540  -46.104  17.660  6.589 0.0000000000
98553  -44.779  18.170  5.852 0.0000000000
98552  -44.002  17.987  5.817 0.0000000000
98551  -43.006  17.895  5.700 0.0000000000
98537  -42.653  17.238  6.171 0.0000000000
97223  -42.894  15.635  7.262 0.0000000000
97224  -43.879  15.732  7.408 0.0000000000
96615  -44.788  14.677  8.199 0.0000000000
94659  -48.367  11.237  7.783 0.0000000000
94645  -47.833  11.989  8.189 0.0000000000
92686  -47.315  8.048  6.099 0.0000000000
92690  -47.396  7.760  5.505 0.0000000000
92015  -47.141  7.147  3.562 0.0000000000
92024  -47.265  7.027  2.438 0.0000000000
92036  -47.576  7.494  2.065 0.0000000000
92726  -47.202  8.345  2.124 0.0000000000
92725  -46.459  8.502  1.904 0.0000000000
92777  -44.029  8.278  -2.320 0.0000000000
92760  -44.628  8.490  -0.925 0.0000000000
92759  -43.746  8.462  -1.018 0.0000000000
95325  -46.986  12.693  6.369 0.0000000000
94695  -45.255  11.245  5.099 0.0000000000
93427  -43.136  9.800  3.190 0.0000000000
92732  -41.986  8.317  0.874 0.0000000000
92053  -40.662  7.595  -0.405 0.0000000000
92052  -39.412  6.955  -0.549 0.0000000000
90038  -39.657  4.023  1.700 0.0000000000
100523  -47.358  20.924  0.452 0.0000000000
101069  -47.315  21.985  1.002 0.0000000000
100524  -48.029  20.015  0.416 0.0000000000
99251  -49.248  18.506  1.368 0.0000000000
98600  -49.234  18.170  0.914 0.0000000000
98578  -47.100  17.069  2.428 0.0000000000
98590  -47.368  17.007  1.527 0.0000000000
88701  -38.200  3.049  4.807 0.0000000000
89350  -38.449  3.645  5.344 0.0000000000
90001  -39.353  4.398  5.671 0.0000000000
90625  -39.762  5.299  6.698 0.0000000000
89997  -39.970  4.889  6.212 0.0000000000
90626  -40.516  5.365  6.595 0.0000000000
90621  -40.961  5.746  6.922 0.0000000000
91303  -41.647  6.115  7.017 0.0000000000
104892  -33.707  28.983  5.683 0.0000000000
104893  -34.539  28.988  5.627 0.0000000000
104885  -35.433  28.352  6.534 0.0000000000
104873  -36.492  28.447  7.680 0.0000000000
101564  -41.842  23.051  3.181 0.0000000000
99907  -43.154  19.867  0.193 0.0000000000
99269  -44.427  18.834  -0.909 0.0000000000
99288  -45.045  18.247  -1.374 0.0000000000
97957  -45.734  16.888  -2.207 0.0000000000
97956  -45.076  16.783  -2.057 0.0000000000
97970  -44.539  16.094  -2.474 0.0000000000
95926  -41.477  13.300  9.427 0.0000000000
95303  -42.182  13.037  9.413 0.0000000000
94642  -44.138  12.135  8.258 0.0000000000
102105  -39.213  23.575  8.513 0.0000000000
101528  -40.055  22.526  7.203 0.0000000000
99876  -46.756  19.365  4.335 0.0000000000
99863  -46.432  19.099  4.831 0.0000000000
99221  -46.183  18.736  5.361 0.0000000000
98541  -47.216  17.742  6.739 0.0000000000
97843  -46.163  16.523  7.516 0.0000000000
97211  -45.910  15.254  8.068 0.0000000000
97212  -47.038  15.206  8.290 0.0000000000
95938  -48.957  13.582  8.442 0.0000000000
95317  -49.305  12.810  8.201 0.0000000000
94646  -48.848  12.031  8.063 0.0000000000
94660  -49.207  11.343  7.613 0.0000000000
93397  -49.440  9.975  6.758 0.0000000000
93400  -49.115  9.145  5.864 0.0000000000
93413  -48.344  9.343  4.399 0.0000000000
93412  -47.594  9.581  3.941 0.0000000000
93431  -47.185  9.124  3.336 0.0000000000
93430  -46.346  9.290  3.235 0.0000000000
95355  -44.184  12.070  5.069 0.0000000000
94059  -42.823  11.095  4.078 0.0000000000
94076  -42.510  10.782  3.742 0.0000000000
92730  -40.131  7.811  1.320 0.0000000000
103243  -45.289  25.896  10.605 0.0000000000
102701  -44.578  25.233  10.752 0.0000000000
102124  -45.499  24.044  7.206 0.0000000000
102754  -46.060  24.741  6.212 0.0000000000
102137  -45.954  24.095  5.738 0.0000000000
102136  -45.171  23.561  5.998 0.0000000000
101555  -45.232  23.150  4.673 0.0000000000
100488  -45.569  21.124  2.955 0.0000000000
101055  -47.385  22.066  1.632 0.0000000000
100491  -47.599  21.125  2.050 0.0000000000
100479  -47.537  20.357  2.760 0.0000000000
99865  -48.015  18.972  5.129 0.0000000000
99224  -49.172  18.321  5.310 0.0000000000
99207  -49.088  17.934  5.947 0.0000000000
98543  -49.081  17.602  6.449 0.0000000000
96633  -48.001  14.324  6.416 0.0000000000
97246  -48.597  15.614  6.104 0.0000000000
96632  -46.784  14.244  6.274 0.0000000000
96631  -46.005  13.795  6.197 0.0000000000
95953  -45.329  13.394  5.869 0.0000000000
97869  -46.509  16.334  4.631 0.0000000000
97861  -46.290  15.933  5.149 0.0000000000
89365  -39.050  3.492  3.190 0.0000000000
90662  -41.550  5.603  2.885 0.0000000000
103292  -31.115  25.504  7.046 0.0000000000
103839  -32.533  26.849  6.558 0.0000000000
103313  -31.687  26.045  6.830 0.0000000000
102733  -31.828  24.625  7.301 0.0000000000
102115  -32.388  24.079  7.778 0.0000000000
102100  -33.566  23.722  8.932 0.0000000000
102084  -34.138  23.767  9.774 0.0000000000
102694  -35.408  24.438  11.052 0.0000000000
102695  -36.087  24.811  11.449 0.0000000000
103254  -36.605  25.582  10.164 0.0000000000
103238  -36.846  25.337  11.888 0.0000000000
103217  -38.912  25.580  12.982 0.0000000000
102678  -41.646  25.624  13.088 0.0000000000
103221  -43.199  26.406  13.005 0.0000000000
104834  -38.260  28.611  10.261 0.0000000000
104333  -38.138  28.073  10.426 0.0000000000
104315  -39.206  27.868  11.514 0.0000000000
103241  -41.666  26.443  10.410 0.0000000000
103762  -42.083  27.491  11.779 0.0000000000
104304  -41.088  27.843  12.896 0.0000000000
104320  -42.990  27.549  12.622 0.0000000000
103753  -44.019  26.950  12.216 0.0000000000
103223  -44.371  26.524  11.954 0.0000000000
103801  -45.143  26.325  9.545 0.0000000000
103817  -44.997  26.297  8.630 0.0000000000
103322  -45.103  25.815  6.761 0.0000000000
103332  -43.597  25.432  6.349 0.0000000000
103333  -44.348  25.550  6.021 0.0000000000
102786  -45.506  25.217  4.318 0.0000000000
102808  -45.560  24.729  2.960 0.0000000000
102191  -45.981  23.860  1.795 0.0000000000
101565  -42.421  23.223  3.095 0.0000000000
102180  -42.847  23.415  3.099 0.0000000000
102181  -43.581  23.556  2.872 0.0000000000
101065  -44.317  21.246  0.669 0.0000000000
101054  -44.699  22.206  1.034 0.0000000000
101584  -44.009  23.182  2.245 0.0000000000
101602  -44.842  22.966  1.419 0.0000000000
101603  -46.115  23.238  1.199 0.0000000000
101068  -46.777  21.900  0.619 0.0000000000
99926  -47.953  19.314  -0.711 0.0000000000
99944  -48.221  18.770  -0.944 0.0000000000
99292  -48.143  18.317  -1.284 0.0000000000
96729  -46.950  14.263  -2.280 0.0000000000
92677  -39.254  8.329  7.323 0.0000000000
93379  -39.736  9.252  7.150 0.0000000000
91993  -41.040  7.157  7.081 0.0000000000
91994  -42.066  6.719  7.012 0.0000000000
94021  -42.199  10.689  7.200 0.0000000000
94032  -41.807  9.950  6.696 0.0000000000
92681  -41.819  8.292  6.636 0.0000000000
91999  -42.016  7.480  6.823 0.0000000000
91308  -42.507  6.065  6.708 0.0000000000
90629  -42.829  5.647  6.147 0.0000000000
91314  -43.831  5.768  5.608 0.0000000000
90634  -43.764  5.681  5.165 0.0000000000
90640  -43.892  5.803  4.563 0.0000000000
91336  -44.454  6.290  3.397 0.0000000000
98546  -38.064  17.996  5.853 0.0000000000
98533  -38.478  17.281  6.190 0.0000000000
102714  -43.969  24.288  9.550 0.0000000000
101531  -43.234  22.996  7.056 0.0000000000
102121  -42.810  23.187  7.746 0.0000000000
102107  -41.239  23.493  8.478 0.0000000000
102120  -41.745  23.015  7.802 0.0000000000
101529  -41.159  22.501  7.112 0.0000000000
101537  -40.491  22.060  6.486 0.0000000000
99884  -44.195  19.951  3.649 0.0000000000
99883  -43.319  20.154  3.776 0.0000000000
99234  -43.930  18.839  4.717 0.0000000000
99873  -43.544  19.458  4.120 0.0000000000
100469  -42.543  20.659  3.971 0.0000000000
101011  -41.550  21.272  4.648 0.0000000000
101010  -40.845  21.140  4.877 0.0000000000
100999  -39.878  21.669  5.946 0.0000000000
100462  -39.850  20.532  5.034 0.0000000000
99861  -39.726  19.574  5.093 0.0000000000
99215  -40.190  18.664  5.296 0.0000000000
99214  -39.265  18.722  5.465 0.0000000000
98534  -39.497  17.222  6.129 0.0000000000
97233  -40.613  15.944  6.869 0.0000000000
97221  -41.117  15.369  7.413 0.0000000000
96625  -41.807  14.782  7.909 0.0000000000
96626  -42.739  14.896  7.844 0.0000000000
96616  -46.221  14.504  8.355 0.0000000000
95314  -46.019  12.877  8.323 0.0000000000
94644  -46.654  12.017  8.173 0.0000000000
92003  -46.369  7.341  5.733 0.0000000000
91316  -45.745  6.675  5.246 0.0000000000
91348  -44.778  6.476  2.234 0.0000000000
91360  -45.030  6.562  1.089 0.0000000000
91396  -44.300  6.805  -2.022 0.0000000000
92712  -47.813  8.190  3.400 0.0000000000
92044  -47.181  7.594  0.891 0.0000000000
92737  -46.992  8.214  1.267 0.0000000000
92055  -46.167  7.672  -0.112 0.0000000000
91385  -45.653  7.520  -1.062 0.0000000000
91397  -44.900  7.475  -1.989 0.0000000000
91409  -44.127  7.226  -2.818 0.0000000000
92092  -43.087  7.629  -3.182 0.0000000000
92776  -43.631  8.151  -2.631 0.0000000000
94663  -47.490  11.880  6.160 0.0000000000
94063  -46.888  10.215  4.367 0.0000000000
93441  -44.869  8.955  2.594 0.0000000000
94694  -44.651  11.322  4.880 0.0000000000
92757  -41.976  7.983  -1.369 0.0000000000
89351  -39.191  4.022  5.262 0.0000000000
90005  -39.684  4.280  5.173 0.0000000000
90652  -43.934  6.045  3.926 0.0000000000
91304  -42.171  6.312  6.963 0.0000000000
91311  -45.645  6.920  5.865 0.0000000000
91420  -44.133  7.921  -2.957 0.0000000000
91995  -42.419  6.481  6.884 0.0000000000
92035  -47.321  7.117  1.509 0.0000000000
92045  -47.510  7.501  1.480 0.0000000000
92056  -46.712  7.648  0.383 0.0000000000
92075  -44.870  7.984  -2.161 0.0000000000
92085  -44.199  8.086  -2.675 0.0000000000
92093  -43.799  7.981  -2.971 0.0000000000
92688  -48.874  8.860  6.067 0.0000000000
92701  -48.502  8.586  5.126 0.0000000000
92761  -45.311  8.345  -0.888 0.0000000000
92769  -44.486  8.344  -1.813 0.0000000000
92782  -43.486  8.046  -2.868 0.0000000000
93415  -49.238  9.434  5.645 0.0000000000
94027  -48.839  10.480  7.496 0.0000000000
94042  -45.959  10.890  5.064 0.0000000000
95304  -42.515  13.182  9.240 0.0000000000
95318  -49.782  12.845  7.812 0.0000000000
95324  -46.084  12.853  6.147 0.0000000000
95928  -42.605  13.382  9.086 0.0000000000
96044  -46.146  13.564  -3.188 0.0000000000
96620  -49.844  14.280  7.914 0.0000000000
97225  -44.746  15.873  7.545 0.0000000000
97232  -39.926  16.097  6.804 0.0000000000
97243  -45.824  15.460  5.376 0.0000000000
97839  -42.860  15.994  6.961 0.0000000000
97842  -45.190  16.461  7.329 0.0000000000
98542  -48.259  17.725  6.724 0.0000000000
98648  -47.788  16.788  -2.419 0.0000000000
99219  -44.354  18.437  5.349 0.0000000000
99235  -44.862  18.811  4.901 0.0000000000
99250  -48.927  18.898  0.981 0.0000000000
99864  -47.087  19.057  4.976 0.0000000000
99869  -40.103  20.019  4.845 0.0000000000
99882  -42.848  20.341  3.866 0.0000000000
99922  -43.772  19.370  -0.390 0.0000000000
100460  -38.233  20.113  5.600 0.0000000000
100466  -40.380  20.317  4.789 0.0000000000
100467  -41.001  20.523  4.627 0.0000000000
100468  -41.850  20.576  4.256 0.0000000000
100474  -43.135  20.744  3.764 0.0000000000
100476  -44.864  20.685  3.269 0.0000000000
100489  -46.261  21.173  2.742 0.0000000000
100502  -42.961  21.062  1.085 0.0000000000
100503  -47.649  21.224  1.302 0.0000000000
100520  -44.664  20.816  0.266 0.0000000000
101000  -40.688  21.757  5.805 0.0000000000
101003  -38.723  21.046  5.739 0.0000000000
101004  -39.408  21.140  5.509 0.0000000000
101005  -40.286  21.286  5.275 0.0000000000
101012  -42.324  21.261  4.296 0.0000000000
101013  -43.007  21.572  4.249 0.0000000000
101022  -43.550  21.437  3.829 0.0000000000
101024  -45.280  22.092  3.362 0.0000000000
101034  -45.192  21.468  3.165 0.0000000000
101037  -47.188  22.116  2.196 0.0000000000
101053  -43.958  21.732  1.149 0.0000000000
101532  -43.771  23.195  7.053 0.0000000000
101540  -43.799  23.068  6.574 0.0000000000
101552  -42.092  21.564  4.664 0.0000000000
101553  -42.632  21.811  4.673 0.0000000000
101569  -46.976  23.638  3.164 0.0000000000
101583  -42.678  22.731  2.567 0.0000000000
101585  -44.696  23.513  2.064 0.0000000000
101586  -46.471  22.559  2.943 0.0000000000
101605  -47.186  22.724  1.387 0.0000000000
101610  -45.562  22.529  0.847 0.0000000000
101611  -46.420  22.613  0.821 0.0000000000
101612  -46.979  22.562  0.943 0.0000000000
102080  -27.780  23.190  9.049 0.0000000000
102095  -28.226  23.522  8.608 0.0000000000
102099  -32.495  23.476  8.633 0.0000000000
102108  -42.318  23.474  8.495 0.0000000000
102112  -29.853  23.941  7.888 0.0000000000
102113  -30.655  23.795  7.835 0.0000000000
102118  -39.602  23.103  7.819 0.0000000000
102119  -40.667  23.036  7.805 0.0000000000
102122  -43.830  23.395  7.584 0.0000000000
102123  -44.863  23.745  7.563 0.0000000000
102126  -44.301  23.362  7.004 0.0000000000
102128  -45.722  24.109  6.570 0.0000000000
102135  -44.479  23.326  6.402 0.0000000000
102150  -45.577  23.616  5.345 0.0000000000
102165  -41.388  23.437  3.754 0.0000000000
102169  -46.552  23.774  4.145 0.0000000000
102170  -46.983  24.072  3.624 0.0000000000
102183  -45.820  24.360  2.424 0.0000000000
102184  -46.902  24.263  2.574 0.0000000000
102185  -47.174  23.555  2.087 0.0000000000
102192  -46.807  23.722  1.659 0.0000000000
102690  -44.429  25.607  11.518 0.0000000000
102702  -45.267  25.453  10.231 0.0000000000
102707  -35.611  24.749  9.864 0.0000000000
102716  -45.901  25.430  9.060 0.0000000000
102718  -27.851  24.132  8.664 0.0000000000
102720  -29.334  24.579  7.903 0.0000000000
102721  -33.156  24.117  8.083 0.0000000000
102722  -33.982  24.320  8.321 0.0000000000
102723  -34.730  24.798  8.547 0.0000000000
102732  -30.926  24.549  7.377 0.0000000000
102740  -41.929  25.107  7.205 0.0000000000
102741  -45.435  24.192  7.641 0.0000000000
102799  -42.961  24.187  3.786 0.0000000000
102803  -46.728  24.763  3.395 0.0000000000
103208  -41.613  26.607  13.474 0.0000000000
103210  -42.567  26.563  13.388 0.0000000000
103215  -37.309  24.504  13.175 0.0000000000
103216  -37.892  24.873  13.093 0.0000000000
103219  -41.311  26.186  13.401 0.0000000000
103220  -42.285  25.964  13.195 0.0000000000
103222  -43.913  26.510  12.443 0.0000000000
103230  -38.613  26.066  12.616 0.0000000000
103231  -43.017  25.786  12.634 0.0000000000
103232  -43.707  26.004  12.472 0.0000000000
103233  -44.445  25.965  12.023 0.0000000000
103234  -44.788  26.275  11.369 0.0000000000
103240  -41.235  26.515  10.431 0.0000000000
103242  -44.834  25.766  11.326 0.0000000000
103244  -45.532  25.933  9.919 0.0000000000
103253  -35.974  25.244  9.545 0.0000000000
103260  -43.201  26.053  9.323 0.0000000000
103261  -45.506  25.631  9.948 0.0000000000
103262  -45.741  25.751  9.418 0.0000000000
103271  -29.040  25.413  8.047 0.0000000000
103280  -43.668  25.966  8.560 0.0000000000
103281  -44.395  26.116  8.230 0.0000000000
103282  -45.816  25.747  8.688 0.0000000000
103291  -30.352  25.242  7.361 0.0000000000
103304  -44.860  26.060  7.677 0.0000000000
103314  -32.389  26.119  6.740 0.0000000000
103315  -33.033  26.324  6.740 0.0000000000
103344  -44.704  25.486  5.395 0.0000000000
103346  -45.927  25.168  4.926 0.0000000000
103741  -41.383  26.809  13.458 0.0000000000
103742  -41.837  26.939  13.556 0.0000000000
103743  -42.375  26.943  13.537 0.0000000000
103749  -39.588  26.679  12.776 0.0000000000
103751  -42.946  26.998  13.378 0.0000000000
103752  -43.501  27.116  12.812 0.0000000000
103757  -38.064  26.287  11.696 0.0000000000
103760  -40.698  28.046  11.649 0.0000000000
103763  -43.303  27.294  11.992 0.0000000000
103777  -40.358  27.803  11.140 0.0000000000
103778  -41.277  26.974  11.000 0.0000000000
103781  -44.777  26.428  10.491 0.0000000000
103782  -45.314  26.167  10.030 0.0000000000
103794  -37.357  27.022  10.031 0.0000000000
103802  -45.525  26.099  9.588 0.0000000000
103813  -36.183  26.681  8.615 0.0000000000
103829  -35.271  26.855  7.489 0.0000000000
103832  -45.356  26.133  8.092 0.0000000000
103833  -45.556  26.066  8.428 0.0000000000
103840  -33.297  26.909  6.559 0.0000000000
103841  -34.009  26.954  6.708 0.0000000000
104295  -41.526  27.329  13.345 0.0000000000
104296  -42.208  27.321  13.399 0.0000000000
104297  -42.596  27.225  13.402 0.0000000000
104305  -41.984  27.763  13.041 0.0000000000
104306  -42.805  27.491  13.074 0.0000000000
104307  -43.195  27.425  12.677 0.0000000000
104316  -39.862  28.140  11.827 0.0000000000
104317  -40.647  28.223  12.005 0.0000000000
104318  -41.585  27.917  12.365 0.0000000000
104319  -42.500  27.672  12.527 0.0000000000
104334  -38.822  28.405  10.896 0.0000000000
104348  -37.474  28.020  9.598 0.0000000000
104362  -36.599  27.730  8.617 0.0000000000
104363  -37.085  27.967  9.085 0.0000000000
104375  -35.690  27.612  7.467 0.0000000000
104376  -36.177  27.794  8.003 0.0000000000
104385  -33.655  27.562  6.290 0.0000000000
104883  -33.037  28.490  6.017 0.0000000000
105447  -31.705  28.596  6.898 0.0000000000
