#!ascii label  , from subject msSRGRS20160210 vox2ras=TkReg
1355
50758  -34.019  -40.828  20.474 0.0000000000
62808  -45.829  -27.561  17.354 0.0000000000
58957  -37.806  -31.847  18.349 0.0000000000
34418  -6.163  -57.224  45.769 0.0000000000
49583  -31.090  -41.696  25.973 0.0000000000
37432  -21.355  -54.339  40.394 0.0000000000
40384  -27.349  -50.789  38.708 0.0000000000
43689  -32.128  -47.371  33.671 0.0000000000
46793  -35.106  -44.329  31.826 0.0000000000
38393  -12.810  -52.595  38.509 0.0000000000
36491  -17.248  -54.569  41.221 0.0000000000
38428  -16.539  -52.784  36.819 0.0000000000
40437  -23.099  -50.426  34.213 0.0000000000
41515  -28.436  -50.431  33.559 0.0000000000
49561  -37.734  -42.442  27.909 0.0000000000
49625  -40.776  -42.205  23.771 0.0000000000
61836  -41.327  -29.662  18.358 0.0000000000
53606  -36.381  -37.401  18.432 0.0000000000
64774  -43.586  -25.659  11.649 0.0000000000
31082  -4.030  -59.307  48.790 0.0000000000
51582  -34.162  -40.325  29.740 0.0000000000
52587  -31.327  -39.329  23.904 0.0000000000
39384  -20.647  -51.821  35.284 0.0000000000
38383  -24.372  -52.701  39.167 0.0000000000
52596  -42.696  -37.956  23.125 0.0000000000
67558  -50.021  -22.312  8.510 0.0000000000
42656  -29.600  -47.841  30.954 0.0000000000
44781  -31.693  -46.642  30.291 0.0000000000
38411  -15.200  -52.590  37.911 0.0000000000
41545  -25.910  -49.892  31.573 0.0000000000
42654  -27.453  -49.370  30.692 0.0000000000
42609  -30.813  -48.668  33.754 0.0000000000
49610  -35.114  -42.223  24.707 0.0000000000
50645  -38.849  -42.194  25.932 0.0000000000
49623  -37.201  -41.607  23.269 0.0000000000
60841  -43.696  -29.248  17.970 0.0000000000
61796  -44.293  -29.122  21.627 0.0000000000
63736  -47.825  -26.098  17.405 0.0000000000
35451  -4.644  -55.801  44.867 0.0000000000
33316  -4.809  -58.137  46.808 0.0000000000
48603  -32.841  -42.851  28.423 0.0000000000
49529  -34.323  -41.687  30.857 0.0000000000
50624  -31.940  -40.645  28.310 0.0000000000
51613  -33.232  -39.754  27.617 0.0000000000
51644  -30.732  -39.821  24.588 0.0000000000
37430  -19.161  -54.512  40.144 0.0000000000
35490  -19.145  -55.964  42.782 0.0000000000
35492  -21.153  -55.870  42.480 0.0000000000
35501  -22.712  -55.509  41.973 0.0000000000
39405  -18.068  -51.591  33.513 0.0000000000
40451  -19.920  -50.596  33.066 0.0000000000
40422  -26.024  -50.823  35.733 0.0000000000
39368  -23.886  -51.697  36.637 0.0000000000
40382  -25.897  -51.415  38.794 0.0000000000
38341  -26.392  -53.177  40.748 0.0000000000
36456  -9.841  -54.448  42.583 0.0000000000
36433  -11.428  -54.249  44.309 0.0000000000
36412  -11.967  -54.657  46.346 0.0000000000
56273  -37.311  -34.629  17.932 0.0000000000
53555  -39.271  -37.504  21.061 0.0000000000
56250  -39.854  -34.655  20.743 0.0000000000
66611  -52.020  -23.007  8.031 0.0000000000
33296  -7.569  -57.885  48.898 0.0000000000
45789  -33.649  -45.882  35.444 0.0000000000
46751  -34.817  -44.564  34.754 0.0000000000
44737  -33.314  -45.996  32.444 0.0000000000
45894  -33.463  -45.609  28.941 0.0000000000
38337  -12.786  -53.088  41.034 0.0000000000
37387  -15.465  -53.957  42.463 0.0000000000
38359  -15.381  -53.403  40.402 0.0000000000
37457  -17.190  -53.700  39.326 0.0000000000
38399  -19.126  -53.527  37.957 0.0000000000
41528  -21.045  -49.436  32.270 0.0000000000
41530  -23.127  -49.228  32.021 0.0000000000
41493  -25.989  -50.418  34.024 0.0000000000
40424  -27.728  -50.330  36.113 0.0000000000
41449  -29.949  -49.188  36.575 0.0000000000
43633  -31.937  -47.765  36.680 0.0000000000
38373  -10.992  -52.991  39.060 0.0000000000
50609  -38.941  -42.269  30.024 0.0000000000
47704  -41.643  -44.184  29.287 0.0000000000
48615  -41.118  -43.230  27.959 0.0000000000
47738  -42.925  -43.798  25.131 0.0000000000
60824  -39.772  -30.337  18.420 0.0000000000
57966  -40.959  -32.530  21.360 0.0000000000
61793  -41.484  -29.754  20.936 0.0000000000
27616  -1.678  -61.241  53.180 0.0000000000
51768  -35.212  -39.700  18.828 0.0000000000
56289  -34.760  -34.673  16.258 0.0000000000
60854  -36.438  -30.610  16.190 0.0000000000
60873  -38.637  -29.520  15.387 0.0000000000
61881  -40.399  -28.705  15.323 0.0000000000
62839  -42.997  -27.209  15.155 0.0000000000
63778  -44.698  -26.188  15.229 0.0000000000
63797  -42.245  -26.262  12.572 0.0000000000
32199  -6.390  -59.401  49.700 0.0000000000
31060  -5.324  -60.526  50.421 0.0000000000
28795  -3.515  -61.554  52.312 0.0000000000
49496  -39.366  -42.754  33.695 0.0000000000
47652  -35.791  -43.217  33.894 0.0000000000
50553  -36.605  -41.395  33.106 0.0000000000
50577  -38.160  -41.392  31.628 0.0000000000
50605  -35.708  -40.691  28.895 0.0000000000
51626  -34.240  -40.008  26.254 0.0000000000
51676  -33.043  -40.017  22.540 0.0000000000
36448  -17.564  -55.649  43.461 0.0000000000
39361  -17.990  -52.539  35.852 0.0000000000
38401  -20.973  -53.094  37.938 0.0000000000
40418  -21.706  -51.310  34.875 0.0000000000
38418  -22.278  -52.558  37.365 0.0000000000
37450  -23.073  -53.485  39.451 0.0000000000
37410  -24.859  -54.279  40.777 0.0000000000
35473  -5.726  -55.442  43.536 0.0000000000
35476  -7.949  -55.570  43.137 0.0000000000
35442  -8.220  -55.975  45.462 0.0000000000
51699  -38.602  -39.740  21.147 0.0000000000
50704  -42.047  -40.507  22.480 0.0000000000
50708  -45.495  -40.889  22.724 0.0000000000
55350  -43.503  -35.542  24.206 0.0000000000
64744  -46.408  -24.988  14.945 0.0000000000
66566  -48.532  -23.720  13.232 0.0000000000
67517  -49.538  -22.528  12.414 0.0000000000
67534  -48.253  -22.346  10.306 0.0000000000
68459  -51.369  -21.933  11.074 0.0000000000
42670  -28.936  -47.901  30.165 0.0000000000
43744  -29.567  -47.382  29.712 0.0000000000
43761  -27.931  -47.603  28.666 0.0000000000
42653  -26.271  -49.310  30.211 0.0000000000
42669  -27.948  -48.306  29.762 0.0000000000
42655  -28.637  -48.631  30.845 0.0000000000
50698  -34.146  -41.372  22.383 0.0000000000
48662  -36.277  -42.234  24.007 0.0000000000
50723  -35.161  -41.348  21.376 0.0000000000
61856  -44.568  -28.360  17.392 0.0000000000
61825  -45.824  -29.169  19.353 0.0000000000
61826  -46.699  -28.739  19.199 0.0000000000
62785  -48.009  -27.774  18.838 0.0000000000
62810  -47.255  -26.943  17.633 0.0000000000
33339  -5.640  -57.137  45.570 0.0000000000
34417  -4.704  -57.071  45.660 0.0000000000
33328  -5.860  -57.574  46.121 0.0000000000
49570  -31.727  -41.932  27.343 0.0000000000
49559  -32.394  -42.064  28.513 0.0000000000
50642  -31.239  -41.140  26.843 0.0000000000
51623  -31.242  -40.105  26.877 0.0000000000
50641  -30.918  -40.695  26.212 0.0000000000
37358  -13.730  -53.964  44.303 0.0000000000
37431  -20.221  -54.435  40.124 0.0000000000
36478  -20.177  -55.095  41.418 0.0000000000
36479  -21.269  -54.937  41.309 0.0000000000
36463  -22.117  -55.368  42.031 0.0000000000
37407  -22.026  -54.543  40.995 0.0000000000
40395  -26.563  -51.036  37.860 0.0000000000
40394  -25.833  -51.411  38.163 0.0000000000
40383  -26.533  -51.228  39.036 0.0000000000
39320  -26.407  -51.612  39.827 0.0000000000
37384  -12.411  -53.568  42.446 0.0000000000
37356  -12.217  -53.970  44.153 0.0000000000
37345  -12.518  -54.016  44.608 0.0000000000
47661  -41.095  -44.405  32.832 0.0000000000
58007  -37.956  -32.846  18.271 0.0000000000
56263  -38.959  -34.661  19.571 0.0000000000
57094  -39.301  -33.687  19.517 0.0000000000
44691  -33.136  -46.502  34.532 0.0000000000
45799  -33.758  -45.780  34.305 0.0000000000
44736  -32.705  -46.508  32.606 0.0000000000
44794  -32.177  -46.287  29.241 0.0000000000
44808  -31.940  -46.012  28.252 0.0000000000
46848  -32.699  -44.553  27.502 0.0000000000
38357  -13.445  -52.889  40.333 0.0000000000
38358  -14.425  -53.023  40.404 0.0000000000
38376  -14.107  -52.762  39.541 0.0000000000
38427  -15.468  -52.601  37.037 0.0000000000
38396  -15.758  -52.836  38.739 0.0000000000
38413  -17.324  -52.995  37.599 0.0000000000
38398  -18.078  -53.525  38.175 0.0000000000
38414  -18.380  -53.104  37.380 0.0000000000
42623  -22.208  -48.838  31.556 0.0000000000
41534  -27.173  -50.451  32.462 0.0000000000
41532  -25.274  -49.902  32.307 0.0000000000
41513  -26.523  -50.530  33.254 0.0000000000
40441  -26.972  -50.612  34.929 0.0000000000
41495  -27.876  -50.541  34.354 0.0000000000
41464  -28.867  -49.796  36.304 0.0000000000
41497  -29.468  -49.841  34.545 0.0000000000
43688  -31.559  -48.077  33.957 0.0000000000
42597  -31.180  -48.594  34.655 0.0000000000
43672  -32.249  -47.543  34.784 0.0000000000
44667  -32.850  -46.922  36.714 0.0000000000
38374  -12.106  -52.907  39.293 0.0000000000
49546  -37.929  -42.253  29.018 0.0000000000
49565  -40.587  -42.930  28.666 0.0000000000
49563  -39.393  -42.481  28.261 0.0000000000
49613  -39.820  -42.216  24.488 0.0000000000
48638  -40.571  -42.849  25.737 0.0000000000
48652  -42.402  -43.214  24.645 0.0000000000
47749  -43.682  -43.652  24.643 0.0000000000
48665  -42.642  -42.662  23.865 0.0000000000
61835  -40.283  -29.881  18.167 0.0000000000
60809  -40.494  -30.040  19.625 0.0000000000
61807  -41.351  -29.636  20.351 0.0000000000
61783  -45.201  -28.897  22.592 0.0000000000
60855  -37.547  -30.285  16.187 0.0000000000
60885  -37.018  -29.436  14.735 0.0000000000
61895  -39.467  -28.455  14.264 0.0000000000
62836  -40.706  -27.738  14.236 0.0000000000
62824  -41.982  -27.871  15.239 0.0000000000
62849  -41.290  -27.016  13.704 0.0000000000
63786  -42.288  -26.585  13.721 0.0000000000
33305  -3.230  -58.150  47.544 0.0000000000
32207  -2.939  -59.085  49.009 0.0000000000
32201  -8.048  -58.827  49.681 0.0000000000
33295  -6.881  -58.298  48.781 0.0000000000
31069  -7.574  -59.693  49.735 0.0000000000
28801  -6.255  -61.531  50.058 0.0000000000
28800  -5.390  -61.815  50.631 0.0000000000
29951  -4.087  -60.692  51.503 0.0000000000
27628  -4.800  -62.296  50.955 0.0000000000
26531  -3.847  -62.602  51.473 0.0000000000
46758  -34.887  -44.540  33.753 0.0000000000
46759  -35.372  -43.937  34.368 0.0000000000
46779  -35.256  -44.038  32.565 0.0000000000
50583  -33.948  -40.809  30.296 0.0000000000
49522  -35.227  -41.631  32.099 0.0000000000
51565  -35.382  -40.771  31.101 0.0000000000
50565  -37.070  -41.073  32.403 0.0000000000
51574  -36.272  -40.781  30.583 0.0000000000
50587  -37.443  -41.239  30.732 0.0000000000
51583  -35.233  -40.338  29.472 0.0000000000
51636  -32.370  -39.708  25.608 0.0000000000
51625  -33.259  -39.777  26.519 0.0000000000
51646  -32.528  -39.690  24.547 0.0000000000
51647  -33.359  -39.962  24.347 0.0000000000
51657  -32.727  -39.748  23.507 0.0000000000
37405  -16.209  -54.060  41.547 0.0000000000
37374  -16.218  -54.656  43.109 0.0000000000
36458  -17.176  -55.034  42.508 0.0000000000
39397  -18.877  -51.793  34.198 0.0000000000
39382  -18.420  -52.200  35.082 0.0000000000
39363  -19.817  -52.291  36.111 0.0000000000
38431  -19.620  -52.700  36.590 0.0000000000
38432  -20.432  -52.511  36.574 0.0000000000
40453  -22.209  -50.235  33.567 0.0000000000
40452  -21.187  -50.485  33.424 0.0000000000
40419  -22.623  -50.996  35.007 0.0000000000
39347  -24.216  -51.980  37.406 0.0000000000
39346  -23.427  -52.106  37.029 0.0000000000
39331  -23.704  -52.409  37.786 0.0000000000
38403  -22.988  -52.765  38.130 0.0000000000
38382  -23.468  -53.032  38.963 0.0000000000
37434  -23.205  -53.931  40.193 0.0000000000
38362  -24.769  -53.145  39.872 0.0000000000
42516  -30.527  -48.381  38.979 0.0000000000
36442  -8.740  -55.177  43.070 0.0000000000
35465  -8.643  -55.547  44.052 0.0000000000
35464  -7.610  -55.991  43.959 0.0000000000
36404  -11.794  -54.986  47.296 0.0000000000
52681  -36.275  -38.850  18.958 0.0000000000
51719  -36.878  -39.781  19.951 0.0000000000
52658  -37.678  -38.642  19.884 0.0000000000
53543  -40.910  -37.516  22.340 0.0000000000
51680  -40.607  -39.368  21.919 0.0000000000
51682  -42.618  -39.594  22.515 0.0000000000
50706  -44.001  -40.525  22.650 0.0000000000
51684  -44.690  -39.595  22.773 0.0000000000
57950  -42.647  -32.278  22.718 0.0000000000
57045  -42.025  -33.744  22.591 0.0000000000
56208  -44.048  -34.132  24.292 0.0000000000
64764  -44.046  -25.849  12.930 0.0000000000
64728  -45.502  -25.556  15.121 0.0000000000
64753  -45.084  -25.590  13.657 0.0000000000
65674  -46.682  -24.921  12.283 0.0000000000
65675  -47.555  -24.275  12.133 0.0000000000
66577  -48.936  -23.141  12.791 0.0000000000
66576  -48.520  -23.239  12.076 0.0000000000
67557  -48.799  -22.209  8.371 0.0000000000
67545  -48.138  -22.207  9.280 0.0000000000
67546  -49.285  -21.813  9.649 0.0000000000
68464  -49.563  -21.681  10.387 0.0000000000
67547  -50.630  -21.847  9.501 0.0000000000
67548  -51.794  -22.026  9.618 0.0000000000
66612  -53.213  -23.514  8.472 0.0000000000
43712  -30.766  -47.540  31.812 0.0000000000
43713  -31.626  -46.985  31.679 0.0000000000
43728  -30.601  -47.206  30.651 0.0000000000
43745  -30.439  -46.882  29.499 0.0000000000
38409  -13.450  -52.438  38.068 0.0000000000
42652  -25.295  -49.244  30.027 0.0000000000
41554  -26.447  -49.745  30.924 0.0000000000
42625  -28.736  -49.931  32.479 0.0000000000
42607  -29.653  -49.682  33.483 0.0000000000
42626  -29.413  -49.583  32.756 0.0000000000
42645  -30.110  -47.994  31.897 0.0000000000
49573  -36.355  -42.373  26.946 0.0000000000
49575  -38.567  -42.401  26.798 0.0000000000
49587  -37.682  -42.239  25.587 0.0000000000
50656  -38.323  -41.870  24.618 0.0000000000
50679  -38.695  -41.372  23.161 0.0000000000
61853  -41.944  -29.354  17.410 0.0000000000
61822  -42.950  -29.513  19.412 0.0000000000
60811  -43.614  -29.550  19.397 0.0000000000
61797  -45.415  -28.955  21.465 0.0000000000
64713  -48.582  -24.939  16.692 0.0000000000
33315  -3.819  -57.865  46.892 0.0000000000
32224  -4.650  -58.572  47.514 0.0000000000
47702  -34.427  -43.784  29.771 0.0000000000
47671  -35.070  -43.465  31.368 0.0000000000
48593  -33.470  -42.554  29.524 0.0000000000
49543  -32.826  -41.623  29.358 0.0000000000
51581  -33.059  -40.200  29.281 0.0000000000
51601  -34.185  -39.907  28.537 0.0000000000
51612  -32.324  -39.854  27.790 0.0000000000
51635  -31.425  -39.765  25.702 0.0000000000
36493  -18.664  -54.824  40.884 0.0000000000
36459  -18.440  -55.546  42.513 0.0000000000
36477  -19.123  -55.177  41.541 0.0000000000
35491  -20.157  -55.959  42.554 0.0000000000
35483  -22.922  -56.666  42.475 0.0000000000
40450  -18.676  -51.063  33.115 0.0000000000
40434  -19.538  -51.344  33.780 0.0000000000
40421  -24.910  -50.939  35.565 0.0000000000
40420  -23.708  -50.931  35.349 0.0000000000
40406  -24.379  -51.306  36.223 0.0000000000
39348  -25.039  -51.732  37.731 0.0000000000
39318  -25.003  -52.217  39.105 0.0000000000
38384  -25.111  -52.578  39.601 0.0000000000
39306  -26.216  -52.195  40.186 0.0000000000
37399  -10.212  -53.929  41.263 0.0000000000
37382  -10.532  -53.985  42.269 0.0000000000
36432  -10.598  -54.577  44.312 0.0000000000
36410  -10.649  -54.825  45.693 0.0000000000
36421  -12.007  -54.312  45.184 0.0000000000
54558  -37.275  -36.538  18.862 0.0000000000
53574  -38.211  -37.456  20.127 0.0000000000
54524  -38.499  -36.244  20.143 0.0000000000
54494  -39.777  -36.395  21.517 0.0000000000
54475  -40.996  -36.542  22.616 0.0000000000
64783  -44.185  -25.196  10.861 0.0000000000
64775  -44.663  -25.501  11.701 0.0000000000
64784  -45.119  -25.065  10.949 0.0000000000
66609  -49.937  -22.818  7.704 0.0000000000
67559  -51.320  -22.432  8.744 0.0000000000
66610  -50.822  -22.912  7.875 0.0000000000
66619  -52.489  -23.588  7.276 0.0000000000
34409  -7.366  -56.916  46.885 0.0000000000
33318  -6.750  -57.545  47.099 0.0000000000
46731  -34.826  -44.621  36.921 0.0000000000
45790  -34.248  -45.200  35.105 0.0000000000
45800  -34.361  -45.156  34.041 0.0000000000
45837  -34.069  -45.503  32.199 0.0000000000
44760  -32.671  -46.338  31.351 0.0000000000
45855  -33.308  -45.915  30.441 0.0000000000
45896  -34.352  -45.163  29.878 0.0000000000
46838  -33.701  -44.545  28.605 0.0000000000
47719  -32.209  -43.620  26.933 0.0000000000
37385  -13.433  -53.483  42.295 0.0000000000
37386  -14.485  -53.629  42.253 0.0000000000
38330  -14.160  -53.409  41.745 0.0000000000
38340  -15.198  -53.565  40.942 0.0000000000
37427  -16.046  -53.751  40.613 0.0000000000
38395  -14.705  -52.670  38.728 0.0000000000
38378  -16.135  -53.317  39.616 0.0000000000
37444  -16.733  -53.738  39.909 0.0000000000
37446  -18.558  -54.166  39.539 0.0000000000
37447  -19.607  -54.152  39.387 0.0000000000
37460  -19.885  -53.767  38.605 0.0000000000
41529  -21.995  -49.282  32.295 0.0000000000
41490  -23.232  -49.984  33.515 0.0000000000
41531  -24.264  -49.662  32.156 0.0000000000
41511  -24.647  -49.905  33.047 0.0000000000
41492  -25.015  -50.214  33.894 0.0000000000
40439  -25.457  -50.640  34.741 0.0000000000
40408  -26.696  -50.804  36.746 0.0000000000
41446  -28.001  -49.980  37.514 0.0000000000
41408  -28.828  -50.185  39.297 0.0000000000
41447  -28.759  -49.700  37.275 0.0000000000
42530  -29.981  -48.946  37.540 0.0000000000
42531  -30.693  -48.452  37.952 0.0000000000
41481  -30.463  -49.273  35.216 0.0000000000
42565  -31.182  -48.548  36.362 0.0000000000
43619  -31.486  -47.955  37.334 0.0000000000
44657  -32.490  -47.082  37.681 0.0000000000
38355  -11.416  -53.234  40.153 0.0000000000
49524  -40.021  -42.807  31.065 0.0000000000
49532  -40.677  -43.111  30.058 0.0000000000
47713  -41.478  -43.669  28.228 0.0000000000
47722  -41.976  -44.038  27.432 0.0000000000
49591  -40.444  -42.743  26.904 0.0000000000
48628  -41.671  -43.561  26.617 0.0000000000
59865  -38.580  -31.162  18.237 0.0000000000
58945  -39.703  -32.012  19.742 0.0000000000
59853  -40.111  -30.749  20.101 0.0000000000
59840  -41.479  -30.974  21.773 0.0000000000
58903  -43.041  -31.054  23.077 0.0000000000
61795  -43.079  -29.344  21.798 0.0000000000
60769  -43.306  -29.682  22.798 0.0000000000
51765  -32.332  -40.089  18.347 0.0000000000
50759  -34.714  -40.700  20.080 0.0000000000
52697  -33.666  -39.395  17.829 0.0000000000
52713  -34.232  -38.333  17.420 0.0000000000
53620  -35.215  -37.581  17.683 0.0000000000
55451  -36.085  -35.950  17.636 0.0000000000
56280  -36.256  -34.788  17.232 0.0000000000
58015  -36.228  -32.685  17.044 0.0000000000
58969  -36.711  -31.990  17.542 0.0000000000
59889  -37.462  -31.102  17.475 0.0000000000
60837  -37.621  -30.872  17.198 0.0000000000
61850  -39.164  -30.105  17.091 0.0000000000
61851  -39.774  -29.767  16.875 0.0000000000
61893  -37.899  -28.744  14.082 0.0000000000
61864  -39.836  -29.325  15.783 0.0000000000
61865  -40.629  -29.182  16.164 0.0000000000
61866  -41.552  -28.950  16.424 0.0000000000
62816  -43.174  -27.958  16.192 0.0000000000
62827  -44.077  -27.377  16.011 0.0000000000
63752  -45.013  -26.861  16.252 0.0000000000
63763  -43.861  -26.680  15.230 0.0000000000
63799  -43.504  -26.122  13.476 0.0000000000
64763  -42.962  -25.950  12.301 0.0000000000
32226  -6.256  -58.137  47.527 0.0000000000
32219  -5.457  -58.856  48.242 0.0000000000
32209  -5.321  -59.173  48.983 0.0000000000
29957  -7.214  -60.221  49.763 0.0000000000
31067  -5.807  -59.885  49.934 0.0000000000
31075  -4.200  -59.598  49.502 0.0000000000
31065  -3.957  -59.905  50.337 0.0000000000
31057  -3.176  -60.108  51.585 0.0000000000
29944  -2.964  -60.375  52.365 0.0000000000
28793  -2.776  -61.352  52.738 0.0000000000
49507  -39.720  -42.791  33.168 0.0000000000
48530  -37.088  -42.851  34.955 0.0000000000
48563  -35.555  -42.274  32.563 0.0000000000
49502  -36.203  -41.800  33.344 0.0000000000
49505  -38.406  -41.904  33.447 0.0000000000
50556  -38.376  -41.574  32.962 0.0000000000
49516  -39.424  -42.356  32.300 0.0000000000
50588  -38.469  -41.828  30.811 0.0000000000
50607  -37.257  -41.608  29.728 0.0000000000
50627  -36.124  -41.458  28.476 0.0000000000
51602  -34.997  -40.139  28.251 0.0000000000
51615  -34.872  -40.317  27.243 0.0000000000
50633  -35.311  -41.088  27.076 0.0000000000
50654  -34.291  -40.963  24.816 0.0000000000
51659  -33.727  -40.828  23.338 0.0000000000
51697  -33.354  -40.742  21.784 0.0000000000
50665  -29.963  -41.143  24.127 0.0000000000
51643  -30.049  -40.517  23.967 0.0000000000
52585  -30.149  -39.801  23.563 0.0000000000
52594  -30.334  -39.495  22.993 0.0000000000
52615  -30.716  -39.648  22.318 0.0000000000
52637  -31.090  -39.929  21.639 0.0000000000
51695  -31.811  -40.164  21.186 0.0000000000
51741  -31.555  -40.368  19.054 0.0000000000
36449  -18.278  -55.802  43.148 0.0000000000
39380  -16.124  -52.171  35.088 0.0000000000
39381  -17.283  -52.236  35.052 0.0000000000
38429  -17.635  -52.840  36.672 0.0000000000
38430  -18.678  -52.799  36.599 0.0000000000
38400  -20.082  -53.355  37.884 0.0000000000
37461  -20.679  -53.524  38.481 0.0000000000
41507  -20.652  -50.017  32.711 0.0000000000
40435  -20.750  -51.193  34.189 0.0000000000
40417  -21.054  -51.558  34.894 0.0000000000
39387  -23.063  -51.321  35.629 0.0000000000
39366  -22.084  -51.901  36.120 0.0000000000
39365  -21.238  -51.936  36.041 0.0000000000
38417  -21.259  -52.654  37.181 0.0000000000
38380  -21.538  -53.430  38.701 0.0000000000
37449  -22.143  -53.795  39.632 0.0000000000
37408  -22.847  -54.526  40.974 0.0000000000
37409  -23.846  -54.446  40.858 0.0000000000
35452  -5.267  -56.336  44.758 0.0000000000
34429  -5.976  -56.807  45.034 0.0000000000
36473  -7.683  -54.428  41.564 0.0000000000
35487  -6.730  -55.132  42.661 0.0000000000
35475  -7.053  -55.701  43.149 0.0000000000
34439  -7.190  -56.380  44.462 0.0000000000
34430  -7.024  -56.669  45.148 0.0000000000
34421  -8.383  -56.047  46.750 0.0000000000
35445  -10.867  -54.873  46.734 0.0000000000
50743  -36.401  -40.498  20.367 0.0000000000
50701  -38.450  -40.849  22.370 0.0000000000
49648  -39.784  -41.439  22.918 0.0000000000
52660  -38.864  -38.312  20.742 0.0000000000
51679  -39.973  -39.666  21.757 0.0000000000
49650  -41.447  -41.427  22.815 0.0000000000
49628  -43.981  -42.082  23.140 0.0000000000
57062  -40.771  -33.498  21.357 0.0000000000
55367  -41.883  -35.480  23.162 0.0000000000
54457  -43.275  -36.510  23.965 0.0000000000
63766  -45.834  -25.945  16.143 0.0000000000
64711  -46.708  -25.279  16.019 0.0000000000
65632  -48.039  -24.468  15.740 0.0000000000
65665  -46.425  -25.074  12.927 0.0000000000
65656  -46.993  -24.721  14.288 0.0000000000
65647  -48.566  -23.975  15.180 0.0000000000
66556  -49.380  -23.204  14.245 0.0000000000
67509  -50.259  -22.536  13.572 0.0000000000
66596  -47.925  -22.933  10.547 0.0000000000
67526  -49.366  -22.130  11.392 0.0000000000
68451  -50.408  -22.059  11.660 0.0000000000
67560  -52.447  -22.668  9.006 0.0000000000
43742  -28.031  -47.883  29.260 0.0000000000
43743  -28.543  -47.716  29.387 0.0000000000
42668  -26.881  -48.719  29.642 0.0000000000
50721  -33.926  -41.077  21.517 0.0000000000
49667  -34.907  -41.622  22.057 0.0000000000
50741  -34.490  -41.055  20.946 0.0000000000
61857  -45.295  -28.262  17.625 0.0000000000
61841  -45.952  -28.568  18.277 0.0000000000
61842  -46.865  -28.222  18.469 0.0000000000
61827  -47.407  -28.256  19.114 0.0000000000
61843  -47.447  -27.872  18.480 0.0000000000
62797  -47.807  -27.225  18.080 0.0000000000
62809  -46.649  -27.223  17.507 0.0000000000
49584  -31.412  -41.814  26.659 0.0000000000
50653  -30.771  -40.973  25.548 0.0000000000
37371  -13.657  -53.734  43.290 0.0000000000
36495  -20.561  -54.719  40.802 0.0000000000
40370  -27.552  -51.032  39.868 0.0000000000
37357  -12.956  -53.880  44.103 0.0000000000
58008  -38.568  -33.085  18.629 0.0000000000
57994  -39.008  -32.887  19.039 0.0000000000
44690  -32.588  -47.044  34.307 0.0000000000
44714  -32.657  -46.783  33.548 0.0000000000
44821  -31.301  -45.984  27.589 0.0000000000
38375  -13.122  -52.723  39.447 0.0000000000
38412  -16.229  -52.794  37.799 0.0000000000
41514  -27.519  -50.673  33.379 0.0000000000
41496  -28.712  -50.172  34.495 0.0000000000
43673  -32.768  -47.010  35.002 0.0000000000
49562  -38.656  -42.451  28.052 0.0000000000
48663  -40.953  -42.706  24.619 0.0000000000
48664  -41.687  -42.683  24.194 0.0000000000
49626  -42.000  -42.123  23.374 0.0000000000
61820  -40.872  -29.803  19.316 0.0000000000
61821  -41.827  -29.554  19.422 0.0000000000
61769  -46.291  -28.939  23.688 0.0000000000
61877  -36.552  -29.361  14.645 0.0000000000
62858  -40.797  -26.994  13.237 0.0000000000
32217  -3.336  -58.809  48.303 0.0000000000
32216  -2.531  -58.618  48.653 0.0000000000
31081  -3.532  -59.306  49.031 0.0000000000
28797  -4.688  -61.890  51.319 0.0000000000
26532  -4.385  -62.597  51.115 0.0000000000
46778  -35.038  -44.468  32.391 0.0000000000
46766  -35.336  -43.939  33.385 0.0000000000
51572  -34.634  -40.536  30.305 0.0000000000
50584  -34.561  -40.815  30.686 0.0000000000
51573  -35.153  -40.605  30.543 0.0000000000
51566  -35.917  -40.878  31.387 0.0000000000
51645  -31.555  -39.552  24.597 0.0000000000
51656  -31.869  -39.460  23.733 0.0000000000
37406  -16.842  -54.503  41.577 0.0000000000
37389  -16.893  -54.747  42.012 0.0000000000
36475  -17.322  -54.797  41.640 0.0000000000
39383  -19.614  -52.063  35.309 0.0000000000
39364  -20.440  -52.025  36.035 0.0000000000
39332  -24.519  -52.196  38.353 0.0000000000
38404  -23.842  -52.649  38.477 0.0000000000
38361  -23.880  -53.359  39.637 0.0000000000
35455  -9.446  -55.257  45.305 0.0000000000
52700  -36.157  -38.201  18.514 0.0000000000
52682  -37.180  -38.612  19.508 0.0000000000
53591  -36.740  -37.914  18.937 0.0000000000
53544  -41.798  -37.419  22.907 0.0000000000
52618  -42.206  -38.619  22.669 0.0000000000
52619  -43.121  -38.797  22.815 0.0000000000
51683  -43.576  -39.650  22.663 0.0000000000
52620  -43.984  -38.904  22.872 0.0000000000
57937  -43.673  -32.474  23.644 0.0000000000
57034  -43.521  -33.557  23.744 0.0000000000
64765  -45.252  -25.488  12.571 0.0000000000
65686  -47.395  -24.023  11.054 0.0000000000
66575  -47.895  -23.601  11.419 0.0000000000
42657  -30.255  -47.629  31.331 0.0000000000
43762  -28.937  -47.254  28.755 0.0000000000
43763  -29.885  -46.851  28.595 0.0000000000
42642  -27.672  -49.831  31.447 0.0000000000
41547  -27.714  -50.112  31.920 0.0000000000
42643  -28.469  -49.651  31.738 0.0000000000
42644  -29.422  -48.725  31.811 0.0000000000
43698  -30.699  -47.991  32.477 0.0000000000
48624  -35.927  -42.400  26.205 0.0000000000
48614  -36.720  -42.532  26.536 0.0000000000
48636  -36.453  -42.425  25.553 0.0000000000
49622  -36.471  -41.929  23.373 0.0000000000
48649  -37.234  -42.048  24.520 0.0000000000
49612  -37.596  -41.817  23.937 0.0000000000
50669  -38.712  -41.763  24.081 0.0000000000
50678  -37.930  -41.328  23.209 0.0000000000
61854  -43.020  -29.220  17.633 0.0000000000
61838  -42.997  -29.540  18.533 0.0000000000
60826  -43.937  -29.494  18.626 0.0000000000
61798  -46.463  -28.701  21.189 0.0000000000
61784  -46.290  -28.635  22.327 0.0000000000
62752  -47.174  -28.346  21.833 0.0000000000
63737  -48.833  -26.060  17.720 0.0000000000
64696  -48.698  -25.462  17.216 0.0000000000
64695  -48.141  -25.387  16.947 0.0000000000
33327  -4.913  -57.663  46.103 0.0000000000
33326  -4.343  -57.720  46.392 0.0000000000
47712  -33.584  -43.786  28.688 0.0000000000
47685  -34.003  -42.938  29.851 0.0000000000
47700  -33.321  -43.185  28.840 0.0000000000
49558  -31.913  -41.432  28.138 0.0000000000
50625  -32.291  -41.081  28.754 0.0000000000
50602  -32.727  -40.641  29.222 0.0000000000
51599  -32.416  -40.251  28.645 0.0000000000
51600  -33.208  -39.875  28.644 0.0000000000
51611  -31.842  -40.235  27.992 0.0000000000
51622  -30.890  -40.309  26.242 0.0000000000
36461  -20.691  -55.438  41.993 0.0000000000
35500  -22.338  -55.402  42.029 0.0000000000
35493  -22.171  -55.799  42.303 0.0000000000
40462  -18.994  -50.286  32.423 0.0000000000
40407  -25.530  -51.268  36.850 0.0000000000
39333  -25.403  -51.761  38.717 0.0000000000
39319  -25.649  -52.043  39.602 0.0000000000
39334  -25.940  -51.535  39.221 0.0000000000
39307  -26.877  -52.020  40.545 0.0000000000
37400  -11.239  -53.634  41.289 0.0000000000
36445  -10.991  -54.177  43.679 0.0000000000
36420  -11.029  -54.640  45.131 0.0000000000
37346  -12.929  -54.063  44.900 0.0000000000
36422  -12.775  -54.398  45.753 0.0000000000
55442  -37.518  -35.641  18.534 0.0000000000
54547  -37.804  -36.180  19.258 0.0000000000
55443  -37.983  -35.374  18.859 0.0000000000
55410  -39.176  -35.497  20.429 0.0000000000
55384  -40.061  -35.533  21.554 0.0000000000
54474  -40.313  -36.697  22.028 0.0000000000
55365  -40.562  -35.847  22.239 0.0000000000
66608  -49.384  -22.519  7.861 0.0000000000
66617  -50.269  -23.266  7.116 0.0000000000
33319  -7.403  -57.130  47.466 0.0000000000
33289  -8.588  -58.211  49.563 0.0000000000
45781  -33.567  -46.037  36.776 0.0000000000
45782  -34.174  -45.220  36.261 0.0000000000
44715  -33.250  -46.221  33.448 0.0000000000
45816  -33.874  -45.633  33.253 0.0000000000
45817  -34.466  -45.035  33.073 0.0000000000
43729  -31.423  -46.873  30.925 0.0000000000
43714  -32.273  -46.707  32.094 0.0000000000
44795  -32.903  -45.940  29.104 0.0000000000
44782  -32.702  -46.190  30.006 0.0000000000
45876  -33.433  -45.805  29.629 0.0000000000
45877  -33.952  -45.558  30.120 0.0000000000
45895  -34.063  -45.217  29.265 0.0000000000
45912  -33.643  -45.259  28.686 0.0000000000
38338  -13.694  -53.190  41.259 0.0000000000
38339  -14.666  -53.436  41.177 0.0000000000
37426  -15.477  -53.628  40.828 0.0000000000
38360  -15.954  -53.522  40.155 0.0000000000
38397  -16.950  -53.263  38.709 0.0000000000
38379  -16.765  -53.508  39.372 0.0000000000
37445  -17.616  -54.005  39.792 0.0000000000
37459  -18.868  -53.891  38.739 0.0000000000
41509  -22.658  -49.776  32.986 0.0000000000
41510  -23.651  -49.794  32.910 0.0000000000
41544  -24.951  -49.666  31.448 0.0000000000
41543  -23.969  -49.251  31.199 0.0000000000
41512  -25.613  -50.137  33.167 0.0000000000
40423  -27.120  -50.588  35.684 0.0000000000
40409  -27.515  -50.393  36.714 0.0000000000
41463  -28.106  -49.961  36.557 0.0000000000
41465  -29.599  -49.541  36.096 0.0000000000
41448  -29.497  -49.357  36.971 0.0000000000
42545  -29.944  -49.010  36.970 0.0000000000
42546  -30.480  -48.815  36.804 0.0000000000
42608  -30.127  -49.304  33.645 0.0000000000
41498  -30.094  -49.528  34.514 0.0000000000
42596  -30.615  -49.052  34.481 0.0000000000
43671  -31.702  -48.132  35.117 0.0000000000
42582  -31.286  -48.590  35.529 0.0000000000
43649  -31.684  -48.205  36.037 0.0000000000
43632  -31.493  -48.164  36.715 0.0000000000
43620  -31.939  -47.558  37.563 0.0000000000
44666  -32.349  -47.361  37.001 0.0000000000
44674  -33.128  -46.621  35.693 0.0000000000
50590  -39.629  -42.556  30.475 0.0000000000
49531  -40.144  -42.819  30.465 0.0000000000
50610  -39.589  -42.514  30.062 0.0000000000
48604  -41.008  -43.353  28.827 0.0000000000
47721  -41.503  -43.592  27.736 0.0000000000
50635  -38.946  -42.277  26.384 0.0000000000
49576  -39.288  -42.401  27.089 0.0000000000
50646  -39.305  -42.360  26.260 0.0000000000
48640  -42.005  -43.469  25.613 0.0000000000
48639  -40.891  -43.045  26.055 0.0000000000
47730  -42.722  -44.262  26.183 0.0000000000
47739  -43.908  -44.357  25.373 0.0000000000
47750  -44.965  -43.867  24.457 0.0000000000
60807  -39.366  -30.780  18.596 0.0000000000
59866  -39.116  -31.079  18.640 0.0000000000
60808  -39.882  -30.533  19.239 0.0000000000
60796  -41.221  -29.843  20.808 0.0000000000
60795  -40.685  -30.176  20.441 0.0000000000
60783  -41.460  -30.053  21.394 0.0000000000
59822  -42.059  -30.549  22.240 0.0000000000
61809  -43.520  -29.404  20.443 0.0000000000
61808  -42.410  -29.423  20.456 0.0000000000
60770  -43.931  -29.496  23.123 0.0000000000
29938  -1.948  -60.276  53.649 0.0000000000
29934  -2.210  -59.812  53.974 0.0000000000
29937  -1.432  -60.327  53.847 0.0000000000
53618  -33.789  -37.571  16.991 0.0000000000
53619  -34.722  -37.527  17.367 0.0000000000
54564  -33.990  -36.836  16.783 0.0000000000
55450  -35.237  -35.730  16.995 0.0000000000
55462  -34.988  -35.231  16.550 0.0000000000
56279  -35.450  -34.666  16.632 0.0000000000
58029  -35.646  -33.012  16.514 0.0000000000
58016  -36.878  -32.863  17.595 0.0000000000
58968  -36.244  -31.738  16.977 0.0000000000
59902  -36.539  -31.061  16.657 0.0000000000
60836  -36.858  -30.962  16.825 0.0000000000
60856  -38.426  -29.985  16.109 0.0000000000
60838  -38.566  -30.347  17.013 0.0000000000
60857  -39.193  -29.809  15.997 0.0000000000
61896  -40.181  -28.295  14.629 0.0000000000
61880  -39.676  -28.816  15.060 0.0000000000
61882  -41.274  -28.422  15.482 0.0000000000
62825  -42.673  -27.775  15.601 0.0000000000
62817  -43.783  -27.801  16.341 0.0000000000
62826  -43.546  -27.283  15.600 0.0000000000
63776  -43.315  -26.631  14.748 0.0000000000
63787  -43.110  -26.331  13.899 0.0000000000
63798  -43.042  -26.205  13.122 0.0000000000
32206  -2.200  -58.987  49.530 0.0000000000
33306  -6.896  -57.916  48.141 0.0000000000
32210  -6.309  -58.817  49.149 0.0000000000
31077  -5.808  -59.323  49.532 0.0000000000
29958  -7.648  -60.509  49.624 0.0000000000
29953  -5.793  -61.067  50.384 0.0000000000
31061  -6.115  -60.443  50.110 0.0000000000
31066  -4.850  -59.971  50.145 0.0000000000
31059  -4.510  -60.386  50.842 0.0000000000
29946  -4.142  -61.294  51.832 0.0000000000
29950  -3.657  -60.390  51.652 0.0000000000
29945  -3.429  -60.708  52.165 0.0000000000
31054  -3.066  -60.262  52.110 0.0000000000
29940  -2.676  -60.590  52.822 0.0000000000
29941  -3.134  -61.095  52.596 0.0000000000
26537  -3.381  -62.869  51.242 0.0000000000
48544  -39.923  -43.348  34.013 0.0000000000
48555  -40.420  -43.522  33.099 0.0000000000
46743  -34.763  -44.572  35.832 0.0000000000
46744  -35.419  -44.094  36.477 0.0000000000
46752  -35.382  -43.989  35.425 0.0000000000
47642  -35.988  -43.286  34.963 0.0000000000
47631  -36.671  -43.217  35.562 0.0000000000
47643  -36.607  -42.849  34.828 0.0000000000
48579  -34.403  -42.378  30.702 0.0000000000
47672  -35.238  -42.861  32.053 0.0000000000
48570  -34.817  -42.342  31.369 0.0000000000
50563  -35.688  -41.260  32.276 0.0000000000
49514  -35.971  -41.603  32.899 0.0000000000
49515  -36.385  -41.412  33.029 0.0000000000
49492  -36.910  -42.026  34.001 0.0000000000
49504  -37.002  -41.708  33.645 0.0000000000
49494  -38.038  -42.084  33.918 0.0000000000
50554  -36.991  -41.426  33.257 0.0000000000
50576  -37.395  -41.053  31.681 0.0000000000
50566  -37.930  -41.241  32.420 0.0000000000
50567  -38.651  -41.678  32.376 0.0000000000
50578  -38.914  -41.981  31.542 0.0000000000
51584  -36.096  -40.662  29.682 0.0000000000
50586  -36.709  -41.003  30.043 0.0000000000
50606  -36.438  -41.206  29.344 0.0000000000
50626  -35.425  -40.860  27.964 0.0000000000
51627  -34.891  -40.617  26.494 0.0000000000
50644  -35.220  -41.411  26.196 0.0000000000
50643  -34.613  -40.717  25.695 0.0000000000
51658  -33.422  -40.207  23.423 0.0000000000
51648  -33.814  -40.537  24.170 0.0000000000
51677  -33.479  -40.635  22.676 0.0000000000
51696  -32.663  -40.300  21.560 0.0000000000
51642  -29.550  -40.740  23.297 0.0000000000
52593  -29.630  -39.912  22.608 0.0000000000
52614  -29.771  -39.790  22.063 0.0000000000
52636  -30.117  -40.043  21.263 0.0000000000
51716  -31.680  -40.453  20.100 0.0000000000
37372  -14.611  -53.931  43.447 0.0000000000
36457  -16.508  -54.799  42.892 0.0000000000
35489  -18.596  -55.858  43.019 0.0000000000
39396  -17.712  -51.922  34.241 0.0000000000
38416  -20.308  -52.918  37.224 0.0000000000
38415  -19.375  -53.062  37.270 0.0000000000
40436  -21.925  -50.772  34.223 0.0000000000
40405  -23.606  -51.376  36.028 0.0000000000
39345  -22.609  -52.181  36.799 0.0000000000
39367  -23.013  -51.744  36.244 0.0000000000
39344  -21.761  -52.271  36.656 0.0000000000
38433  -21.037  -52.288  36.487 0.0000000000
38381  -22.547  -53.250  38.823 0.0000000000
38402  -21.932  -52.900  38.057 0.0000000000
37433  -22.326  -54.209  40.458 0.0000000000
37435  -24.290  -53.800  40.263 0.0000000000
38363  -25.679  -52.843  40.291 0.0000000000
37436  -25.116  -53.582  40.397 0.0000000000
37411  -25.803  -53.827  40.881 0.0000000000
41428  -28.749  -49.839  38.269 0.0000000000
34438  -6.449  -56.500  44.413 0.0000000000
37381  -9.807  -54.290  41.898 0.0000000000
37398  -9.200  -54.139  41.227 0.0000000000
36455  -9.122  -54.724  42.221 0.0000000000
36454  -8.092  -55.014  42.284 0.0000000000
36453  -7.193  -54.814  42.136 0.0000000000
35488  -7.394  -55.294  42.634 0.0000000000
35453  -8.085  -55.960  44.707 0.0000000000
34440  -7.648  -56.201  44.551 0.0000000000
34431  -7.684  -56.308  45.073 0.0000000000
34420  -7.832  -56.393  46.107 0.0000000000
36411  -11.155  -54.738  46.069 0.0000000000
36403  -11.334  -54.837  46.847 0.0000000000
46825  -41.670  -44.789  29.833 0.0000000000
51744  -34.958  -40.205  19.290 0.0000000000
50742  -35.420  -40.903  20.589 0.0000000000
50760  -35.611  -40.375  19.813 0.0000000000
51698  -37.854  -39.947  20.821 0.0000000000
50744  -37.202  -40.098  20.448 0.0000000000
50726  -38.059  -40.412  21.610 0.0000000000
50727  -38.860  -40.207  21.732 0.0000000000
53575  -38.830  -37.065  20.662 0.0000000000
52638  -39.560  -38.206  21.209 0.0000000000
51681  -41.664  -39.510  22.269 0.0000000000
50703  -40.986  -40.524  22.319 0.0000000000
49651  -42.499  -41.354  22.820 0.0000000000
49652  -43.475  -41.337  22.809 0.0000000000
50707  -44.859  -40.654  22.700 0.0000000000
49653  -44.380  -41.355  22.781 0.0000000000
49630  -45.777  -41.696  22.908 0.0000000000
58932  -40.123  -31.686  20.330 0.0000000000
57981  -39.950  -32.689  20.238 0.0000000000
57982  -40.450  -32.617  20.823 0.0000000000
56206  -42.946  -34.638  23.695 0.0000000000
56218  -42.300  -34.579  23.142 0.0000000000
55349  -42.628  -35.550  23.722 0.0000000000
63753  -45.687  -26.606  16.569 0.0000000000
63765  -45.250  -26.107  15.682 0.0000000000
64743  -45.908  -25.268  14.398 0.0000000000
64729  -46.079  -25.423  15.573 0.0000000000
64730  -46.842  -24.899  15.447 0.0000000000
64712  -47.548  -25.103  16.366 0.0000000000
64766  -46.055  -25.227  12.409 0.0000000000
65667  -47.738  -24.312  13.282 0.0000000000
65666  -47.011  -24.785  13.086 0.0000000000
65657  -48.037  -24.144  14.246 0.0000000000
66555  -48.788  -23.623  14.186 0.0000000000
66545  -49.076  -23.534  14.736 0.0000000000
67508  -49.738  -22.780  13.495 0.0000000000
67518  -50.026  -22.490  13.019 0.0000000000
68435  -50.766  -22.442  13.625 0.0000000000
68443  -50.454  -22.254  12.587 0.0000000000
67533  -47.810  -22.571  9.708 0.0000000000
67525  -48.752  -22.478  11.192 0.0000000000
67535  -49.112  -21.878  10.649 0.0000000000
68465  -50.147  -21.618  10.312 0.0000000000
68457  -49.769  -21.712  10.890 0.0000000000
68458  -50.557  -21.736  11.062 0.0000000000
69349  -50.899  -21.989  11.287 0.0000000000
42671  -29.456  -47.646  30.306 0.0000000000
43727  -29.796  -47.518  30.400 0.0000000000
42667  -25.883  -48.807  29.426 0.0000000000
49609  -34.666  -42.016  24.017 0.0000000000
48661  -35.848  -42.329  24.445 0.0000000000
49621  -35.521  -42.147  23.626 0.0000000000
49646  -36.040  -41.783  22.715 0.0000000000
49647  -36.743  -41.538  22.748 0.0000000000
61839  -44.298  -29.056  17.989 0.0000000000
60828  -45.351  -29.161  18.653 0.0000000000
62775  -47.980  -27.973  19.749 0.0000000000
62786  -48.668  -27.541  19.275 0.0000000000
62799  -49.126  -27.070  18.799 0.0000000000
62798  -48.530  -27.227  18.495 0.0000000000
63735  -46.924  -26.447  17.210 0.0000000000
34428  -5.088  -56.748  45.246 0.0000000000
34427  -4.482  -56.550  45.445 0.0000000000
33338  -5.215  -57.284  45.695 0.0000000000
33317  -5.716  -58.034  46.793 0.0000000000
48612  -32.443  -42.801  27.698 0.0000000000
49571  -32.043  -42.072  27.963 0.0000000000
50632  -31.570  -40.872  27.637 0.0000000000
51634  -30.782  -40.365  25.444 0.0000000000
37347  -13.583  -54.312  45.194 0.0000000000
36494  -19.672  -54.808  40.803 0.0000000000
36462  -21.635  -55.372  41.997 0.0000000000
36480  -22.301  -55.082  41.630 0.0000000000
40369  -26.859  -51.288  39.747 0.0000000000
39321  -27.019  -51.440  40.179 0.0000000000
37369  -11.741  -53.870  43.334 0.0000000000
57103  -37.731  -33.788  18.094 0.0000000000
56262  -38.548  -34.484  18.958 0.0000000000
57104  -38.334  -33.780  18.509 0.0000000000
56249  -39.424  -34.424  20.071 0.0000000000
44793  -31.228  -46.598  29.176 0.0000000000
44809  -32.523  -45.975  28.684 0.0000000000
45911  -32.992  -45.426  28.235 0.0000000000
45926  -32.587  -45.276  27.618 0.0000000000
37458  -17.873  -53.825  39.004 0.0000000000
41533  -26.223  -50.204  32.382 0.0000000000
41494  -26.942  -50.657  34.239 0.0000000000
41477  -27.412  -50.570  34.936 0.0000000000
41478  -28.125  -50.255  35.482 0.0000000000
41479  -29.104  -49.862  35.369 0.0000000000
41480  -29.857  -49.609  35.295 0.0000000000
43650  -32.147  -47.752  35.779 0.0000000000
43634  -32.423  -47.436  36.374 0.0000000000
43651  -32.653  -47.261  35.717 0.0000000000
38356  -12.484  -52.953  40.211 0.0000000000
49549  -40.092  -42.709  29.411 0.0000000000
49548  -39.493  -42.477  29.244 0.0000000000
49564  -40.039  -42.613  28.486 0.0000000000
49578  -40.558  -42.803  27.777 0.0000000000
50658  -39.287  -42.184  25.295 0.0000000000
49601  -40.161  -42.659  25.788 0.0000000000
48650  -40.685  -42.857  25.344 0.0000000000
48651  -41.397  -43.087  25.038 0.0000000000
47748  -43.050  -43.466  24.639 0.0000000000
48653  -43.221  -43.156  24.243 0.0000000000
48666  -43.572  -42.676  23.683 0.0000000000
61819  -40.271  -30.121  18.985 0.0000000000
61806  -40.752  -29.757  19.988 0.0000000000
67493  -50.699  -23.125  15.096 0.0000000000
57121  -35.248  -33.781  16.307 0.0000000000
60871  -36.627  -29.800  15.270 0.0000000000
60872  -37.705  -29.674  15.278 0.0000000000
62835  -40.046  -27.935  14.038 0.0000000000
61897  -40.802  -28.137  14.869 0.0000000000
62837  -41.489  -27.638  14.617 0.0000000000
62838  -42.420  -27.152  14.703 0.0000000000
63775  -42.766  -26.617  14.290 0.0000000000
62850  -41.843  -27.028  14.223 0.0000000000
63785  -41.759  -26.601  13.158 0.0000000000
31073  -2.705  -59.513  50.000 0.0000000000
32212  -8.043  -58.140  49.416 0.0000000000
32211  -7.348  -58.500  49.331 0.0000000000
32200  -7.098  -59.143  49.716 0.0000000000
28802  -6.941  -61.434  49.715 0.0000000000
29952  -4.782  -61.210  51.061 0.0000000000
29947  -4.474  -61.603  51.561 0.0000000000
28796  -4.196  -61.858  51.839 0.0000000000
27626  -3.682  -62.206  51.988 0.0000000000
27627  -4.302  -62.298  51.494 0.0000000000
26538  -4.146  -62.914  50.983 0.0000000000
49528  -33.876  -41.289  30.383 0.0000000000
49521  -34.776  -41.307  31.377 0.0000000000
50574  -35.368  -40.974  31.548 0.0000000000
50564  -36.255  -41.157  32.444 0.0000000000
51558  -36.410  -41.008  31.956 0.0000000000
51567  -36.677  -40.965  31.546 0.0000000000
51575  -36.992  -40.979  31.129 0.0000000000
51637  -33.303  -39.870  25.408 0.0000000000
51638  -34.030  -40.201  25.100 0.0000000000
51675  -31.895  -39.725  22.471 0.0000000000
37404  -15.287  -53.704  41.425 0.0000000000
37388  -16.368  -54.503  42.451 0.0000000000
35479  -19.624  -56.436  43.087 0.0000000000
34448  -19.300  -56.845  43.500 0.0000000000
39406  -18.650  -51.555  33.581 0.0000000000
39362  -19.031  -52.447  35.910 0.0000000000
41508  -21.615  -49.860  32.897 0.0000000000
38419  -23.023  -52.442  37.406 0.0000000000
36443  -9.452  -54.828  43.176 0.0000000000
52680  -35.860  -39.165  18.824 0.0000000000
50761  -36.286  -39.981  19.701 0.0000000000
51746  -36.620  -39.389  19.449 0.0000000000
51720  -37.584  -39.293  20.096 0.0000000000
51721  -38.363  -39.197  20.594 0.0000000000
53542  -40.374  -37.674  21.926 0.0000000000
52639  -40.105  -38.494  21.644 0.0000000000
52616  -40.697  -38.291  22.007 0.0000000000
50705  -43.031  -40.503  22.617 0.0000000000
51685  -45.393  -40.199  22.784 0.0000000000
57949  -42.011  -32.675  22.274 0.0000000000
57063  -41.422  -33.392  21.954 0.0000000000
57046  -42.742  -33.551  23.089 0.0000000000
57033  -43.183  -34.083  23.654 0.0000000000
55333  -43.967  -35.229  24.452 0.0000000000
64752  -44.452  -25.919  14.100 0.0000000000
64742  -44.936  -25.783  14.707 0.0000000000
65676  -48.113  -23.922  12.681 0.0000000000
67516  -49.041  -22.551  11.767 0.0000000000
68466  -51.133  -21.682  10.342 0.0000000000
43699  -31.436  -47.624  32.764 0.0000000000
43700  -32.140  -47.008  32.725 0.0000000000
44780  -30.960  -46.794  29.915 0.0000000000
43764  -30.579  -46.716  28.874 0.0000000000
38394  -13.748  -52.569  38.705 0.0000000000
38426  -14.707  -52.457  37.291 0.0000000000
39359  -15.719  -52.472  36.057 0.0000000000
42651  -24.359  -49.063  30.002 0.0000000000
41552  -24.722  -49.402  30.670 0.0000000000
41553  -25.598  -49.612  30.791 0.0000000000
41546  -26.951  -49.996  31.602 0.0000000000
41535  -28.181  -50.345  32.568 0.0000000000
41516  -29.201  -49.967  33.664 0.0000000000
41536  -28.828  -50.099  32.972 0.0000000000
42627  -30.254  -48.661  32.753 0.0000000000
42628  -30.977  -48.224  33.124 0.0000000000
49560  -36.683  -42.265  27.827 0.0000000000
49574  -37.422  -42.532  26.686 0.0000000000
49588  -38.271  -42.195  25.858 0.0000000000
48648  -36.546  -42.275  24.702 0.0000000000
49599  -38.179  -41.977  25.173 0.0000000000
50657  -38.687  -41.966  25.049 0.0000000000
50670  -39.230  -41.923  24.304 0.0000000000
49624  -39.855  -41.831  23.572 0.0000000000
61837  -42.324  -29.572  18.459 0.0000000000
61823  -43.397  -29.469  19.779 0.0000000000
60798  -43.960  -29.509  19.929 0.0000000000
61824  -45.141  -29.353  19.752 0.0000000000
61810  -44.630  -29.317  20.451 0.0000000000
62740  -47.218  -28.251  22.872 0.0000000000
63719  -49.806  -26.498  18.530 0.0000000000
64697  -49.756  -25.372  17.419 0.0000000000
64714  -49.120  -24.974  17.002 0.0000000000
34416  -4.015  -57.032  45.937 0.0000000000
34407  -3.107  -56.847  46.520 0.0000000000
32223  -3.872  -58.541  47.669 0.0000000000
32218  -4.473  -59.020  48.321 0.0000000000
46807  -34.923  -44.342  30.795 0.0000000000
47686  -34.555  -43.269  30.302 0.0000000000
48578  -33.961  -42.256  30.258 0.0000000000
48592  -32.885  -42.498  28.989 0.0000000000
49544  -33.417  -41.698  29.962 0.0000000000
50603  -33.432  -40.816  29.878 0.0000000000
51624  -32.267  -39.708  26.727 0.0000000000
36492  -17.752  -54.693  41.037 0.0000000000
36476  -18.074  -55.065  41.655 0.0000000000
36460  -19.632  -55.548  42.114 0.0000000000
40433  -18.949  -51.499  33.637 0.0000000000
39398  -20.022  -51.701  34.558 0.0000000000
40438  -24.362  -50.527  34.577 0.0000000000
39369  -24.630  -51.638  36.945 0.0000000000
38364  -26.470  -52.601  40.553 0.0000000000
36419  -10.243  -54.887  45.179 0.0000000000
54557  -36.652  -36.449  18.251 0.0000000000
53592  -37.499  -37.323  19.382 0.0000000000
53593  -38.027  -36.657  19.740 0.0000000000
55409  -38.693  -35.597  19.984 0.0000000000
54525  -38.916  -36.326  20.630 0.0000000000
54493  -39.292  -36.562  21.062 0.0000000000
53530  -42.458  -37.332  23.300 0.0000000000
66618  -51.343  -23.448  7.177 0.0000000000
34408  -6.868  -57.227  46.558 0.0000000000
33329  -6.508  -57.366  46.284 0.0000000000
45838  -34.753  -44.877  32.302 0.0000000000
45857  -34.641  -45.102  31.438 0.0000000000
44761  -33.467  -45.892  31.775 0.0000000000
45856  -33.835  -45.704  31.108 0.0000000000
45878  -34.493  -45.157  30.492 0.0000000000
46823  -34.486  -44.410  29.819 0.0000000000
46822  -34.149  -44.482  29.201 0.0000000000
47711  -33.078  -43.754  28.144 0.0000000000
46837  -33.170  -44.589  28.067 0.0000000000
47720  -32.671  -43.676  27.519 0.0000000000
48611  -32.055  -42.724  27.075 0.0000000000
48623  -31.687  -42.645  26.409 0.0000000000
38331  -14.500  -53.513  41.698 0.0000000000
37428  -17.073  -54.247  40.723 0.0000000000
38377  -15.112  -52.939  39.584 0.0000000000
37443  -16.224  -53.594  40.053 0.0000000000
37429  -18.143  -54.442  40.319 0.0000000000
37448  -20.806  -53.951  39.317 0.0000000000
42622  -21.349  -48.829  31.767 0.0000000000
41542  -23.297  -49.054  31.327 0.0000000000
41491  -23.995  -50.013  33.750 0.0000000000
40440  -26.418  -50.649  34.875 0.0000000000
40396  -27.377  -50.574  37.669 0.0000000000
41427  -28.033  -50.290  38.476 0.0000000000
41429  -29.395  -49.355  37.948 0.0000000000
42515  -29.977  -48.869  38.496 0.0000000000
43606  -30.874  -48.147  38.543 0.0000000000
41466  -30.209  -49.244  35.983 0.0000000000
42581  -30.899  -48.910  35.145 0.0000000000
42564  -30.787  -48.928  35.850 0.0000000000
42547  -31.092  -48.343  37.149 0.0000000000
42532  -31.145  -48.138  37.673 0.0000000000
43608  -32.024  -47.367  38.435 0.0000000000
44658  -33.136  -46.536  37.769 0.0000000000
37425  -10.613  -53.603  40.549 0.0000000000
38336  -12.044  -53.303  40.857 0.0000000000
48581  -40.797  -43.360  30.618 0.0000000000
49550  -40.607  -43.032  29.514 0.0000000000
48605  -41.375  -43.759  28.978 0.0000000000
47714  -41.873  -44.193  28.462 0.0000000000
49577  -39.950  -42.528  27.521 0.0000000000
48627  -41.031  -43.116  27.111 0.0000000000
49602  -40.322  -42.728  26.345 0.0000000000
58943  -38.464  -31.484  18.532 0.0000000000
58944  -39.086  -31.901  19.159 0.0000000000
59867  -39.634  -31.242  19.565 0.0000000000
58933  -40.599  -31.844  20.959 0.0000000000
60794  -40.200  -30.399  19.952 0.0000000000
59854  -40.489  -31.021  20.819 0.0000000000
58917  -41.050  -31.555  21.404 0.0000000000
58901  -42.058  -31.571  22.254 0.0000000000
57951  -43.127  -31.853  23.119 0.0000000000
61794  -41.987  -29.617  21.148 0.0000000000
61782  -44.076  -29.147  22.810 0.0000000000
61781  -43.484  -29.357  22.478 0.0000000000
60768  -42.509  -29.933  22.334 0.0000000000
59824  -43.276  -30.512  23.168 0.0000000000
31050  -2.216  -59.713  53.130 0.0000000000
51743  -33.765  -40.583  19.584 0.0000000000
51767  -34.544  -39.841  18.633 0.0000000000
52698  -34.261  -39.161  17.884 0.0000000000
52699  -35.478  -39.004  18.413 0.0000000000
53604  -34.962  -38.242  17.754 0.0000000000
53605  -35.697  -37.753  18.036 0.0000000000
54556  -36.045  -36.982  18.063 0.0000000000
54565  -34.561  -36.595  16.952 0.0000000000
54566  -35.464  -36.828  17.574 0.0000000000
54567  -36.066  -36.546  17.892 0.0000000000
55441  -36.797  -35.381  17.846 0.0000000000
56281  -36.848  -34.309  17.514 0.0000000000
57110  -35.939  -33.745  16.783 0.0000000000
57111  -36.588  -33.660  17.251 0.0000000000
57112  -37.146  -33.705  17.692 0.0000000000
58017  -37.369  -33.079  17.969 0.0000000000
58006  -37.254  -32.313  18.035 0.0000000000
58956  -37.285  -31.546  17.821 0.0000000000
59887  -36.339  -31.410  16.845 0.0000000000
59888  -36.846  -31.304  17.143 0.0000000000
59876  -37.378  -31.253  17.615 0.0000000000
59877  -38.008  -31.151  17.904 0.0000000000
60822  -38.175  -30.966  17.688 0.0000000000
60823  -38.943  -30.863  17.963 0.0000000000
61834  -39.402  -30.213  17.626 0.0000000000
61852  -40.916  -29.583  17.218 0.0000000000
60886  -37.520  -29.195  14.567 0.0000000000
61878  -38.228  -29.113  14.747 0.0000000000
61879  -38.975  -28.933  14.881 0.0000000000
60874  -39.260  -29.294  15.421 0.0000000000
61883  -42.002  -28.322  15.854 0.0000000000
61867  -42.537  -28.594  16.545 0.0000000000
61868  -43.379  -28.414  16.846 0.0000000000
61869  -43.982  -28.134  16.955 0.0000000000
62807  -45.065  -27.791  17.165 0.0000000000
62819  -45.218  -27.278  16.781 0.0000000000
63764  -44.401  -26.774  15.670 0.0000000000
63777  -44.245  -26.225  14.791 0.0000000000
63788  -43.782  -26.152  13.992 0.0000000000
64782  -43.261  -25.230  10.915 0.0000000000
32225  -5.543  -58.460  47.474 0.0000000000
32220  -6.252  -58.460  48.212 0.0000000000
32208  -4.643  -59.367  49.021 0.0000000000
31068  -6.749  -59.928  49.858 0.0000000000
29954  -6.749  -60.756  49.886 0.0000000000
31076  -5.128  -59.558  49.545 0.0000000000
31074  -3.212  -59.531  49.678 0.0000000000
31058  -3.785  -60.164  51.136 0.0000000000
28792  -2.222  -61.006  53.202 0.0000000000
27622  -2.957  -61.975  52.450 0.0000000000
26526  -2.446  -62.104  52.360 0.0000000000
47654  -40.861  -44.280  33.388 0.0000000000
47617  -36.109  -43.908  37.003 0.0000000000
46794  -35.269  -43.599  32.117 0.0000000000
47660  -35.561  -43.190  32.848 0.0000000000
48571  -35.131  -42.259  32.071 0.0000000000
48553  -36.038  -42.270  33.460 0.0000000000
48541  -36.833  -42.302  34.306 0.0000000000
48542  -37.240  -42.497  34.557 0.0000000000
49495  -38.834  -42.557  33.956 0.0000000000
50555  -37.768  -41.471  33.194 0.0000000000
49506  -39.020  -42.110  33.181 0.0000000000
49517  -40.019  -42.913  32.541 0.0000000000
49523  -39.635  -42.569  31.254 0.0000000000
50589  -39.222  -42.341  30.715 0.0000000000
50608  -38.120  -41.988  29.987 0.0000000000
49545  -36.961  -42.014  28.838 0.0000000000
51614  -34.154  -39.866  27.407 0.0000000000
49572  -35.692  -41.866  26.833 0.0000000000
50655  -34.809  -41.534  25.302 0.0000000000
50666  -34.154  -41.338  23.907 0.0000000000
51678  -33.763  -41.069  22.718 0.0000000000
50697  -33.756  -41.105  22.136 0.0000000000
51718  -33.323  -40.767  20.815 0.0000000000
49596  -30.724  -41.534  25.140 0.0000000000
50652  -30.472  -40.908  24.776 0.0000000000
51633  -30.488  -40.522  24.741 0.0000000000
51655  -29.548  -40.218  22.999 0.0000000000
52586  -30.816  -39.399  23.880 0.0000000000
52595  -31.147  -39.379  23.241 0.0000000000
52657  -30.201  -40.264  20.318 0.0000000000
51694  -30.943  -40.220  20.757 0.0000000000
51717  -32.584  -40.629  20.442 0.0000000000
39360  -16.879  -52.562  35.898 0.0000000000
41506  -19.961  -50.042  32.495 0.0000000000
39399  -20.631  -51.620  34.715 0.0000000000
39386  -22.343  -51.523  35.537 0.0000000000
39385  -21.511  -51.688  35.456 0.0000000000
36481  -23.393  -55.175  41.562 0.0000000000
35474  -6.147  -55.395  43.230 0.0000000000
35463  -6.632  -56.082  43.795 0.0000000000
34419  -6.845  -57.011  45.950 0.0000000000
50724  -36.072  -41.128  21.215 0.0000000000
50699  -36.529  -41.334  22.021 0.0000000000
50725  -37.110  -40.697  21.229 0.0000000000
50700  -37.431  -41.072  22.363 0.0000000000
50680  -39.284  -41.565  23.333 0.0000000000
53573  -37.746  -38.110  19.819 0.0000000000
52659  -38.095  -38.508  20.198 0.0000000000
51722  -38.849  -39.162  20.939 0.0000000000
51701  -40.042  -39.216  21.682 0.0000000000
50702  -39.666  -40.651  22.253 0.0000000000
49649  -40.415  -41.406  22.856 0.0000000000
49627  -43.020  -42.047  23.251 0.0000000000
49629  -44.900  -42.033  23.044 0.0000000000
57995  -39.523  -32.775  19.586 0.0000000000
57079  -40.224  -33.589  20.764 0.0000000000
56232  -40.438  -34.468  21.390 0.0000000000
56233  -41.001  -34.400  21.978 0.0000000000
55385  -40.631  -35.127  21.970 0.0000000000
55366  -41.146  -35.441  22.568 0.0000000000
54456  -42.332  -36.579  23.472 0.0000000000
53531  -43.052  -37.341  23.550 0.0000000000
53532  -44.089  -37.345  23.707 0.0000000000
52597  -43.627  -38.138  23.229 0.0000000000
51660  -45.077  -39.108  22.910 0.0000000000
63734  -46.289  -26.724  17.077 0.0000000000
63755  -47.160  -25.845  16.937 0.0000000000
63754  -46.491  -25.878  16.539 0.0000000000
65633  -48.541  -24.461  16.049 0.0000000000
64754  -45.870  -25.290  13.257 0.0000000000
65655  -46.430  -24.996  13.593 0.0000000000
65646  -47.625  -24.479  15.241 0.0000000000
65648  -49.067  -24.040  15.750 0.0000000000
66546  -49.673  -23.495  15.232 0.0000000000
67492  -50.207  -22.980  14.758 0.0000000000
66567  -49.153  -23.148  13.404 0.0000000000
67499  -49.924  -22.881  14.283 0.0000000000
67500  -50.488  -22.702  14.313 0.0000000000
66585  -47.767  -23.424  10.759 0.0000000000
66586  -48.214  -22.996  11.034 0.0000000000
68450  -49.969  -21.947  11.566 0.0000000000
68442  -50.113  -22.112  12.050 0.0000000000
69342  -50.744  -22.131  11.750 0.0000000000
26539  -4.781  -62.632  50.576 0.0000000000
27617  -1.970  -61.158  53.226 0.0000000000
27621  -2.189  -61.558  52.779 0.0000000000
28788  -1.746  -60.821  53.506 0.0000000000
29933  -1.578  -59.938  53.940 0.0000000000
31043  -1.676  -59.804  53.993 0.0000000000
31047  -1.682  -59.620  53.823 0.0000000000
34397  -7.808  -56.822  47.619 0.0000000000
37403  -14.734  -53.570  41.632 0.0000000000
40454  -22.792  -50.088  33.591 0.0000000000
41517  -29.746  -49.717  33.955 0.0000000000
44759  -31.845  -46.720  31.061 0.0000000000
45910  -32.408  -45.572  27.794 0.0000000000
46765  -34.948  -44.496  32.905 0.0000000000
47701  -34.013  -43.663  29.359 0.0000000000
48540  -36.296  -42.644  34.266 0.0000000000
48554  -36.446  -42.168  33.947 0.0000000000
48556  -40.770  -44.032  32.974 0.0000000000
48580  -40.431  -43.060  30.766 0.0000000000
48594  -41.044  -43.442  29.648 0.0000000000
48613  -36.459  -42.483  26.630 0.0000000000
48616  -41.462  -43.486  27.363 0.0000000000
48625  -36.268  -42.462  26.323 0.0000000000
48626  -36.990  -42.531  25.967 0.0000000000
48635  -35.891  -42.405  25.888 0.0000000000
48637  -37.139  -42.212  25.193 0.0000000000
48647  -35.841  -42.396  25.170 0.0000000000
49503  -36.628  -41.776  33.568 0.0000000000
49530  -39.635  -42.573  30.723 0.0000000000
49547  -38.791  -42.317  29.127 0.0000000000
49585  -35.717  -42.175  26.285 0.0000000000
49586  -35.969  -42.284  26.644 0.0000000000
49589  -39.458  -42.421  26.640 0.0000000000
49590  -39.823  -42.512  26.587 0.0000000000
49597  -35.339  -42.124  25.640 0.0000000000
49598  -37.793  -41.928  24.734 0.0000000000
49600  -39.793  -42.402  25.238 0.0000000000
49611  -36.924  -42.024  23.963 0.0000000000
49614  -40.313  -42.561  24.854 0.0000000000
49620  -34.628  -41.862  23.273 0.0000000000
49644  -34.570  -41.641  22.578 0.0000000000
49645  -35.225  -41.817  22.685 0.0000000000
49654  -45.100  -41.345  22.779 0.0000000000
49666  -34.498  -41.512  22.179 0.0000000000
49668  -35.668  -41.578  21.976 0.0000000000
50546  -37.241  -41.738  33.641 0.0000000000
50547  -37.480  -41.737  33.611 0.0000000000
50573  -34.851  -40.928  31.255 0.0000000000
50575  -35.932  -40.961  31.842 0.0000000000
50585  -35.115  -40.707  30.992 0.0000000000
50604  -34.016  -40.614  30.161 0.0000000000
50634  -35.869  -41.685  27.578 0.0000000000
50636  -39.037  -42.315  26.617 0.0000000000
50647  -39.689  -42.494  26.103 0.0000000000
50659  -39.605  -42.412  25.742 0.0000000000
50667  -34.543  -41.652  24.579 0.0000000000
50668  -38.193  -41.716  23.961 0.0000000000
50677  -34.093  -41.385  23.029 0.0000000000
50722  -34.392  -41.344  21.767 0.0000000000
50740  -33.807  -40.926  21.087 0.0000000000
51557  -36.142  -40.994  31.949 0.0000000000
51580  -32.703  -40.267  29.088 0.0000000000
51598  -32.013  -40.312  28.365 0.0000000000
51700  -39.444  -39.327  21.384 0.0000000000
51745  -35.804  -39.616  19.127 0.0000000000
51747  -37.085  -39.287  19.734 0.0000000000
52598  -44.835  -38.479  23.213 0.0000000000
52617  -41.341  -38.441  22.316 0.0000000000
53556  -39.815  -37.364  21.513 0.0000000000
53607  -36.900  -37.115  18.801 0.0000000000
54476  -41.569  -36.297  23.051 0.0000000000
54548  -38.145  -36.111  19.672 0.0000000000
55383  -39.573  -35.860  21.146 0.0000000000
55411  -39.693  -35.393  20.962 0.0000000000
55429  -37.918  -35.649  19.021 0.0000000000
55430  -38.366  -35.440  19.377 0.0000000000
55431  -38.811  -35.296  19.845 0.0000000000
55449  -34.736  -36.041  16.804 0.0000000000
56198  -44.143  -34.767  24.521 0.0000000000
56207  -43.588  -34.570  24.095 0.0000000000
56217  -41.634  -34.508  22.561 0.0000000000
56272  -36.816  -34.776  17.622 0.0000000000
56274  -38.034  -34.753  18.543 0.0000000000
57047  -43.147  -32.749  23.232 0.0000000000
57078  -39.732  -33.629  20.140 0.0000000000
57093  -38.825  -33.757  18.993 0.0000000000
57967  -41.426  -32.379  21.740 0.0000000000
58902  -42.584  -31.269  22.716 0.0000000000
58918  -41.611  -31.809  21.863 0.0000000000
58958  -38.445  -32.295  18.707 0.0000000000
59823  -42.743  -30.441  22.773 0.0000000000
59839  -40.968  -30.590  21.197 0.0000000000
59878  -38.709  -31.022  18.095 0.0000000000
60751  -43.895  -29.717  23.260 0.0000000000
60767  -42.032  -29.982  22.001 0.0000000000
60782  -40.995  -30.196  21.048 0.0000000000
60784  -42.308  -29.743  21.822 0.0000000000
60785  -42.773  -29.626  22.217 0.0000000000
60797  -43.616  -29.475  19.888 0.0000000000
60810  -43.298  -29.543  19.235 0.0000000000
60812  -44.449  -29.520  19.411 0.0000000000
60813  -45.117  -29.429  19.138 0.0000000000
60825  -43.356  -29.567  18.912 0.0000000000
60839  -39.011  -30.037  16.655 0.0000000000
60840  -43.394  -29.440  18.322 0.0000000000
61840  -45.027  -28.824  18.080 0.0000000000
61855  -43.821  -28.761  17.446 0.0000000000
62795  -46.474  -27.864  17.916 0.0000000000
62796  -47.087  -27.601  17.995 0.0000000000
62818  -44.520  -27.565  16.552 0.0000000000
64741  -44.567  -25.988  14.528 0.0000000000
67567  -48.943  -22.443  7.641 0.0000000000
68429  -50.924  -22.664  14.390 0.0000000000
69343  -51.164  -22.173  11.691 0.0000000000
69348  -50.643  -21.996  11.338 0.0000000000
