#!ascii label  , from subject msSRGRS20160210 vox2ras=TkReg
1684
50506  -30.388  -40.535  37.409 0.0000000000
65541  -44.102  -24.030  26.487 0.0000000000
54380  -33.694  -34.946  27.905 0.0000000000
44594  -0.779  -46.196  45.405 0.0000000000
41364  -17.068  -47.398  41.536 0.0000000000
54286  -6.666  -36.767  39.901 0.0000000000
54199  -3.995  -38.412  46.073 0.0000000000
57928  -39.366  -32.795  24.898 0.0000000000
54338  -1.242  -36.012  32.978 0.0000000000
43517  -1.394  -47.667  52.679 0.0000000000
49512  -31.660  -41.323  32.121 0.0000000000
46702  -25.946  -42.869  36.687 0.0000000000
49451  -22.915  -40.780  39.466 0.0000000000
66499  -47.406  -22.736  23.548 0.0000000000
53515  -35.195  -35.542  25.060 0.0000000000
41383  -13.336  -47.843  40.995 0.0000000000
59649  -3.884  -29.761  37.532 0.0000000000
49433  -2.148  -41.495  41.590 0.0000000000
48515  -5.447  -42.030  37.585 0.0000000000
45714  -2.097  -46.047  40.727 0.0000000000
43530  -6.461  -47.226  50.002 0.0000000000
47472  -4.044  -44.968  51.297 0.0000000000
56132  -32.484  -33.502  31.458 0.0000000000
48426  -23.035  -40.231  43.616 0.0000000000
41406  -18.211  -46.503  38.843 0.0000000000
54263  -3.881  -38.372  43.252 0.0000000000
50439  0.065  -41.054  45.262 0.0000000000
62686  -41.461  -27.409  27.362 0.0000000000
41305  -8.423  -48.653  47.407 0.0000000000
40288  -11.025  -48.851  44.384 0.0000000000
55213  -6.600  -34.905  34.821 0.0000000000
49511  -3.418  -41.491  32.566 0.0000000000
51413  -4.683  -40.260  47.953 0.0000000000
49344  -0.780  -42.133  49.521 0.0000000000
45658  0.996  -45.976  49.481 0.0000000000
49457  -32.239  -40.743  37.427 0.0000000000
47595  -30.334  -42.956  36.875 0.0000000000
48521  -32.714  -42.753  35.752 0.0000000000
48509  -28.526  -41.773  36.823 0.0000000000
44647  -27.997  -44.171  36.171 0.0000000000
51530  -26.125  -39.520  36.657 0.0000000000
66468  -46.382  -23.350  25.157 0.0000000000
64641  -40.114  -25.120  24.555 0.0000000000
65587  -41.731  -24.071  23.032 0.0000000000
65602  -44.027  -23.379  21.905 0.0000000000
53492  -34.516  -35.476  26.796 0.0000000000
55281  -30.904  -34.427  28.018 0.0000000000
54408  -31.460  -34.506  26.733 0.0000000000
54432  -32.362  -35.141  24.647 0.0000000000
47549  -1.452  -43.265  42.819 0.0000000000
47561  -2.799  -44.036  41.515 0.0000000000
44605  -1.239  -45.962  43.411 0.0000000000
44608  0.462  -46.913  42.412 0.0000000000
43555  1.226  -47.962  44.774 0.0000000000
41294  -5.761  -49.048  49.681 0.0000000000
42434  -4.975  -48.104  51.168 0.0000000000
56126  -32.059  -34.380  33.129 0.0000000000
51556  -32.360  -38.941  33.578 0.0000000000
52542  -30.369  -39.453  31.903 0.0000000000
53441  -30.839  -37.454  32.965 0.0000000000
55224  -30.148  -35.507  32.370 0.0000000000
51451  -25.895  -37.853  43.521 0.0000000000
46713  -21.708  -43.868  37.845 0.0000000000
47577  -20.412  -43.308  39.435 0.0000000000
67467  -45.833  -21.465  20.004 0.0000000000
68414  -46.514  -20.684  18.436 0.0000000000
54219  -3.011  -38.477  44.940 0.0000000000
52429  -1.368  -39.604  44.211 0.0000000000
52411  -1.046  -39.417  45.455 0.0000000000
60711  -40.763  -29.952  26.488 0.0000000000
56229  -35.084  -34.094  22.404 0.0000000000
58899  -36.757  -32.109  23.381 0.0000000000
60749  -37.620  -29.801  24.489 0.0000000000
43535  -8.480  -47.435  48.217 0.0000000000
42451  -10.137  -48.036  46.869 0.0000000000
56073  -7.119  -34.598  38.824 0.0000000000
56922  -6.744  -33.186  37.262 0.0000000000
55186  -7.588  -35.797  37.455 0.0000000000
46738  -3.640  -44.791  36.293 0.0000000000
48527  -5.856  -42.441  34.833 0.0000000000
47636  -2.799  -44.113  34.224 0.0000000000
49349  -4.726  -41.751  48.264 0.0000000000
45635  -3.278  -46.080  52.290 0.0000000000
48378  -2.630  -43.789  51.073 0.0000000000
46594  -0.986  -44.778  51.153 0.0000000000
47485  -0.354  -43.721  49.525 0.0000000000
43524  0.231  -47.422  51.776 0.0000000000
49501  -33.112  -41.013  33.820 0.0000000000
50484  -25.957  -38.079  41.418 0.0000000000
51506  -25.460  -38.999  38.937 0.0000000000
48505  -24.196  -41.267  37.393 0.0000000000
67461  -48.243  -21.735  22.653 0.0000000000
66507  -45.067  -22.564  20.801 0.0000000000
54473  -37.297  -34.933  23.856 0.0000000000
54468  -33.061  -35.615  22.998 0.0000000000
40379  -16.045  -47.622  39.916 0.0000000000
40350  -15.044  -47.694  40.956 0.0000000000
57842  -3.822  -32.321  34.218 0.0000000000
51487  -4.652  -39.769  40.664 0.0000000000
51514  -5.553  -40.059  38.385 0.0000000000
48500  -3.938  -41.789  39.725 0.0000000000
45727  -4.169  -45.510  39.308 0.0000000000
45764  -2.110  -45.833  37.777 0.0000000000
46608  -5.922  -45.680  49.590 0.0000000000
47487  -4.898  -43.766  49.646 0.0000000000
46600  -5.185  -45.823  50.770 0.0000000000
43520  -3.908  -47.450  52.308 0.0000000000
55243  -33.310  -34.261  29.519 0.0000000000
55240  -30.053  -34.331  30.276 0.0000000000
45698  -19.724  -44.020  42.941 0.0000000000
49418  -23.197  -40.345  42.169 0.0000000000
46692  -20.530  -43.315  42.040 0.0000000000
42497  -17.732  -46.823  40.470 0.0000000000
56066  -7.159  -34.830  40.068 0.0000000000
55149  -6.393  -35.471  41.936 0.0000000000
53367  -5.086  -37.706  41.736 0.0000000000
52446  -2.555  -39.683  42.648 0.0000000000
49412  -1.271  -41.426  43.132 0.0000000000
47528  -0.515  -43.304  44.641 0.0000000000
64603  -42.612  -24.961  27.110 0.0000000000
62730  -38.865  -27.374  24.879 0.0000000000
45656  -6.905  -46.522  48.825 0.0000000000
41296  -7.242  -48.269  48.926 0.0000000000
40234  -6.429  -49.516  48.464 0.0000000000
40320  -14.081  -48.041  42.402 0.0000000000
40290  -12.910  -48.023  43.860 0.0000000000
41315  -11.318  -48.238  45.523 0.0000000000
40263  -9.847  -48.714  45.683 0.0000000000
40251  -7.273  -49.497  46.944 0.0000000000
57785  -4.166  -30.743  38.908 0.0000000000
57828  -5.600  -32.219  35.233 0.0000000000
55202  -3.624  -35.758  34.524 0.0000000000
51528  -5.891  -39.905  36.652 0.0000000000
51540  -4.604  -38.729  34.283 0.0000000000
51549  -3.081  -38.104  33.184 0.0000000000
53278  -4.250  -39.172  47.554 0.0000000000
49342  -3.623  -42.602  49.831 0.0000000000
51402  -2.622  -41.308  49.277 0.0000000000
52377  -2.207  -40.282  47.470 0.0000000000
50410  -0.584  -41.696  47.837 0.0000000000
47495  0.380  -43.326  47.311 0.0000000000
44573  0.594  -45.938  48.036 0.0000000000
41276  0.248  -49.485  52.759 0.0000000000
41288  1.243  -49.155  50.885 0.0000000000
42460  1.390  -48.479  46.581 0.0000000000
50508  -31.530  -40.158  37.528 0.0000000000
51525  -30.890  -38.941  37.705 0.0000000000
48497  -30.512  -41.936  37.223 0.0000000000
48511  -31.555  -42.394  37.223 0.0000000000
49468  -29.425  -41.353  37.139 0.0000000000
48496  -29.662  -42.019  37.089 0.0000000000
51523  -29.336  -39.606  37.079 0.0000000000
50522  -28.777  -40.504  36.895 0.0000000000
65561  -45.962  -23.478  26.003 0.0000000000
65558  -42.499  -24.009  25.207 0.0000000000
64654  -40.916  -24.405  23.763 0.0000000000
65574  -43.524  -23.689  24.511 0.0000000000
65589  -43.467  -23.747  23.481 0.0000000000
54397  -33.995  -35.247  27.150 0.0000000000
53469  -34.952  -35.514  27.550 0.0000000000
54365  -34.775  -35.018  28.238 0.0000000000
55295  -30.733  -34.452  27.028 0.0000000000
54395  -32.056  -34.600  27.290 0.0000000000
54410  -33.096  -34.883  26.330 0.0000000000
46667  -1.110  -44.387  44.510 0.0000000000
46677  -1.800  -44.720  43.094 0.0000000000
44600  -1.445  -45.733  43.897 0.0000000000
44598  0.013  -46.913  44.231 0.0000000000
44593  -0.195  -46.845  45.214 0.0000000000
40233  -5.508  -49.806  49.081 0.0000000000
40228  -5.056  -49.790  49.792 0.0000000000
53437  -32.736  -37.602  33.837 0.0000000000
53442  -31.535  -37.759  33.364 0.0000000000
54339  -31.878  -36.434  33.623 0.0000000000
55219  -31.928  -35.648  33.531 0.0000000000
68395  -47.473  -20.842  21.070 0.0000000000
67474  -45.762  -21.564  18.920 0.0000000000
69303  -47.472  -20.176  19.565 0.0000000000
53302  -3.363  -38.501  45.750 0.0000000000
53320  -2.431  -38.669  45.172 0.0000000000
53301  -2.624  -38.797  45.928 0.0000000000
58879  -40.142  -31.289  25.548 0.0000000000
59781  -41.571  -30.336  27.201 0.0000000000
57044  -37.550  -33.525  23.343 0.0000000000
57061  -36.271  -33.447  22.694 0.0000000000
57948  -37.482  -32.634  23.667 0.0000000000
58888  -38.693  -31.597  24.887 0.0000000000
43540  -10.430  -47.458  46.613 0.0000000000
42452  -10.834  -47.773  46.525 0.0000000000
42477  -17.505  -46.781  42.595 0.0000000000
40324  -16.806  -47.735  42.270 0.0000000000
56118  -0.906  -34.874  32.905 0.0000000000
55173  -6.981  -35.806  39.291 0.0000000000
55185  -7.225  -35.384  38.340 0.0000000000
55174  -7.353  -36.233  38.459 0.0000000000
46737  -2.696  -45.053  35.993 0.0000000000
47625  -3.409  -44.220  34.994 0.0000000000
47623  -2.069  -45.000  34.798 0.0000000000
49357  -6.158  -42.057  46.904 0.0000000000
48393  -4.930  -42.828  48.235 0.0000000000
44547  -2.008  -46.942  52.615 0.0000000000
45644  -2.084  -46.158  52.219 0.0000000000
44553  -1.314  -46.591  52.168 0.0000000000
45650  -0.243  -45.903  51.152 0.0000000000
43525  -0.242  -47.402  52.066 0.0000000000
48522  -33.106  -41.936  36.110 0.0000000000
48539  -32.900  -42.088  34.698 0.0000000000
50545  -33.633  -40.523  34.996 0.0000000000
51547  -33.638  -39.458  34.699 0.0000000000
48507  -26.406  -41.849  36.649 0.0000000000
50519  -25.036  -40.556  36.973 0.0000000000
47582  -25.400  -42.486  36.793 0.0000000000
46700  -23.798  -42.987  37.042 0.0000000000
67454  -47.676  -22.287  22.935 0.0000000000
66497  -45.653  -23.020  22.576 0.0000000000
66501  -44.601  -23.013  21.309 0.0000000000
66503  -46.211  -22.528  22.097 0.0000000000
67459  -46.679  -22.016  21.671 0.0000000000
54452  -36.200  -35.145  23.903 0.0000000000
54436  -38.413  -35.154  25.065 0.0000000000
54423  -37.391  -35.453  25.542 0.0000000000
54434  -33.889  -35.588  24.415 0.0000000000
54449  -32.593  -35.501  23.725 0.0000000000
54451  -34.040  -35.570  23.887 0.0000000000
54470  -34.921  -35.128  23.300 0.0000000000
60581  -3.806  -29.234  35.834 0.0000000000
59683  -3.289  -31.082  34.254 0.0000000000
58762  -4.357  -31.078  34.860 0.0000000000
50487  -3.057  -40.833  41.032 0.0000000000
50496  -3.513  -41.029  40.461 0.0000000000
48482  -2.888  -41.782  40.664 0.0000000000
45707  -2.568  -45.479  41.679 0.0000000000
46693  -3.653  -44.866  40.821 0.0000000000
45715  -3.242  -45.559  40.477 0.0000000000
45746  -2.686  -45.849  38.662 0.0000000000
45724  -1.492  -46.233  39.868 0.0000000000
45712  -0.542  -46.599  40.940 0.0000000000
45651  -6.145  -46.298  49.944 0.0000000000
46605  -5.564  -45.740  50.317 0.0000000000
44556  -5.828  -46.737  50.570 0.0000000000
41286  -4.420  -48.786  51.338 0.0000000000
42430  -4.663  -47.944  51.588 0.0000000000
41281  -3.767  -48.737  52.109 0.0000000000
43519  -3.410  -47.871  52.555 0.0000000000
56150  -32.846  -33.785  30.458 0.0000000000
56131  -31.529  -33.846  31.961 0.0000000000
56129  -29.770  -34.886  31.479 0.0000000000
56148  -30.742  -34.030  31.047 0.0000000000
55241  -31.056  -34.003  29.981 0.0000000000
48415  -22.273  -40.775  44.081 0.0000000000
47524  -20.692  -42.568  43.784 0.0000000000
47536  -21.112  -42.120  43.242 0.0000000000
49442  -24.230  -39.676  40.871 0.0000000000
49431  -24.580  -39.041  41.738 0.0000000000
49441  -23.542  -40.253  40.629 0.0000000000
44627  -19.288  -45.025  39.030 0.0000000000
46696  -20.171  -43.647  40.595 0.0000000000
44618  -19.120  -45.292  40.162 0.0000000000
44615  -18.851  -45.328  41.332 0.0000000000
42514  -18.162  -46.409  39.624 0.0000000000
41424  -17.415  -47.190  39.072 0.0000000000
55127  -4.953  -37.330  43.059 0.0000000000
55140  -5.170  -37.061  42.597 0.0000000000
55147  -5.351  -36.935  42.026 0.0000000000
54271  -4.597  -37.963  42.333 0.0000000000
53365  -3.776  -38.862  42.362 0.0000000000
53358  -3.586  -38.676  42.882 0.0000000000
51453  -0.566  -40.193  44.591 0.0000000000
51460  -1.117  -40.452  43.798 0.0000000000
50458  -0.691  -40.879  44.123 0.0000000000
48439  -0.525  -42.446  44.067 0.0000000000
48427  0.140  -42.299  44.966 0.0000000000
63628  -41.943  -26.047  27.444 0.0000000000
64589  -44.121  -25.069  28.499 0.0000000000
63617  -43.227  -26.108  28.818 0.0000000000
61740  -40.227  -28.523  25.915 0.0000000000
61753  -38.797  -28.496  24.849 0.0000000000
62707  -40.065  -27.765  25.751 0.0000000000
63645  -40.851  -26.009  26.342 0.0000000000
45660  -7.580  -46.217  47.813 0.0000000000
42447  -8.945  -47.950  48.017 0.0000000000
42444  -8.203  -47.850  48.428 0.0000000000
41300  -7.515  -48.806  48.269 0.0000000000
41299  -6.940  -49.035  48.640 0.0000000000
40236  -7.656  -48.994  47.903 0.0000000000
40349  -14.534  -47.706  40.992 0.0000000000
40333  -15.013  -47.873  41.698 0.0000000000
40331  -13.464  -48.030  41.831 0.0000000000
40303  -10.971  -49.004  43.792 0.0000000000
40304  -11.952  -48.476  43.332 0.0000000000
40289  -11.913  -48.373  44.100 0.0000000000
40265  -11.833  -48.137  45.130 0.0000000000
40275  -10.907  -48.657  44.966 0.0000000000
40255  -10.428  -48.317  46.100 0.0000000000
40274  -9.896  -49.054  44.952 0.0000000000
40272  -8.101  -49.559  45.349 0.0000000000
57771  -4.451  -31.232  39.449 0.0000000000
56932  -6.786  -33.340  35.908 0.0000000000
56931  -6.324  -32.466  36.498 0.0000000000
56942  -5.964  -32.778  35.199 0.0000000000
56952  -4.856  -33.231  34.434 0.0000000000
55211  -5.337  -35.196  34.611 0.0000000000
50526  -4.947  -41.008  38.485 0.0000000000
52479  -6.139  -39.568  37.767 0.0000000000
49478  -5.724  -41.160  36.912 0.0000000000
48549  -4.905  -42.309  33.479 0.0000000000
49488  -5.527  -40.840  34.388 0.0000000000
50544  -4.849  -40.286  33.550 0.0000000000
51545  -3.653  -38.410  33.598 0.0000000000
50548  -3.672  -39.184  32.918 0.0000000000
51562  -2.255  -39.434  31.728 0.0000000000
52372  -4.566  -39.591  47.746 0.0000000000
47483  -4.584  -44.345  50.388 0.0000000000
48384  -4.205  -43.558  50.237 0.0000000000
48383  -3.911  -43.394  50.322 0.0000000000
48382  -1.624  -42.780  50.409 0.0000000000
49340  -2.501  -42.262  50.070 0.0000000000
50400  -1.701  -41.436  49.442 0.0000000000
52364  -2.296  -40.787  48.544 0.0000000000
51410  -1.453  -41.199  48.531 0.0000000000
51418  -1.216  -41.330  47.846 0.0000000000
50404  -0.563  -41.871  48.686 0.0000000000
45654  0.499  -45.690  50.170 0.0000000000
47489  0.030  -43.578  48.957 0.0000000000
46614  0.185  -44.485  48.869 0.0000000000
46622  0.100  -44.610  47.234 0.0000000000
45663  1.077  -46.162  49.017 0.0000000000
39242  1.190  -51.191  52.469 0.0000000000
41275  0.722  -49.528  52.327 0.0000000000
49477  -33.385  -40.521  36.681 0.0000000000
45770  -30.440  -44.366  36.430 0.0000000000
46741  -31.571  -44.097  35.952 0.0000000000
47615  -31.627  -43.590  36.532 0.0000000000
48518  -32.910  -41.676  36.840 0.0000000000
47584  -27.236  -42.679  36.626 0.0000000000
46705  -28.663  -43.017  36.885 0.0000000000
46715  -29.614  -43.719  36.820 0.0000000000
50521  -27.716  -40.849  36.579 0.0000000000
66492  -46.851  -23.145  23.880 0.0000000000
64657  -40.144  -24.327  22.525 0.0000000000
64663  -40.978  -23.825  21.804 0.0000000000
65605  -41.795  -23.600  20.711 0.0000000000
65595  -43.344  -23.706  22.556 0.0000000000
65590  -44.575  -23.546  23.748 0.0000000000
53505  -35.204  -35.474  25.844 0.0000000000
53495  -36.299  -35.523  26.252 0.0000000000
53481  -35.515  -35.589  26.930 0.0000000000
54384  -36.323  -35.309  27.300 0.0000000000
55280  -29.536  -34.606  28.399 0.0000000000
55294  -29.800  -34.447  27.357 0.0000000000
55305  -30.075  -34.269  26.442 0.0000000000
55316  -30.479  -34.212  25.626 0.0000000000
55330  -30.975  -34.323  24.872 0.0000000000
54419  -31.617  -34.467  25.936 0.0000000000
54421  -33.094  -35.144  25.361 0.0000000000
48461  -1.758  -42.331  42.036 0.0000000000
48462  -2.271  -42.795  41.323 0.0000000000
47560  -2.115  -43.496  42.036 0.0000000000
45701  -2.183  -45.091  42.617 0.0000000000
45700  -1.633  -45.768  42.576 0.0000000000
45705  -0.624  -46.423  41.640 0.0000000000
44609  -0.297  -46.487  42.533 0.0000000000
44603  0.316  -46.864  43.304 0.0000000000
42438  -6.039  -48.015  50.228 0.0000000000
42435  -5.553  -47.843  50.717 0.0000000000
41290  -5.432  -48.694  50.293 0.0000000000
56978  -32.396  -33.582  32.448 0.0000000000
50572  -31.794  -40.123  32.319 0.0000000000
50571  -31.563  -40.607  31.912 0.0000000000
52538  -31.354  -39.066  32.887 0.0000000000
53448  -30.434  -38.185  32.545 0.0000000000
53440  -30.136  -37.216  32.490 0.0000000000
54344  -30.522  -36.453  32.833 0.0000000000
56125  -31.514  -34.605  32.900 0.0000000000
49393  -24.193  -39.289  43.675 0.0000000000
48489  -22.215  -41.648  38.988 0.0000000000
49450  -22.427  -41.218  40.124 0.0000000000
47592  -20.719  -43.372  38.686 0.0000000000
43591  -19.408  -45.237  38.325 0.0000000000
66524  -44.916  -22.613  17.831 0.0000000000
67477  -45.289  -22.027  17.520 0.0000000000
68412  -45.416  -21.620  17.099 0.0000000000
69323  -45.628  -20.449  16.481 0.0000000000
53339  -3.274  -38.505  43.962 0.0000000000
53350  -2.722  -38.997  43.543 0.0000000000
53338  -2.481  -38.836  44.352 0.0000000000
52420  -1.103  -39.456  44.728 0.0000000000
51443  -0.269  -40.283  45.549 0.0000000000
61722  -41.218  -28.625  27.266 0.0000000000
60703  -41.823  -29.356  27.592 0.0000000000
57980  -35.175  -32.888  22.074 0.0000000000
58915  -35.641  -31.869  22.595 0.0000000000
59819  -35.824  -30.871  23.201 0.0000000000
59807  -37.677  -30.978  24.377 0.0000000000
60737  -39.725  -29.699  25.209 0.0000000000
45662  -8.720  -46.829  47.274 0.0000000000
44574  -9.017  -46.956  47.058 0.0000000000
42448  -9.405  -47.907  47.414 0.0000000000
41306  -9.543  -48.271  46.883 0.0000000000
41335  -10.885  -48.868  43.191 0.0000000000
40287  -10.057  -48.996  44.550 0.0000000000
56896  -6.407  -32.627  38.985 0.0000000000
56906  -6.273  -32.476  38.215 0.0000000000
56907  -6.821  -33.495  38.367 0.0000000000
56085  -7.205  -34.514  37.660 0.0000000000
56096  -7.595  -34.981  35.949 0.0000000000
46728  -5.422  -44.228  36.766 0.0000000000
48520  -6.123  -42.496  36.147 0.0000000000
47614  -5.397  -43.921  36.164 0.0000000000
47637  -3.782  -43.663  34.081 0.0000000000
48547  -3.137  -42.704  32.960 0.0000000000
50417  -7.406  -40.449  46.527 0.0000000000
50412  -6.415  -40.594  47.088 0.0000000000
50406  -5.175  -40.684  47.847 0.0000000000
46592  -3.810  -45.479  51.793 0.0000000000
47471  -3.541  -44.537  51.279 0.0000000000
47470  -2.923  -44.516  51.499 0.0000000000
47475  -1.961  -44.224  51.327 0.0000000000
48381  -1.228  -43.287  50.404 0.0000000000
48386  -0.693  -42.992  49.757 0.0000000000
46602  -0.568  -44.813  50.785 0.0000000000
45649  -0.019  -45.419  50.627 0.0000000000
44557  0.874  -46.595  50.678 0.0000000000
48551  -31.371  -42.248  33.382 0.0000000000
47640  -31.615  -43.442  34.783 0.0000000000
47651  -31.822  -42.399  33.959 0.0000000000
49513  -32.010  -41.450  32.775 0.0000000000
51551  -32.737  -40.085  33.489 0.0000000000
52520  -33.375  -38.307  34.332 0.0000000000
50504  -24.470  -39.662  39.572 0.0000000000
52502  -25.812  -39.061  37.179 0.0000000000
51521  -24.582  -39.715  38.368 0.0000000000
49462  -23.378  -40.696  38.490 0.0000000000
47580  -22.954  -42.347  37.622 0.0000000000
65612  -43.750  -23.092  19.885 0.0000000000
66512  -45.444  -22.020  20.399 0.0000000000
67465  -47.050  -21.417  21.370 0.0000000000
56204  -38.458  -34.208  23.921 0.0000000000
57026  -39.954  -33.261  25.251 0.0000000000
56196  -39.485  -34.191  24.877 0.0000000000
54448  -31.402  -34.782  23.888 0.0000000000
54491  -34.337  -35.005  22.838 0.0000000000
55382  -35.889  -34.472  22.877 0.0000000000
40368  -16.839  -47.533  40.398 0.0000000000
40352  -16.375  -47.653  41.131 0.0000000000
40366  -15.694  -47.634  40.459 0.0000000000
41385  -14.763  -47.640  40.580 0.0000000000
58772  -2.455  -32.127  33.499 0.0000000000
56110  -2.178  -34.662  33.682 0.0000000000
52464  -5.584  -38.949  40.598 0.0000000000
52466  -6.849  -38.238  39.409 0.0000000000
51498  -4.596  -40.518  39.847 0.0000000000
50511  -4.544  -40.996  39.277 0.0000000000
48501  -4.605  -42.235  39.078 0.0000000000
47574  -3.087  -43.156  40.513 0.0000000000
47589  -4.428  -43.199  39.502 0.0000000000
47590  -5.134  -43.712  38.757 0.0000000000
45767  -4.627  -45.073  37.695 0.0000000000
47490  -5.124  -43.520  48.909 0.0000000000
46607  -5.416  -45.163  50.045 0.0000000000
46604  -5.002  -45.282  50.509 0.0000000000
46598  -4.550  -45.509  51.240 0.0000000000
43522  -5.043  -47.290  51.392 0.0000000000
45641  -4.723  -46.449  51.576 0.0000000000
46593  -4.244  -45.555  51.570 0.0000000000
44544  -3.708  -46.692  52.354 0.0000000000
43512  -2.371  -47.512  52.779 0.0000000000
42420  -1.596  -48.459  53.023 0.0000000000
55264  -33.194  -34.444  28.980 0.0000000000
54355  -34.217  -34.587  29.104 0.0000000000
55244  -34.152  -34.274  29.911 0.0000000000
50581  -30.163  -40.705  30.796 0.0000000000
55260  -29.257  -34.630  29.520 0.0000000000
55262  -31.520  -34.274  28.992 0.0000000000
45693  -19.204  -44.600  43.089 0.0000000000
42479  -17.786  -46.602  42.062 0.0000000000
50465  -25.567  -38.320  42.545 0.0000000000
49410  -24.262  -39.260  42.871 0.0000000000
48447  -23.204  -40.191  42.720 0.0000000000
48481  -22.393  -41.484  41.131 0.0000000000
47567  -21.841  -41.908  41.988 0.0000000000
47558  -21.380  -42.110  42.496 0.0000000000
45703  -19.713  -44.088  42.519 0.0000000000
43574  -18.330  -45.937  41.663 0.0000000000
41365  -17.348  -47.060  41.040 0.0000000000
41404  -17.338  -47.369  39.905 0.0000000000
70196  -45.983  -19.575  16.152 0.0000000000
70197  -46.539  -18.774  15.750 0.0000000000
70200  -46.629  -18.693  14.687 0.0000000000
55163  -6.530  -36.202  40.450 0.0000000000
55157  -6.544  -35.665  41.176 0.0000000000
55156  -5.947  -36.694  41.421 0.0000000000
53376  -6.031  -37.467  40.846 0.0000000000
53374  -4.791  -38.631  41.464 0.0000000000
51478  -3.181  -39.930  41.798 0.0000000000
50476  -2.166  -40.754  41.994 0.0000000000
52438  -2.243  -39.518  43.191 0.0000000000
51476  -2.017  -40.561  42.337 0.0000000000
49421  -1.564  -41.428  42.398 0.0000000000
47548  -1.102  -42.666  43.110 0.0000000000
47539  -1.049  -43.686  43.890 0.0000000000
46654  -0.710  -44.319  45.334 0.0000000000
64624  -43.300  -24.347  26.584 0.0000000000
60748  -36.861  -29.431  24.156 0.0000000000
61766  -37.568  -28.514  24.480 0.0000000000
62738  -37.808  -27.057  24.303 0.0000000000
63666  -39.833  -26.041  25.297 0.0000000000
64622  -41.454  -24.777  25.711 0.0000000000
46609  -6.319  -45.992  48.960 0.0000000000
44561  -6.766  -46.923  49.384 0.0000000000
44569  -7.990  -46.815  48.221 0.0000000000
43532  -7.236  -47.349  48.983 0.0000000000
42439  -6.517  -47.711  49.807 0.0000000000
40230  -6.583  -49.195  48.788 0.0000000000
40334  -15.796  -47.882  41.767 0.0000000000
40321  -15.009  -48.013  42.418 0.0000000000
40307  -14.986  -48.021  43.025 0.0000000000
40319  -13.098  -48.206  42.419 0.0000000000
40305  -12.983  -48.167  43.188 0.0000000000
40278  -13.948  -47.671  43.908 0.0000000000
41317  -12.974  -47.578  44.902 0.0000000000
41313  -12.711  -47.720  45.334 0.0000000000
42453  -11.753  -47.620  46.076 0.0000000000
41307  -10.747  -48.027  46.440 0.0000000000
40254  -9.634  -48.550  46.234 0.0000000000
40244  -8.749  -48.699  46.802 0.0000000000
40273  -9.070  -49.131  45.313 0.0000000000
40262  -8.996  -49.004  45.907 0.0000000000
40252  -8.098  -49.171  46.742 0.0000000000
40242  -7.280  -49.320  47.599 0.0000000000
58739  -3.967  -30.277  38.287 0.0000000000
56920  -5.797  -31.731  37.786 0.0000000000
57801  -5.087  -30.838  37.703 0.0000000000
58753  -5.100  -31.016  35.596 0.0000000000
57826  -4.477  -31.677  34.704 0.0000000000
56111  -3.042  -34.384  34.097 0.0000000000
55200  -2.508  -35.549  33.832 0.0000000000
52481  -7.203  -38.257  38.426 0.0000000000
53423  -7.441  -37.730  36.895 0.0000000000
54319  -6.819  -37.449  35.687 0.0000000000
50535  -5.800  -40.250  36.078 0.0000000000
51537  -5.429  -39.242  35.125 0.0000000000
54328  -5.187  -37.052  34.831 0.0000000000
54327  -4.072  -36.600  34.577 0.0000000000
52513  -3.217  -37.318  33.807 0.0000000000
52517  -2.128  -37.227  33.098 0.0000000000
52535  -1.942  -38.176  31.849 0.0000000000
48391  -4.592  -42.895  49.116 0.0000000000
49348  -4.357  -42.356  49.080 0.0000000000
50402  -3.893  -41.381  48.821 0.0000000000
49336  -3.387  -43.041  50.338 0.0000000000
50396  -3.300  -41.724  49.313 0.0000000000
51408  -3.858  -40.619  48.397 0.0000000000
52366  -3.379  -40.408  48.315 0.0000000000
53276  -3.047  -39.702  47.630 0.0000000000
53289  -2.613  -39.195  46.633 0.0000000000
52384  -2.026  -39.762  46.788 0.0000000000
51432  -0.585  -40.477  46.221 0.0000000000
50428  -0.010  -41.110  46.131 0.0000000000
48389  -0.084  -42.814  49.085 0.0000000000
48394  0.369  -42.606  47.575 0.0000000000
48403  0.479  -42.515  46.646 0.0000000000
47504  0.257  -43.360  46.271 0.0000000000
46639  -0.104  -44.250  46.355 0.0000000000
44588  -0.550  -45.923  46.227 0.0000000000
41273  -1.194  -49.347  53.318 0.0000000000
40211  -0.394  -50.471  53.317 0.0000000000
41277  -0.179  -49.080  52.924 0.0000000000
42423  0.391  -49.043  52.414 0.0000000000
43523  0.766  -47.743  51.508 0.0000000000
42442  1.338  -48.194  50.408 0.0000000000
41293  1.397  -48.916  49.944 0.0000000000
43536  1.566  -47.349  48.972 0.0000000000
43539  1.416  -47.467  48.031 0.0000000000
43543  0.914  -47.514  46.980 0.0000000000
43550  0.397  -47.263  45.994 0.0000000000
43549  1.019  -47.909  45.811 0.0000000000
42466  1.374  -48.615  45.487 0.0000000000
50507  -30.867  -40.336  37.486 0.0000000000
51509  -30.641  -39.757  37.531 0.0000000000
49454  -30.255  -41.234  37.324 0.0000000000
49455  -31.056  -41.143  37.484 0.0000000000
49469  -30.052  -40.891  37.343 0.0000000000
50523  -29.915  -40.310  37.275 0.0000000000
51524  -30.194  -39.178  37.454 0.0000000000
65560  -44.817  -23.705  25.830 0.0000000000
65543  -46.045  -23.599  26.964 0.0000000000
65559  -43.587  -23.878  25.691 0.0000000000
65575  -44.573  -23.567  24.852 0.0000000000
54381  -34.549  -35.356  27.767 0.0000000000
54364  -34.266  -34.878  28.408 0.0000000000
54379  -32.684  -34.617  28.083 0.0000000000
54378  -31.710  -34.512  27.793 0.0000000000
54396  -32.977  -34.776  27.221 0.0000000000
45687  -1.198  -44.920  44.821 0.0000000000
45692  -1.425  -45.265  44.374 0.0000000000
45691  -1.111  -45.779  44.889 0.0000000000
44599  -0.947  -46.240  44.370 0.0000000000
39253  -4.972  -50.043  49.462 0.0000000000
53436  -32.038  -37.176  33.637 0.0000000000
57929  -40.038  -32.220  25.378 0.0000000000
58870  -40.559  -31.702  25.858 0.0000000000
57935  -38.125  -32.990  23.951 0.0000000000
57936  -38.726  -32.451  24.601 0.0000000000
58878  -39.420  -31.665  25.146 0.0000000000
44581  -11.557  -46.695  45.775 0.0000000000
44576  -11.094  -46.983  46.122 0.0000000000
43541  -11.339  -47.369  46.237 0.0000000000
41351  -17.384  -47.166  41.941 0.0000000000
41350  -16.986  -47.586  42.201 0.0000000000
40336  -16.825  -47.702  41.950 0.0000000000
55217  -1.072  -35.377  32.947 0.0000000000
55222  -0.725  -35.147  32.503 0.0000000000
54296  -7.137  -36.738  39.176 0.0000000000
46748  -2.291  -45.163  35.610 0.0000000000
48395  -5.268  -42.909  47.446 0.0000000000
44554  -1.678  -46.716  52.390 0.0000000000
44546  -1.309  -47.076  52.476 0.0000000000
44545  -0.925  -46.977  52.271 0.0000000000
43516  -0.640  -47.584  52.373 0.0000000000
50540  -33.709  -40.452  35.928 0.0000000000
49484  -33.451  -41.284  35.543 0.0000000000
51542  -33.856  -39.869  35.429 0.0000000000
47583  -26.325  -42.612  36.682 0.0000000000
48492  -25.855  -42.244  36.772 0.0000000000
66498  -46.674  -22.784  22.990 0.0000000000
53527  -35.789  -35.366  24.312 0.0000000000
53528  -36.580  -35.307  24.526 0.0000000000
53517  -36.426  -35.446  25.074 0.0000000000
53525  -34.533  -35.559  24.401 0.0000000000
53526  -35.127  -35.493  24.366 0.0000000000
53540  -34.953  -35.366  23.761 0.0000000000
60573  -3.408  -29.067  37.521 0.0000000000
59661  -4.068  -29.568  36.247 0.0000000000
59662  -4.355  -30.103  35.508 0.0000000000
49443  -2.686  -41.468  41.014 0.0000000000
50495  -2.984  -41.152  40.899 0.0000000000
45725  -2.436  -45.966  39.674 0.0000000000
45713  -1.112  -46.328  40.813 0.0000000000
44560  -6.333  -46.809  50.078 0.0000000000
43527  -5.997  -47.214  50.484 0.0000000000
41282  -4.239  -48.362  51.806 0.0000000000
56133  -33.404  -33.525  31.028 0.0000000000
48569  -30.804  -41.926  31.914 0.0000000000
56149  -31.775  -33.734  30.770 0.0000000000
49391  -23.109  -40.147  43.879 0.0000000000
48425  -22.514  -40.636  43.741 0.0000000000
47526  -21.492  -41.608  43.568 0.0000000000
48435  -21.910  -41.214  43.438 0.0000000000
50492  -24.145  -39.781  40.221 0.0000000000
43590  -18.928  -45.566  38.896 0.0000000000
45717  -19.550  -44.587  39.930 0.0000000000
41405  -17.776  -46.945  39.463 0.0000000000
55139  -4.804  -37.472  42.965 0.0000000000
54264  -4.528  -37.865  42.801 0.0000000000
54265  -5.047  -37.311  42.357 0.0000000000
53359  -4.321  -38.236  42.548 0.0000000000
50450  -0.221  -40.999  44.564 0.0000000000
49394  0.038  -41.575  44.765 0.0000000000
62685  -41.169  -27.164  26.928 0.0000000000
63616  -42.329  -26.663  28.163 0.0000000000
62709  -40.887  -28.072  27.029 0.0000000000
61739  -40.042  -28.256  25.591 0.0000000000
62708  -40.727  -27.454  26.549 0.0000000000
63627  -41.305  -26.604  26.898 0.0000000000
41301  -8.366  -48.323  48.048 0.0000000000
41304  -7.892  -48.899  47.746 0.0000000000
41363  -13.621  -47.907  41.445 0.0000000000
40332  -14.152  -47.884  41.581 0.0000000000
57772  -4.987  -31.559  39.552 0.0000000000
56105  -7.027  -34.471  35.302 0.0000000000
56943  -6.352  -33.749  34.968 0.0000000000
56953  -5.605  -33.792  34.599 0.0000000000
55212  -6.066  -35.121  34.659 0.0000000000
48514  -4.912  -41.672  38.361 0.0000000000
49473  -5.150  -41.297  37.994 0.0000000000
48548  -4.039  -42.213  32.956 0.0000000000
49498  -4.999  -41.397  33.396 0.0000000000
50549  -3.906  -40.345  32.768 0.0000000000
50560  -3.167  -40.841  32.337 0.0000000000
50559  -2.745  -40.126  32.109 0.0000000000
49510  -2.676  -41.430  32.234 0.0000000000
51414  -5.675  -39.922  47.481 0.0000000000
47479  -4.364  -44.926  50.985 0.0000000000
47482  -4.147  -43.879  50.432 0.0000000000
47478  -3.981  -44.227  50.743 0.0000000000
49338  -1.209  -42.275  50.009 0.0000000000
49339  -1.872  -42.180  50.132 0.0000000000
50393  -1.605  -41.727  49.756 0.0000000000
51404  -1.499  -41.149  48.933 0.0000000000
50399  -1.245  -41.516  49.282 0.0000000000
50405  -0.974  -41.575  48.680 0.0000000000
50398  -0.718  -41.823  49.132 0.0000000000
45653  0.863  -45.851  49.854 0.0000000000
45659  0.544  -45.410  49.498 0.0000000000
45664  0.580  -45.554  48.720 0.0000000000
37308  1.597  -53.328  52.571 0.0000000000
38280  1.100  -52.038  52.893 0.0000000000
50533  -32.957  -40.459  37.256 0.0000000000
46729  -30.403  -44.088  36.676 0.0000000000
46730  -30.948  -43.955  36.611 0.0000000000
47604  -31.338  -43.246  36.803 0.0000000000
49470  -32.144  -41.314  37.464 0.0000000000
48512  -32.210  -42.047  37.325 0.0000000000
48513  -32.723  -41.440  37.163 0.0000000000
49476  -33.073  -40.904  36.987 0.0000000000
48494  -27.840  -42.432  36.709 0.0000000000
47585  -28.215  -42.775  36.748 0.0000000000
48495  -28.781  -42.378  36.892 0.0000000000
47587  -29.959  -42.694  36.975 0.0000000000
46706  -29.441  -43.338  36.846 0.0000000000
46707  -29.979  -43.174  36.908 0.0000000000
45756  -29.648  -43.995  36.789 0.0000000000
49467  -28.221  -41.389  36.746 0.0000000000
48508  -27.483  -41.970  36.616 0.0000000000
66476  -46.202  -23.412  24.417 0.0000000000
66477  -47.022  -23.232  24.710 0.0000000000
63675  -38.766  -25.428  23.982 0.0000000000
64640  -39.489  -25.103  24.067 0.0000000000
65572  -41.747  -24.174  23.926 0.0000000000
64658  -40.920  -24.137  22.818 0.0000000000
65593  -41.705  -23.796  22.122 0.0000000000
65588  -42.566  -23.956  23.236 0.0000000000
65591  -45.364  -23.489  24.304 0.0000000000
66491  -45.805  -23.365  23.518 0.0000000000
53504  -34.535  -35.398  25.987 0.0000000000
53493  -35.120  -35.533  26.608 0.0000000000
54382  -35.057  -35.357  27.747 0.0000000000
53470  -35.296  -35.502  27.340 0.0000000000
54383  -35.596  -35.302  27.535 0.0000000000
55306  -30.908  -34.360  26.226 0.0000000000
55317  -31.148  -34.321  25.538 0.0000000000
54411  -33.852  -35.232  26.161 0.0000000000
54422  -33.821  -35.442  25.233 0.0000000000
47559  -1.732  -43.027  42.255 0.0000000000
47550  -1.809  -43.770  42.594 0.0000000000
45695  -1.756  -45.248  43.332 0.0000000000
45696  -1.937  -44.866  42.932 0.0000000000
45699  -0.975  -46.173  42.260 0.0000000000
44610  -0.923  -46.162  42.843 0.0000000000
43561  0.878  -47.320  44.067 0.0000000000
43560  1.360  -47.923  43.812 0.0000000000
56966  -31.990  -34.206  32.957 0.0000000000
51555  -32.335  -39.516  33.231 0.0000000000
51564  -31.730  -39.565  32.662 0.0000000000
52530  -31.095  -38.439  32.993 0.0000000000
56119  -31.802  -35.030  33.311 0.0000000000
55218  -31.578  -35.201  33.236 0.0000000000
50438  -24.794  -38.584  44.216 0.0000000000
50449  -25.359  -38.400  43.550 0.0000000000
47579  -21.929  -42.726  38.260 0.0000000000
47593  -21.350  -43.338  38.270 0.0000000000
66518  -44.955  -22.338  18.775 0.0000000000
66523  -44.520  -23.156  17.532 0.0000000000
68409  -46.646  -20.777  19.139 0.0000000000
67478  -45.689  -21.641  18.126 0.0000000000
68408  -46.068  -21.185  18.457 0.0000000000
68421  -45.675  -21.063  16.996 0.0000000000
54239  -3.476  -38.423  44.274 0.0000000000
54238  -2.826  -38.575  44.717 0.0000000000
53300  -1.759  -39.067  45.711 0.0000000000
53319  -1.704  -39.087  45.024 0.0000000000
52419  -0.603  -39.722  45.230 0.0000000000
60724  -40.731  -29.497  26.519 0.0000000000
61703  -41.734  -28.358  27.762 0.0000000000
60712  -41.063  -29.611  26.937 0.0000000000
56248  -34.489  -34.047  22.129 0.0000000000
57965  -36.376  -32.757  22.852 0.0000000000
57964  -35.766  -32.797  22.355 0.0000000000
58916  -36.164  -32.244  22.816 0.0000000000
59821  -37.017  -31.346  23.943 0.0000000000
58900  -37.368  -31.876  24.001 0.0000000000
59796  -39.832  -30.603  25.355 0.0000000000
59795  -39.072  -30.602  25.097 0.0000000000
60738  -40.087  -29.915  25.576 0.0000000000
60723  -40.446  -29.609  26.083 0.0000000000
44575  -9.654  -47.160  46.753 0.0000000000
42449  -10.087  -47.756  46.963 0.0000000000
43538  -9.615  -47.524  47.135 0.0000000000
40302  -10.021  -49.059  43.821 0.0000000000
56086  -7.492  -35.036  36.784 0.0000000000
55195  -7.744  -35.776  36.364 0.0000000000
46739  -4.656  -44.557  36.473 0.0000000000
46740  -5.199  -44.352  36.626 0.0000000000
47613  -4.130  -44.427  35.712 0.0000000000
47649  -3.629  -43.030  33.362 0.0000000000
47648  -2.953  -43.425  33.475 0.0000000000
47647  -2.312  -43.859  33.485 0.0000000000
49352  -5.375  -42.140  47.584 0.0000000000
49353  -5.953  -41.149  47.329 0.0000000000
49350  -5.487  -40.939  47.716 0.0000000000
46589  -3.654  -45.774  52.084 0.0000000000
46591  -3.195  -45.364  51.940 0.0000000000
45643  -1.421  -45.813  51.778 0.0000000000
46596  -2.351  -45.090  51.757 0.0000000000
46595  -1.439  -44.878  51.422 0.0000000000
48376  -1.380  -43.609  50.714 0.0000000000
47474  -1.228  -44.084  50.907 0.0000000000
47481  -0.834  -43.897  50.255 0.0000000000
44559  -0.040  -46.462  51.407 0.0000000000
44558  0.435  -46.497  51.043 0.0000000000
44564  0.742  -46.322  50.530 0.0000000000
43529  0.658  -47.226  51.345 0.0000000000
47659  -30.517  -42.674  33.106 0.0000000000
46764  -30.428  -43.420  33.845 0.0000000000
46742  -32.029  -43.826  35.768 0.0000000000
46750  -31.859  -43.893  35.565 0.0000000000
47629  -32.112  -43.457  35.303 0.0000000000
49491  -33.156  -41.438  34.439 0.0000000000
48538  -32.535  -42.068  34.208 0.0000000000
49490  -32.830  -41.652  34.063 0.0000000000
48552  -32.020  -41.919  33.480 0.0000000000
49500  -32.634  -41.351  33.618 0.0000000000
50551  -32.846  -40.670  33.527 0.0000000000
51552  -32.932  -39.313  33.866 0.0000000000
44654  -26.963  -44.394  35.927 0.0000000000
51493  -25.579  -38.992  39.941 0.0000000000
50505  -25.055  -39.326  39.599 0.0000000000
51531  -27.025  -39.282  36.479 0.0000000000
49464  -24.649  -40.927  37.133 0.0000000000
50518  -24.461  -40.055  37.698 0.0000000000
49463  -23.858  -40.468  37.990 0.0000000000
48504  -23.658  -40.980  37.914 0.0000000000
48490  -23.423  -41.418  37.871 0.0000000000
45752  -23.064  -43.811  36.791 0.0000000000
68387  -48.766  -21.417  22.733 0.0000000000
65600  -42.418  -23.587  21.400 0.0000000000
65606  -42.257  -23.543  20.466 0.0000000000
65607  -43.100  -23.400  20.632 0.0000000000
66510  -44.335  -22.790  19.269 0.0000000000
67460  -47.597  -21.772  22.102 0.0000000000
68391  -47.778  -21.144  21.682 0.0000000000
55364  -37.981  -34.603  23.681 0.0000000000
56205  -39.043  -34.012  24.337 0.0000000000
55348  -38.335  -34.757  24.151 0.0000000000
54425  -38.873  -35.114  25.817 0.0000000000
54437  -39.121  -34.949  25.301 0.0000000000
53483  -36.715  -35.531  26.596 0.0000000000
53496  -36.811  -35.509  26.142 0.0000000000
54431  -31.659  -34.625  25.048 0.0000000000
54490  -33.456  -35.292  22.608 0.0000000000
54471  -35.770  -34.912  23.339 0.0000000000
55361  -35.669  -34.682  22.990 0.0000000000
55362  -36.388  -34.603  23.144 0.0000000000
56216  -37.820  -34.203  23.424 0.0000000000
40367  -16.284  -47.619  40.451 0.0000000000
41403  -15.059  -47.606  40.038 0.0000000000
59681  -3.436  -29.982  34.406 0.0000000000
58773  -3.291  -31.558  34.111 0.0000000000
57841  -2.606  -32.722  33.721 0.0000000000
56949  -1.947  -33.734  33.483 0.0000000000
56950  -2.835  -33.562  33.863 0.0000000000
51488  -5.166  -39.404  40.562 0.0000000000
49458  -3.671  -41.486  40.052 0.0000000000
50510  -4.043  -41.206  39.920 0.0000000000
49459  -4.222  -41.453  39.494 0.0000000000
47568  -2.696  -43.362  41.136 0.0000000000
48473  -2.703  -42.713  40.764 0.0000000000
47569  -3.327  -43.996  40.845 0.0000000000
46694  -4.202  -45.048  40.084 0.0000000000
47570  -3.976  -44.300  40.372 0.0000000000
47576  -4.529  -44.084  39.762 0.0000000000
46697  -4.808  -44.828  39.180 0.0000000000
46711  -5.136  -44.737  38.210 0.0000000000
45748  -4.466  -45.319  38.445 0.0000000000
45765  -2.941  -45.498  37.760 0.0000000000
44614  -0.074  -46.657  41.914 0.0000000000
45704  -0.235  -46.670  41.432 0.0000000000
46611  -5.623  -44.924  49.372 0.0000000000
45648  -5.517  -46.244  50.680 0.0000000000
46599  -4.863  -45.649  50.985 0.0000000000
43526  -5.500  -47.235  50.928 0.0000000000
42431  -5.152  -47.672  51.180 0.0000000000
43521  -4.553  -47.381  51.850 0.0000000000
44549  -4.484  -46.787  51.895 0.0000000000
45640  -4.514  -46.106  51.653 0.0000000000
44548  -4.108  -46.669  52.169 0.0000000000
45639  -4.051  -46.061  52.022 0.0000000000
43514  -3.771  -47.068  52.417 0.0000000000
42422  -3.069  -48.182  52.741 0.0000000000
43513  -3.252  -47.492  52.616 0.0000000000
42421  -2.427  -48.404  52.966 0.0000000000
54354  -33.844  -34.477  29.316 0.0000000000
51571  -30.766  -39.959  31.667 0.0000000000
50582  -30.796  -40.781  31.202 0.0000000000
51570  -30.259  -40.228  31.072 0.0000000000
56147  -30.004  -34.468  31.125 0.0000000000
55239  -29.225  -34.867  30.697 0.0000000000
55242  -32.203  -33.979  29.712 0.0000000000
55263  -32.669  -34.411  28.773 0.0000000000
45694  -19.720  -43.884  43.358 0.0000000000
44606  -18.651  -45.345  42.802 0.0000000000
43572  -18.141  -46.071  42.445 0.0000000000
49420  -24.375  -39.212  42.288 0.0000000000
49419  -23.666  -39.930  42.386 0.0000000000
49409  -23.750  -39.677  43.039 0.0000000000
48459  -23.197  -40.254  42.410 0.0000000000
48479  -21.454  -42.181  39.798 0.0000000000
48480  -22.146  -41.578  40.486 0.0000000000
47573  -21.449  -42.263  40.813 0.0000000000
46691  -20.274  -43.620  41.403 0.0000000000
47565  -20.667  -43.153  41.259 0.0000000000
47566  -21.063  -42.745  41.752 0.0000000000
46687  -20.535  -43.142  42.441 0.0000000000
47557  -20.899  -42.668  42.582 0.0000000000
46686  -20.193  -43.668  42.262 0.0000000000
42498  -17.948  -46.467  40.656 0.0000000000
42484  -18.027  -46.308  41.250 0.0000000000
42483  -17.679  -46.702  41.372 0.0000000000
41387  -17.541  -47.131  40.237 0.0000000000
41386  -17.137  -47.323  40.704 0.0000000000
41423  -16.857  -47.379  39.125 0.0000000000
69315  -46.085  -20.317  17.193 0.0000000000
70189  -46.046  -19.885  16.723 0.0000000000
71063  -47.332  -18.198  15.141 0.0000000000
55141  -5.764  -36.340  42.531 0.0000000000
55148  -5.772  -36.288  41.930 0.0000000000
55155  -5.434  -37.092  41.804 0.0000000000
54278  -5.471  -37.334  41.567 0.0000000000
55162  -6.218  -36.784  40.915 0.0000000000
54279  -5.941  -37.218  41.127 0.0000000000
53375  -5.454  -38.027  41.155 0.0000000000
52447  -3.208  -39.425  42.315 0.0000000000
52455  -3.563  -39.627  41.753 0.0000000000
51485  -2.885  -40.629  41.383 0.0000000000
51477  -2.561  -40.278  42.074 0.0000000000
52430  -1.979  -39.351  43.912 0.0000000000
52437  -1.629  -39.730  43.666 0.0000000000
50466  -1.192  -40.927  43.558 0.0000000000
51469  -1.682  -40.260  42.999 0.0000000000
50467  -1.439  -40.893  42.915 0.0000000000
50475  -1.803  -40.864  42.329 0.0000000000
48460  -1.334  -41.916  42.715 0.0000000000
48449  -1.004  -42.115  43.398 0.0000000000
48428  -0.157  -42.578  44.533 0.0000000000
47538  -0.878  -42.911  43.606 0.0000000000
46666  -0.831  -43.959  44.735 0.0000000000
64604  -43.813  -24.513  27.388 0.0000000000
54356  -34.587  -34.688  28.766 0.0000000000
59806  -36.986  -30.490  24.102 0.0000000000
60766  -36.331  -30.139  23.756 0.0000000000
61752  -38.261  -28.543  24.711 0.0000000000
62729  -38.273  -28.000  24.705 0.0000000000
62737  -37.020  -27.598  24.078 0.0000000000
62739  -38.488  -26.355  24.459 0.0000000000
62731  -39.625  -27.087  25.331 0.0000000000
64602  -41.708  -25.437  26.683 0.0000000000
64623  -42.487  -24.510  26.199 0.0000000000
46613  -6.838  -45.888  48.313 0.0000000000
45652  -6.494  -46.649  49.590 0.0000000000
44565  -6.996  -46.841  48.979 0.0000000000
44570  -8.621  -47.029  47.811 0.0000000000
45661  -8.132  -46.619  47.774 0.0000000000
44567  -8.101  -47.163  48.395 0.0000000000
42443  -7.576  -47.933  48.798 0.0000000000
42441  -7.559  -47.652  48.805 0.0000000000
42440  -7.071  -47.739  49.199 0.0000000000
43531  -6.806  -47.313  49.464 0.0000000000
41292  -6.793  -47.998  49.447 0.0000000000
40235  -7.202  -49.140  48.170 0.0000000000
40351  -15.751  -47.707  41.069 0.0000000000
40306  -14.021  -47.998  43.096 0.0000000000
41348  -12.611  -48.395  42.407 0.0000000000
40318  -12.433  -48.433  42.715 0.0000000000
40291  -13.964  -47.810  43.621 0.0000000000
41321  -13.444  -47.609  44.326 0.0000000000
40277  -12.878  -47.830  44.430 0.0000000000
40266  -12.372  -47.922  44.980 0.0000000000
41316  -11.877  -48.018  45.445 0.0000000000
41312  -11.835  -47.840  45.851 0.0000000000
41308  -11.297  -47.885  46.296 0.0000000000
41311  -10.963  -48.126  46.110 0.0000000000
40245  -9.048  -48.515  46.795 0.0000000000
40253  -8.846  -48.835  46.412 0.0000000000
40286  -9.045  -49.202  44.549 0.0000000000
40261  -8.156  -49.367  46.110 0.0000000000
57770  -4.063  -30.872  39.351 0.0000000000
58727  -3.780  -30.438  39.075 0.0000000000
59641  -3.470  -29.840  39.145 0.0000000000
58728  -4.218  -30.579  38.533 0.0000000000
56905  -5.645  -31.701  38.227 0.0000000000
56921  -6.085  -32.106  37.521 0.0000000000
57813  -5.931  -31.854  36.021 0.0000000000
57803  -6.022  -31.922  36.924 0.0000000000
57812  -5.558  -31.277  36.162 0.0000000000
58741  -5.219  -30.788  36.854 0.0000000000
58763  -4.768  -31.395  34.967 0.0000000000
57827  -5.070  -31.931  34.914 0.0000000000
56112  -3.894  -34.329  34.317 0.0000000000
56103  -3.284  -35.066  34.368 0.0000000000
56102  -2.673  -35.094  34.011 0.0000000000
55201  -2.959  -35.632  34.207 0.0000000000
51515  -5.810  -39.637  39.019 0.0000000000
52480  -6.413  -39.204  38.580 0.0000000000
52496  -6.147  -39.613  36.992 0.0000000000
52497  -6.555  -39.150  37.141 0.0000000000
52511  -6.267  -39.101  36.439 0.0000000000
53421  -6.383  -38.392  36.015 0.0000000000
49479  -6.028  -41.495  36.186 0.0000000000
49483  -5.950  -41.592  35.220 0.0000000000
50539  -5.196  -39.685  34.579 0.0000000000
51536  -5.067  -38.795  34.688 0.0000000000
53420  -5.532  -37.951  35.050 0.0000000000
53419  -5.040  -37.879  34.733 0.0000000000
53427  -4.516  -37.589  34.558 0.0000000000
52515  -4.506  -38.150  34.417 0.0000000000
51544  -3.203  -38.027  33.460 0.0000000000
52519  -3.378  -37.842  33.775 0.0000000000
52518  -2.956  -37.695  33.411 0.0000000000
53431  -2.544  -36.883  33.531 0.0000000000
52522  -1.855  -37.449  32.475 0.0000000000
52523  -2.568  -37.988  32.672 0.0000000000
53283  -3.872  -38.887  47.150 0.0000000000
48387  -4.079  -42.917  49.920 0.0000000000
48390  -4.273  -42.700  49.522 0.0000000000
49345  -4.071  -42.145  49.215 0.0000000000
49346  -4.257  -41.551  48.706 0.0000000000
50397  -3.679  -41.974  49.295 0.0000000000
48379  -3.290  -43.712  50.811 0.0000000000
49335  -2.875  -42.972  50.492 0.0000000000
50395  -2.757  -41.784  49.577 0.0000000000
51403  -2.946  -41.426  49.309 0.0000000000
50401  -3.520  -41.182  48.858 0.0000000000
51407  -3.119  -40.985  48.905 0.0000000000
52368  -1.944  -40.882  48.333 0.0000000000
52369  -2.608  -40.261  47.967 0.0000000000
52378  -2.703  -39.773  47.464 0.0000000000
53282  -3.112  -39.284  47.159 0.0000000000
53281  -2.540  -39.615  47.092 0.0000000000
51422  -1.217  -40.861  46.911 0.0000000000
51421  -0.813  -41.180  46.845 0.0000000000
50416  -0.302  -41.460  46.905 0.0000000000
48385  -0.374  -42.919  49.367 0.0000000000
47492  0.273  -43.440  48.228 0.0000000000
48416  0.401  -42.428  45.752 0.0000000000
45670  0.197  -45.345  47.765 0.0000000000
45671  -0.159  -45.218  46.972 0.0000000000
45681  -0.536  -45.108  46.187 0.0000000000
44580  -0.330  -45.670  46.704 0.0000000000
40208  -0.915  -49.999  53.507 0.0000000000
39237  0.727  -50.977  52.828 0.0000000000
39238  0.301  -51.206  53.076 0.0000000000
40210  0.131  -50.180  53.094 0.0000000000
40206  -0.228  -49.757  53.247 0.0000000000
42424  0.005  -48.517  52.516 0.0000000000
41283  1.065  -49.363  51.730 0.0000000000
42437  1.046  -48.373  51.276 0.0000000000
42446  1.554  -48.130  49.503 0.0000000000
42450  1.634  -48.193  48.613 0.0000000000
42455  1.574  -48.316  47.634 0.0000000000
43544  0.305  -46.986  46.637 0.0000000000
49456  -31.753  -41.025  37.464 0.0000000000
50509  -32.119  -40.115  37.521 0.0000000000
51510  -31.389  -39.106  37.654 0.0000000000
47588  -30.634  -42.470  37.061 0.0000000000
47596  -30.996  -42.819  36.949 0.0000000000
48498  -31.342  -41.969  37.380 0.0000000000
48510  -29.134  -41.958  37.019 0.0000000000
50532  -28.579  -39.657  36.810 0.0000000000
65576  -45.571  -23.481  25.082 0.0000000000
64642  -41.008  -24.592  24.728 0.0000000000
65557  -41.798  -24.211  24.750 0.0000000000
65573  -42.577  -23.926  24.164 0.0000000000
53479  -34.522  -35.550  27.230 0.0000000000
54398  -34.539  -35.526  27.485 0.0000000000
54366  -35.258  -34.970  28.070 0.0000000000
54377  -31.307  -34.476  27.731 0.0000000000
54394  -31.347  -34.504  27.419 0.0000000000
54409  -32.239  -34.623  26.519 0.0000000000
46676  -1.564  -44.358  43.450 0.0000000000
43556  0.601  -47.378  45.021 0.0000000000
40229  -5.878  -49.357  49.299 0.0000000000
40224  -5.369  -49.287  49.916 0.0000000000
53443  -32.128  -38.037  33.649 0.0000000000
52531  -31.829  -38.750  33.252 0.0000000000
54345  -31.340  -36.709  33.341 0.0000000000
55226  -31.528  -36.088  33.498 0.0000000000
51452  -26.474  -37.261  43.247 0.0000000000
44640  -20.731  -44.612  37.373 0.0000000000
67468  -46.653  -21.143  20.576 0.0000000000
67475  -46.359  -21.049  19.743 0.0000000000
68402  -47.252  -20.603  20.187 0.0000000000
69304  -48.254  -19.943  20.314 0.0000000000
54220  -3.552  -38.381  44.982 0.0000000000
53321  -2.961  -38.525  45.376 0.0000000000
59785  -40.672  -30.475  26.217 0.0000000000
59780  -41.056  -30.494  26.658 0.0000000000
58880  -40.561  -31.031  25.906 0.0000000000
58866  -41.387  -31.218  26.855 0.0000000000
56231  -36.481  -33.981  22.863 0.0000000000
57043  -36.853  -33.683  23.045 0.0000000000
57947  -36.896  -33.071  23.179 0.0000000000
58887  -38.039  -31.991  24.352 0.0000000000
45668  -10.531  -46.813  45.939 0.0000000000
43564  -18.445  -46.103  43.041 0.0000000000
57839  -1.469  -33.543  32.993 0.0000000000
57864  -1.554  -33.328  32.603 0.0000000000
56123  -0.721  -34.965  32.345 0.0000000000
47612  -3.103  -44.635  35.638 0.0000000000
47611  -2.706  -44.822  35.580 0.0000000000
47624  -2.518  -44.752  35.157 0.0000000000
47635  -2.205  -44.553  34.235 0.0000000000
44542  -2.764  -46.647  52.561 0.0000000000
45645  -2.587  -46.037  52.297 0.0000000000
45642  -0.851  -45.475  51.329 0.0000000000
44552  -0.522  -46.660  51.794 0.0000000000
48529  -33.079  -42.076  35.251 0.0000000000
50552  -33.246  -40.376  34.069 0.0000000000
44656  -28.698  -44.180  36.364 0.0000000000
49474  -26.463  -40.961  36.486 0.0000000000
50529  -25.746  -40.340  36.639 0.0000000000
49465  -25.779  -41.211  36.681 0.0000000000
48506  -25.258  -41.654  36.857 0.0000000000
48491  -24.718  -41.915  37.006 0.0000000000
47581  -24.219  -42.326  37.100 0.0000000000
66496  -44.816  -23.207  22.202 0.0000000000
66502  -45.345  -22.747  21.718 0.0000000000
66508  -45.816  -22.239  21.277 0.0000000000
67453  -47.008  -22.324  22.341 0.0000000000
54454  -37.748  -35.067  24.383 0.0000000000
53529  -37.167  -35.272  24.647 0.0000000000
54435  -37.613  -35.326  25.096 0.0000000000
54424  -37.996  -35.422  25.751 0.0000000000
54433  -33.162  -35.523  24.479 0.0000000000
54450  -33.442  -35.683  23.742 0.0000000000
54469  -34.046  -35.437  23.325 0.0000000000
53541  -35.499  -35.190  23.684 0.0000000000
41421  -15.514  -47.426  39.489 0.0000000000
59672  -3.626  -29.591  34.825 0.0000000000
59673  -3.854  -29.760  34.996 0.0000000000
59674  -3.708  -30.722  34.540 0.0000000000
51486  -3.572  -40.317  41.085 0.0000000000
51497  -3.905  -40.785  40.340 0.0000000000
49444  -3.157  -41.490  40.531 0.0000000000
48483  -3.362  -42.241  40.170 0.0000000000
46689  -3.145  -44.722  41.441 0.0000000000
45708  -3.243  -45.223  41.164 0.0000000000
45716  -3.791  -45.485  39.850 0.0000000000
45726  -3.362  -45.750  39.444 0.0000000000
45745  -1.798  -46.099  38.815 0.0000000000
45723  -0.832  -46.522  40.146 0.0000000000
45655  -6.253  -46.170  49.351 0.0000000000
42429  -4.117  -48.036  52.081 0.0000000000
42428  -3.430  -48.354  52.507 0.0000000000
56151  -33.724  -34.012  30.314 0.0000000000
52541  -29.781  -39.582  31.402 0.0000000000
56130  -30.482  -34.587  31.984 0.0000000000
48423  -21.447  -41.921  43.841 0.0000000000
46675  -20.623  -42.646  43.392 0.0000000000
46674  -20.137  -43.346  43.196 0.0000000000
50483  -25.269  -38.643  41.329 0.0000000000
50473  -25.012  -38.608  42.133 0.0000000000
50482  -24.551  -39.253  41.218 0.0000000000
49430  -24.057  -39.771  41.592 0.0000000000
49429  -23.149  -40.604  41.675 0.0000000000
46695  -20.004  -43.762  39.808 0.0000000000
47572  -20.603  -43.016  40.421 0.0000000000
46690  -19.882  -44.088  40.602 0.0000000000
45709  -19.485  -44.554  41.100 0.0000000000
45710  -19.802  -44.140  41.944 0.0000000000
43580  -18.431  -45.937  40.526 0.0000000000
42513  -17.808  -46.865  39.945 0.0000000000
66543  -44.210  -22.919  15.846 0.0000000000
54272  -4.993  -37.492  42.046 0.0000000000
53366  -4.466  -38.334  42.041 0.0000000000
52439  -2.859  -39.284  42.878 0.0000000000
51454  -1.027  -39.754  44.391 0.0000000000
51461  -1.200  -39.959  43.974 0.0000000000
49411  -0.942  -41.421  43.831 0.0000000000
48448  -0.658  -41.869  44.050 0.0000000000
48438  -0.198  -42.020  44.403 0.0000000000
47527  -0.007  -42.820  44.811 0.0000000000
64588  -42.869  -25.420  28.057 0.0000000000
60736  -39.049  -29.428  24.961 0.0000000000
60735  -38.285  -29.161  24.765 0.0000000000
61754  -39.714  -28.441  25.234 0.0000000000
63644  -40.192  -26.649  25.852 0.0000000000
42445  -8.865  -47.763  48.013 0.0000000000
41297  -7.849  -48.109  48.572 0.0000000000
41336  -11.443  -48.747  43.270 0.0000000000
40276  -11.850  -48.245  44.696 0.0000000000
40264  -10.795  -48.438  45.499 0.0000000000
40260  -7.187  -49.740  46.180 0.0000000000
56941  -5.384  -32.505  34.876 0.0000000000
56113  -4.805  -34.578  34.474 0.0000000000
56104  -3.969  -35.107  34.588 0.0000000000
50512  -5.067  -40.709  38.587 0.0000000000
50527  -5.546  -40.684  37.663 0.0000000000
48537  -5.623  -42.430  34.046 0.0000000000
49489  -5.730  -41.741  34.197 0.0000000000
50538  -4.697  -39.163  34.191 0.0000000000
50543  -4.320  -39.195  33.662 0.0000000000
50542  -3.886  -38.863  33.394 0.0000000000
51550  -3.042  -38.687  32.629 0.0000000000
52524  -2.669  -38.507  32.398 0.0000000000
48388  -4.423  -43.335  49.885 0.0000000000
49334  -2.208  -42.869  50.533 0.0000000000
50394  -2.151  -41.585  49.593 0.0000000000
51401  -2.286  -41.212  49.221 0.0000000000
51406  -2.500  -40.957  48.928 0.0000000000
51405  -1.895  -41.084  49.008 0.0000000000
51411  -1.665  -41.127  48.721 0.0000000000
52376  -1.709  -40.956  47.902 0.0000000000
52383  -1.655  -40.569  47.108 0.0000000000
50411  -0.827  -41.672  48.320 0.0000000000
46610  0.065  -44.659  49.511 0.0000000000
46621  0.216  -44.337  47.951 0.0000000000
40209  0.759  -50.285  52.669 0.0000000000
40215  1.157  -50.307  52.139 0.0000000000
40220  1.331  -50.189  51.358 0.0000000000
45779  -30.032  -44.810  36.067 0.0000000000
45787  -30.252  -44.935  35.355 0.0000000000
45780  -30.757  -44.559  36.015 0.0000000000
47616  -32.181  -43.421  36.170 0.0000000000
47597  -31.623  -42.709  37.083 0.0000000000
47605  -31.974  -42.992  36.854 0.0000000000
48517  -32.564  -42.517  36.565 0.0000000000
49480  -33.388  -40.973  36.424 0.0000000000
46703  -26.812  -42.875  36.593 0.0000000000
46704  -27.707  -43.022  36.650 0.0000000000
45736  -28.143  -43.378  36.590 0.0000000000
47586  -29.134  -42.776  36.903 0.0000000000
45737  -28.766  -43.512  36.711 0.0000000000
44648  -28.617  -44.278  36.433 0.0000000000
45778  -29.549  -44.611  36.220 0.0000000000
50531  -27.884  -40.015  36.512 0.0000000000
50530  -26.881  -40.445  36.351 0.0000000000
49466  -27.032  -41.361  36.498 0.0000000000
48493  -26.824  -42.395  36.647 0.0000000000
66493  -47.716  -22.913  24.214 0.0000000000
64653  -40.152  -24.612  23.502 0.0000000000
64652  -39.403  -24.827  23.211 0.0000000000
64656  -39.380  -24.649  22.240 0.0000000000
64661  -39.411  -24.450  21.279 0.0000000000
65599  -41.747  -23.634  21.176 0.0000000000
65596  -44.231  -23.575  22.784 0.0000000000
66490  -45.036  -23.407  22.941 0.0000000000
53506  -35.819  -35.506  25.732 0.0000000000
53494  -35.725  -35.540  26.408 0.0000000000
53482  -36.086  -35.556  26.721 0.0000000000
53471  -35.841  -35.511  27.099 0.0000000000
55315  -29.558  -34.154  25.700 0.0000000000
55329  -30.198  -34.104  24.898 0.0000000000
54420  -32.346  -34.748  25.594 0.0000000000
53514  -34.533  -35.539  25.130 0.0000000000
59648  -3.523  -29.590  38.281 0.0000000000
48472  -2.472  -42.087  41.014 0.0000000000
46685  -1.946  -44.367  42.685 0.0000000000
46688  -2.587  -44.543  42.089 0.0000000000
45706  -1.519  -46.096  41.651 0.0000000000
44604  -0.536  -46.488  43.431 0.0000000000
43566  1.008  -47.281  43.168 0.0000000000
42436  -6.127  -47.575  50.296 0.0000000000
41287  -5.078  -48.337  50.890 0.0000000000
41289  -4.701  -49.106  50.778 0.0000000000
56979  -33.080  -33.120  32.003 0.0000000000
50561  -32.028  -40.996  32.288 0.0000000000
51563  -31.370  -39.903  32.175 0.0000000000
52537  -30.897  -39.211  32.369 0.0000000000
52536  -30.039  -38.857  32.093 0.0000000000
53447  -29.765  -37.873  32.093 0.0000000000
54349  -29.552  -37.050  32.078 0.0000000000
54343  -29.755  -36.325  32.282 0.0000000000
55225  -31.141  -35.625  33.089 0.0000000000
56124  -30.775  -35.025  32.640 0.0000000000
50447  -24.254  -39.220  43.925 0.0000000000
49392  -23.666  -39.728  43.862 0.0000000000
48488  -21.624  -42.290  38.997 0.0000000000
47578  -21.015  -42.756  39.050 0.0000000000
45729  -20.350  -44.533  37.913 0.0000000000
45749  -20.432  -44.203  38.165 0.0000000000
45728  -19.781  -44.397  38.737 0.0000000000
42528  -18.837  -45.867  38.268 0.0000000000
66532  -44.908  -22.812  17.114 0.0000000000
67473  -45.314  -22.023  18.170 0.0000000000
66544  -44.717  -22.766  16.492 0.0000000000
67483  -45.077  -22.194  16.770 0.0000000000
67491  -44.726  -22.126  16.025 0.0000000000
68420  -45.238  -21.418  16.452 0.0000000000
69309  -47.176  -20.131  18.844 0.0000000000
54253  -4.544  -37.864  43.415 0.0000000000
54252  -3.893  -38.319  43.577 0.0000000000
53351  -3.306  -38.595  43.615 0.0000000000
52421  -1.673  -39.321  44.412 0.0000000000
53337  -1.697  -39.204  44.665 0.0000000000
62667  -42.074  -27.692  28.125 0.0000000000
57060  -35.471  -33.550  22.319 0.0000000000
57076  -34.752  -33.410  22.018 0.0000000000
59820  -36.540  -31.105  23.542 0.0000000000
60750  -38.316  -30.178  24.859 0.0000000000
59808  -38.335  -31.087  24.782 0.0000000000
61755  -40.081  -29.237  25.553 0.0000000000
61741  -40.737  -28.787  26.592 0.0000000000
45667  -9.183  -46.742  46.415 0.0000000000
44571  -9.152  -47.209  47.424 0.0000000000
43537  -9.057  -47.483  47.706 0.0000000000
41302  -9.038  -48.155  47.578 0.0000000000
41382  -12.436  -47.858  40.948 0.0000000000
41361  -11.660  -48.220  41.744 0.0000000000
41347  -11.862  -48.510  42.639 0.0000000000
56895  -5.661  -31.959  38.895 0.0000000000
56095  -7.241  -34.198  36.482 0.0000000000
56106  -7.323  -35.161  35.396 0.0000000000
48503  -5.666  -43.387  37.544 0.0000000000
48516  -5.837  -43.104  37.119 0.0000000000
47627  -5.558  -43.324  35.074 0.0000000000
47626  -4.553  -43.928  35.004 0.0000000000
47638  -4.876  -43.380  34.265 0.0000000000
48535  -4.415  -42.959  33.588 0.0000000000
48560  -3.297  -42.166  32.729 0.0000000000
48559  -2.789  -42.209  32.591 0.0000000000
49354  -6.592  -40.736  46.984 0.0000000000
50413  -7.033  -40.304  46.746 0.0000000000
50407  -6.160  -40.350  47.264 0.0000000000
50403  -4.486  -41.036  48.386 0.0000000000
47477  -3.627  -44.030  50.808 0.0000000000
48375  -3.151  -44.117  51.172 0.0000000000
48374  -2.916  -44.124  51.262 0.0000000000
47476  -2.482  -44.374  51.449 0.0000000000
48377  -1.724  -43.479  50.817 0.0000000000
47486  -0.617  -43.736  49.861 0.0000000000
47480  -0.489  -44.348  50.111 0.0000000000
46601  -0.302  -44.861  50.412 0.0000000000
46606  -0.102  -44.797  50.080 0.0000000000
44563  1.047  -46.409  50.150 0.0000000000
47670  -30.490  -42.172  32.290 0.0000000000
48561  -31.235  -41.928  32.480 0.0000000000
45788  -30.845  -44.439  35.315 0.0000000000
46757  -30.975  -43.694  34.472 0.0000000000
48528  -32.618  -42.601  34.952 0.0000000000
47641  -32.050  -42.885  34.514 0.0000000000
47650  -31.240  -42.961  34.043 0.0000000000
48562  -31.648  -41.870  33.031 0.0000000000
50562  -32.280  -40.474  32.789 0.0000000000
52525  -32.633  -38.455  33.816 0.0000000000
51482  -25.953  -38.214  40.859 0.0000000000
50493  -24.871  -39.273  40.457 0.0000000000
49452  -23.718  -40.139  39.328 0.0000000000
52471  -25.733  -38.856  38.557 0.0000000000
50528  -24.987  -39.934  37.200 0.0000000000
51522  -25.004  -39.473  38.064 0.0000000000
51505  -24.783  -39.505  38.905 0.0000000000
46714  -22.238  -43.753  37.631 0.0000000000
46699  -22.694  -43.369  37.464 0.0000000000
65608  -43.873  -23.197  20.950 0.0000000000
65611  -43.004  -23.439  19.524 0.0000000000
64675  -42.879  -23.484  18.914 0.0000000000
66517  -44.393  -22.983  18.266 0.0000000000
66519  -45.298  -21.936  19.529 0.0000000000
67464  -46.199  -21.660  20.921 0.0000000000
57032  -38.777  -33.419  24.242 0.0000000000
57025  -39.338  -33.574  24.686 0.0000000000
55331  -38.947  -34.842  24.707 0.0000000000
53507  -36.384  -35.491  25.680 0.0000000000
53509  -37.436  -35.501  25.909 0.0000000000
55380  -34.249  -34.702  22.491 0.0000000000
55381  -35.107  -34.569  22.708 0.0000000000
56215  -37.024  -34.191  23.073 0.0000000000
57031  -38.169  -33.705  23.705 0.0000000000
40353  -16.798  -47.534  41.264 0.0000000000
40378  -15.551  -47.631  40.058 0.0000000000
40365  -15.248  -47.620  40.407 0.0000000000
41384  -14.115  -47.734  40.880 0.0000000000
59682  -3.121  -30.987  34.016 0.0000000000
57840  -1.785  -33.056  33.248 0.0000000000
56109  -1.451  -34.586  33.147 0.0000000000
55209  -1.553  -35.297  33.250 0.0000000000
53383  -6.306  -37.738  40.297 0.0000000000
53384  -6.886  -37.367  39.619 0.0000000000
52465  -6.220  -38.922  39.926 0.0000000000
51499  -5.463  -39.688  39.820 0.0000000000
50497  -4.105  -40.967  39.982 0.0000000000
51513  -4.935  -40.645  39.035 0.0000000000
49472  -4.692  -41.393  38.790 0.0000000000
47575  -3.793  -43.390  40.098 0.0000000000
48484  -4.013  -42.722  39.707 0.0000000000
48502  -5.389  -42.970  38.001 0.0000000000
47602  -5.450  -44.152  37.854 0.0000000000
46726  -4.225  -44.979  37.021 0.0000000000
45747  -3.609  -45.637  38.552 0.0000000000
45766  -3.865  -45.319  37.724 0.0000000000
46725  -3.252  -45.157  36.943 0.0000000000
46724  -2.401  -45.432  36.882 0.0000000000
47491  -5.394  -44.161  49.234 0.0000000000
47488  -5.180  -44.522  49.883 0.0000000000
47484  -5.019  -44.849  50.225 0.0000000000
46603  -4.655  -45.163  50.830 0.0000000000
47473  -4.315  -45.262  51.280 0.0000000000
44555  -5.313  -46.738  51.069 0.0000000000
44550  -4.889  -46.802  51.520 0.0000000000
45647  -4.978  -46.196  51.204 0.0000000000
45646  -4.770  -45.888  51.276 0.0000000000
45636  -3.670  -46.138  52.204 0.0000000000
44543  -3.223  -46.756  52.534 0.0000000000
43518  -1.875  -47.497  52.776 0.0000000000
42426  -1.389  -48.142  52.833 0.0000000000
54362  -32.980  -34.535  28.492 0.0000000000
54363  -33.479  -34.591  28.712 0.0000000000
56152  -34.080  -34.120  30.288 0.0000000000
49527  -30.792  -41.212  31.148 0.0000000000
49526  -30.348  -41.376  30.949 0.0000000000
51579  -29.467  -40.264  30.629 0.0000000000
55261  -30.355  -34.370  29.199 0.0000000000
55282  -31.992  -34.456  28.317 0.0000000000
55283  -32.458  -34.506  28.362 0.0000000000
47515  -20.736  -42.458  44.048 0.0000000000
46663  -19.668  -43.829  43.772 0.0000000000
44602  -18.650  -45.307  43.122 0.0000000000
43568  -18.265  -45.916  42.934 0.0000000000
43571  -17.897  -46.390  42.441 0.0000000000
51458  -26.080  -37.933  42.816 0.0000000000
50464  -24.856  -38.757  42.759 0.0000000000
50457  -25.351  -38.462  43.200 0.0000000000
49401  -24.280  -39.224  43.356 0.0000000000
49400  -23.840  -39.569  43.463 0.0000000000
48437  -23.240  -40.088  43.276 0.0000000000
49439  -22.524  -41.371  40.509 0.0000000000
49440  -22.762  -41.128  40.835 0.0000000000
49428  -22.835  -41.019  41.440 0.0000000000
48469  -21.923  -41.849  41.365 0.0000000000
48471  -22.786  -40.805  41.823 0.0000000000
48457  -22.048  -41.377  42.430 0.0000000000
48446  -22.611  -40.703  42.804 0.0000000000
48445  -21.968  -41.250  42.991 0.0000000000
47546  -20.986  -42.365  42.924 0.0000000000
46683  -20.518  -42.921  42.924 0.0000000000
45697  -19.171  -44.649  42.688 0.0000000000
45702  -19.228  -44.646  42.041 0.0000000000
44611  -18.736  -45.134  42.068 0.0000000000
42480  -17.966  -46.373  41.841 0.0000000000
40380  -16.619  -47.581  39.797 0.0000000000
40381  -17.036  -47.484  39.648 0.0000000000
69322  -45.183  -20.737  15.953 0.0000000000
69326  -45.460  -20.019  15.668 0.0000000000
70199  -45.988  -19.329  15.215 0.0000000000
71066  -47.369  -18.241  14.114 0.0000000000
56897  -7.141  -33.522  39.310 0.0000000000
54285  -6.280  -36.999  40.589 0.0000000000
53382  -5.921  -38.382  40.553 0.0000000000
52457  -4.991  -39.021  41.042 0.0000000000
52448  -3.845  -39.106  42.042 0.0000000000
52456  -4.263  -39.284  41.493 0.0000000000
50486  -2.524  -40.944  41.443 0.0000000000
53357  -2.840  -39.117  43.167 0.0000000000
51470  -2.197  -39.939  42.730 0.0000000000
50485  -2.070  -41.032  41.842 0.0000000000
49422  -1.812  -41.585  41.974 0.0000000000
48450  -1.296  -42.433  42.787 0.0000000000
45686  -0.965  -45.287  45.306 0.0000000000
65542  -45.028  -23.919  26.880 0.0000000000
57921  -40.507  -32.533  25.853 0.0000000000
60765  -35.703  -29.652  23.495 0.0000000000
60747  -36.212  -29.116  23.798 0.0000000000
61765  -36.547  -28.459  23.976 0.0000000000
62750  -37.058  -26.573  23.417 0.0000000000
63665  -39.233  -26.037  24.789 0.0000000000
64621  -40.472  -25.456  25.499 0.0000000000
45657  -7.623  -46.737  48.400 0.0000000000
44566  -7.495  -46.974  48.708 0.0000000000
44562  -7.020  -47.110  49.157 0.0000000000
41291  -6.407  -48.262  49.690 0.0000000000
41295  -6.470  -48.863  49.228 0.0000000000
40335  -16.432  -47.816  41.841 0.0000000000
40322  -15.835  -47.996  42.431 0.0000000000
40292  -14.965  -47.781  43.430 0.0000000000
41362  -12.811  -48.145  41.822 0.0000000000
41322  -14.038  -47.499  44.165 0.0000000000
42456  -12.323  -47.585  45.710 0.0000000000
41310  -10.064  -48.400  46.203 0.0000000000
40243  -7.902  -49.089  47.287 0.0000000000
40241  -6.617  -49.668  47.727 0.0000000000
59642  -3.669  -30.020  38.492 0.0000000000
56894  -5.080  -31.467  38.876 0.0000000000
56904  -5.192  -31.361  38.511 0.0000000000
57787  -5.312  -31.334  38.235 0.0000000000
57802  -5.589  -31.417  37.460 0.0000000000
58740  -4.573  -30.379  37.625 0.0000000000
58752  -4.833  -30.380  36.191 0.0000000000
57843  -4.354  -32.709  34.322 0.0000000000
56951  -3.750  -33.442  34.141 0.0000000000
56101  -2.331  -35.188  33.761 0.0000000000
55210  -2.076  -35.420  33.587 0.0000000000
53394  -7.287  -37.522  38.991 0.0000000000
54297  -7.525  -36.940  38.609 0.0000000000
54307  -7.730  -36.839  37.841 0.0000000000
52498  -7.010  -38.685  37.648 0.0000000000
53409  -7.570  -37.649  37.496 0.0000000000
54320  -7.725  -36.980  36.547 0.0000000000
54331  -7.690  -36.287  35.928 0.0000000000
54330  -7.209  -36.521  35.522 0.0000000000
55205  -6.781  -35.592  35.002 0.0000000000
48519  -5.836  -41.771  36.765 0.0000000000
49482  -5.779  -40.784  35.575 0.0000000000
52510  -5.898  -38.998  35.783 0.0000000000
54318  -5.921  -37.570  35.208 0.0000000000
55204  -5.677  -35.926  34.785 0.0000000000
55203  -4.612  -35.762  34.648 0.0000000000
52514  -3.866  -37.943  34.151 0.0000000000
53426  -3.608  -37.058  34.232 0.0000000000
54326  -3.292  -36.271  34.247 0.0000000000
53425  -2.962  -36.577  33.869 0.0000000000
54334  -2.321  -36.085  33.647 0.0000000000
53430  -1.830  -36.475  33.303 0.0000000000
53435  -1.432  -36.780  32.852 0.0000000000
52527  -1.880  -37.866  32.121 0.0000000000
52534  -1.671  -38.236  31.436 0.0000000000
51553  -2.261  -38.773  31.819 0.0000000000
53290  -3.406  -38.756  46.497 0.0000000000
51409  -4.217  -40.817  48.394 0.0000000000
49337  -3.657  -43.140  50.276 0.0000000000
49341  -3.071  -42.398  49.932 0.0000000000
51412  -4.245  -40.074  47.998 0.0000000000
52371  -3.874  -39.870  47.946 0.0000000000
52365  -2.844  -40.539  48.453 0.0000000000
52370  -3.222  -40.008  47.974 0.0000000000
53277  -3.571  -39.439  47.578 0.0000000000
52396  -2.003  -39.264  46.284 0.0000000000
52395  -1.186  -39.890  46.294 0.0000000000
52394  -0.729  -39.990  46.096 0.0000000000
52410  -0.639  -39.860  45.811 0.0000000000
49343  -0.410  -42.334  49.208 0.0000000000
49347  -0.112  -42.162  48.598 0.0000000000
48392  0.174  -42.709  48.430 0.0000000000
49351  0.027  -42.070  47.758 0.0000000000
49355  0.242  -41.886  46.855 0.0000000000
49368  0.423  -41.742  46.003 0.0000000000
47517  0.127  -43.005  45.316 0.0000000000
47518  -0.137  -43.664  45.667 0.0000000000
46638  0.215  -43.959  47.041 0.0000000000
47505  0.055  -43.770  46.086 0.0000000000
42419  -1.023  -48.914  53.141 0.0000000000
39239  -0.373  -51.355  53.221 0.0000000000
40207  -0.478  -49.836  53.386 0.0000000000
41272  -0.537  -49.330  53.163 0.0000000000
42425  -0.822  -48.488  52.839 0.0000000000
43515  -0.066  -47.811  52.228 0.0000000000
42432  0.593  -48.509  52.029 0.0000000000
43528  1.038  -47.261  50.855 0.0000000000
43533  1.414  -47.302  49.896 0.0000000000
44568  1.310  -46.597  49.343 0.0000000000
44572  1.073  -46.529  48.386 0.0000000000
44578  0.982  -46.947  47.651 0.0000000000
44579  0.204  -46.338  47.233 0.0000000000
44587  -0.188  -46.663  46.169 0.0000000000
42471  1.529  -48.634  44.456 0.0000000000
41271  -0.109  -49.597  53.101 0.0000000000
41339  -17.444  -46.995  42.356 0.0000000000
41425  -17.934  -46.758  38.661 0.0000000000
42433  0.194  -48.071  52.181 0.0000000000
43511  -1.727  -47.859  52.853 0.0000000000
43534  -7.827  -47.393  48.598 0.0000000000
43567  -17.850  -46.371  42.771 0.0000000000
44551  0.057  -46.758  51.531 0.0000000000
44628  -19.814  -44.873  38.064 0.0000000000
45634  -2.924  -46.254  52.426 0.0000000000
45637  -2.575  -46.337  52.426 0.0000000000
45638  -2.913  -45.957  52.285 0.0000000000
45689  -19.245  -44.428  43.503 0.0000000000
45690  -19.773  -43.798  43.565 0.0000000000
45730  -22.803  -43.670  37.122 0.0000000000
45731  -23.392  -43.605  36.911 0.0000000000
45750  -21.190  -44.232  37.604 0.0000000000
45751  -22.419  -43.894  37.168 0.0000000000
45754  -28.480  -43.738  36.526 0.0000000000
45755  -29.080  -43.891  36.738 0.0000000000
45769  -29.954  -44.309  36.598 0.0000000000
46588  -3.438  -45.733  52.124 0.0000000000
46590  -2.860  -44.970  51.756 0.0000000000
46597  -2.658  -45.711  52.131 0.0000000000
46655  -1.015  -44.733  45.004 0.0000000000
46664  -20.192  -43.171  43.679 0.0000000000
46665  -20.564  -42.722  43.684 0.0000000000
46682  -20.128  -43.533  42.758 0.0000000000
46684  -1.682  -43.949  42.864 0.0000000000
46698  -20.241  -43.775  38.762 0.0000000000
46712  -20.886  -43.803  38.143 0.0000000000
46716  -30.219  -43.592  36.801 0.0000000000
46717  -30.874  -43.412  36.772 0.0000000000
46727  -5.173  -44.614  37.186 0.0000000000
46749  -31.446  -43.867  35.183 0.0000000000
46777  -29.912  -43.260  33.376 0.0000000000
47525  -21.065  -42.101  43.709 0.0000000000
47529  -0.884  -43.839  44.438 0.0000000000
47537  -21.452  -41.701  43.266 0.0000000000
47547  -21.521  -41.801  42.781 0.0000000000
47571  -20.289  -43.348  39.905 0.0000000000
47591  -5.513  -43.617  37.869 0.0000000000
47594  -22.022  -43.495  37.962 0.0000000000
47603  -5.718  -43.920  37.195 0.0000000000
47628  -31.777  -43.659  35.074 0.0000000000
47639  -5.499  -42.944  34.375 0.0000000000
48380  -3.653  -43.591  50.527 0.0000000000
48424  -21.755  -41.312  43.891 0.0000000000
48436  -22.540  -40.685  43.303 0.0000000000
48458  -22.798  -40.653  42.213 0.0000000000
48470  -22.512  -41.215  41.668 0.0000000000
48499  -31.878  -41.615  37.484 0.0000000000
48536  -5.164  -42.807  33.834 0.0000000000
48550  -5.292  -42.399  33.733 0.0000000000
49383  0.306  -41.787  45.342 0.0000000000
49402  -0.428  -41.436  44.311 0.0000000000
49432  -1.872  -41.244  42.004 0.0000000000
49453  -29.832  -41.556  37.201 0.0000000000
49471  -32.587  -41.037  37.309 0.0000000000
49475  -26.911  -41.015  36.431 0.0000000000
49497  -4.200  -41.227  32.857 0.0000000000
49499  -5.386  -42.035  33.695 0.0000000000
50448  -24.807  -38.776  43.751 0.0000000000
50456  -24.711  -38.883  43.223 0.0000000000
50517  -24.243  -39.874  38.678 0.0000000000
50520  -27.177  -40.987  36.453 0.0000000000
50550  -4.508  -40.776  33.087 0.0000000000
50570  -2.377  -39.642  31.859 0.0000000000
51417  -0.992  -41.352  47.363 0.0000000000
51433  -0.929  -40.549  46.522 0.0000000000
51450  -25.368  -38.341  43.754 0.0000000000
51468  -1.356  -40.620  43.306 0.0000000000
51500  -5.961  -39.409  39.334 0.0000000000
51529  -25.419  -39.448  37.182 0.0000000000
51539  -4.005  -38.345  34.040 0.0000000000
51541  -5.094  -39.175  34.648 0.0000000000
51546  -4.163  -38.736  33.877 0.0000000000
51554  -2.494  -38.987  31.991 0.0000000000
51561  -2.037  -39.051  31.556 0.0000000000
52363  -2.027  -40.905  48.646 0.0000000000
52367  -1.669  -41.062  48.263 0.0000000000
52482  -7.538  -37.968  38.018 0.0000000000
52489  -25.684  -38.858  37.974 0.0000000000
52499  -7.375  -38.206  37.754 0.0000000000
52509  -5.126  -38.402  34.740 0.0000000000
52528  -2.183  -38.292  32.022 0.0000000000
52529  -2.494  -38.422  32.264 0.0000000000
52532  -32.177  -38.563  33.638 0.0000000000
52533  -1.457  -38.085  31.106 0.0000000000
53395  -7.566  -37.543  38.268 0.0000000000
53407  -6.888  -38.540  36.830 0.0000000000
53408  -7.261  -38.174  37.153 0.0000000000
53422  -7.101  -37.939  36.468 0.0000000000
53428  -5.041  -37.620  34.762 0.0000000000
53480  -34.919  -35.598  27.275 0.0000000000
53484  -37.166  -35.509  26.394 0.0000000000
53497  -37.209  -35.518  26.110 0.0000000000
53508  -36.957  -35.481  25.686 0.0000000000
53516  -35.811  -35.506  25.032 0.0000000000
53518  -37.013  -35.398  25.118 0.0000000000
53539  -34.507  -35.487  23.885 0.0000000000
54317  -5.503  -37.546  34.982 0.0000000000
54325  -2.790  -35.996  33.944 0.0000000000
54329  -6.263  -36.730  35.078 0.0000000000
54333  -1.755  -35.839  33.376 0.0000000000
54453  -36.944  -35.138  24.122 0.0000000000
54455  -38.384  -34.981  24.548 0.0000000000
54472  -36.662  -34.898  23.611 0.0000000000
54492  -35.145  -34.850  23.030 0.0000000000
55206  -7.533  -35.715  35.593 0.0000000000
55216  -0.722  -35.926  32.679 0.0000000000
55347  -37.761  -34.833  23.849 0.0000000000
55363  -37.305  -34.631  23.498 0.0000000000
56114  -5.665  -34.545  34.584 0.0000000000
56115  -6.311  -34.464  34.740 0.0000000000
56195  -38.890  -34.447  24.345 0.0000000000
56214  -36.335  -34.287  22.911 0.0000000000
56230  -35.855  -34.098  22.642 0.0000000000
56948  -1.444  -33.911  33.048 0.0000000000
56954  -5.986  -34.114  34.650 0.0000000000
56960  -1.322  -34.102  32.765 0.0000000000
56965  -1.258  -34.150  32.519 0.0000000000
56967  -32.423  -34.012  33.232 0.0000000000
57059  -34.952  -33.772  22.236 0.0000000000
57077  -35.321  -33.153  22.162 0.0000000000
57786  -4.765  -31.000  38.525 0.0000000000
58871  -40.945  -31.153  26.242 0.0000000000
58898  -36.207  -31.643  23.076 0.0000000000
59650  -4.373  -29.964  36.680 0.0000000000
59797  -40.286  -30.490  25.793 0.0000000000
60574  -3.686  -29.282  36.739 0.0000000000
61704  -42.324  -28.590  28.328 0.0000000000
61764  -36.173  -28.649  23.746 0.0000000000
61780  -36.476  -27.555  23.675 0.0000000000
65594  -42.495  -23.773  22.342 0.0000000000
65601  -43.215  -23.485  21.640 0.0000000000
66469  -46.973  -23.212  25.645 0.0000000000
66506  -44.422  -22.830  20.333 0.0000000000
66511  -44.863  -22.409  19.831 0.0000000000
