#!ascii label  , from subject msSRGRS20160210 vox2ras=TkReg
800
42688  -27.783  -47.955  29.198 0.0000000000
40415  -12.507  -50.463  35.268 0.0000000000
43708  -19.317  -47.544  30.984 0.0000000000
64739  -38.931  -24.989  14.417 0.0000000000
68462  -43.364  -22.326  10.337 0.0000000000
41343  -8.201  -49.704  41.435 0.0000000000
63710  -34.578  -26.030  18.028 0.0000000000
45924  -31.164  -45.621  27.050 0.0000000000
42649  -22.839  -48.382  29.951 0.0000000000
41417  -9.778  -49.217  37.769 0.0000000000
37424  -9.729  -53.630  40.446 0.0000000000
44830  -23.955  -46.518  26.654 0.0000000000
45945  -26.249  -45.207  25.061 0.0000000000
40459  -15.792  -50.162  32.549 0.0000000000
47695  -21.546  -43.331  29.366 0.0000000000
54574  -30.307  -36.257  16.117 0.0000000000
59898  -32.147  -30.738  15.754 0.0000000000
61891  -35.482  -28.254  13.911 0.0000000000
37343  -4.322  -53.818  45.181 0.0000000000
36394  -1.931  -54.594  49.309 0.0000000000
48678  -26.027  -42.195  22.655 0.0000000000
52610  -26.067  -39.223  21.694 0.0000000000
52694  -27.170  -38.847  18.404 0.0000000000
37380  -6.363  -53.818  42.149 0.0000000000
39341  -12.237  -51.844  36.954 0.0000000000
39378  -13.872  -51.623  35.431 0.0000000000
42666  -24.945  -48.786  29.270 0.0000000000
42554  -12.173  -48.265  36.187 0.0000000000
40402  -11.099  -50.157  36.359 0.0000000000
39328  -11.310  -52.162  37.555 0.0000000000
45906  -24.293  -45.235  28.322 0.0000000000
45904  -22.516  -45.444  27.987 0.0000000000
57117  -29.731  -33.099  16.372 0.0000000000
57128  -31.663  -33.646  15.456 0.0000000000
59896  -30.554  -30.357  16.704 0.0000000000
63761  -34.141  -26.477  15.072 0.0000000000
64748  -36.160  -26.080  13.901 0.0000000000
61911  -38.551  -28.261  13.643 0.0000000000
64759  -38.402  -25.699  12.982 0.0000000000
64771  -40.552  -25.406  11.808 0.0000000000
48632  -25.737  -42.593  25.479 0.0000000000
46884  -26.409  -44.135  23.910 0.0000000000
50663  -24.593  -40.879  24.582 0.0000000000
52608  -24.497  -38.200  22.226 0.0000000000
54513  -24.935  -37.257  20.726 0.0000000000
52654  -26.946  -39.530  20.321 0.0000000000
54540  -26.192  -36.927  18.797 0.0000000000
54553  -27.278  -36.774  17.753 0.0000000000
41540  -17.328  -48.635  31.364 0.0000000000
39285  -5.965  -51.973  43.226 0.0000000000
39294  -6.725  -51.923  41.502 0.0000000000
34389  -1.029  -56.682  49.777 0.0000000000
34382  -0.745  -56.521  52.686 0.0000000000
61833  -32.709  -27.543  18.957 0.0000000000
47728  -31.175  -43.576  25.762 0.0000000000
43710  -21.100  -47.663  30.737 0.0000000000
41378  -8.315  -49.651  40.011 0.0000000000
39305  -7.853  -51.649  39.976 0.0000000000
39316  -9.118  -51.431  38.678 0.0000000000
68469  -44.370  -21.445  8.951 0.0000000000
43777  -25.527  -47.518  27.334 0.0000000000
44833  -26.999  -46.658  26.396 0.0000000000
44845  -25.115  -45.667  25.932 0.0000000000
42590  -13.820  -48.197  34.414 0.0000000000
40446  -14.347  -50.323  33.733 0.0000000000
43680  -15.139  -47.562  33.253 0.0000000000
43697  -16.180  -46.687  32.269 0.0000000000
44751  -18.237  -46.139  31.035 0.0000000000
47665  -19.319  -43.213  31.722 0.0000000000
45867  -19.797  -45.775  30.014 0.0000000000
44790  -21.256  -46.747  29.137 0.0000000000
43756  -22.875  -47.487  27.992 0.0000000000
52711  -32.117  -38.895  17.110 0.0000000000
62814  -32.460  -27.603  16.053 0.0000000000
60869  -34.269  -29.751  15.237 0.0000000000
65683  -41.828  -25.033  11.142 0.0000000000
36402  -2.821  -54.762  47.342 0.0000000000
34396  -1.982  -56.645  47.984 0.0000000000
45947  -28.250  -45.351  25.220 0.0000000000
46878  -28.995  -43.898  24.316 0.0000000000
49607  -29.006  -41.953  23.235 0.0000000000
51650  -24.402  -39.613  23.693 0.0000000000
51652  -25.886  -40.123  22.344 0.0000000000
51654  -28.833  -40.735  22.653 0.0000000000
52593  -29.630  -39.912  22.608 0.0000000000
52636  -30.117  -40.043  21.263 0.0000000000
51740  -30.666  -40.134  18.832 0.0000000000
52708  -29.297  -38.602  17.152 0.0000000000
55455  -28.731  -35.667  16.756 0.0000000000
39395  -16.589  -51.880  34.230 0.0000000000
39274  -5.156  -51.821  45.185 0.0000000000
37355  -4.823  -53.924  44.236 0.0000000000
37396  -7.287  -53.557  41.154 0.0000000000
35402  0.254  -55.989  53.209 0.0000000000
39376  -12.425  -50.836  35.647 0.0000000000
39357  -13.138  -51.749  36.246 0.0000000000
39392  -13.559  -51.002  34.844 0.0000000000
42686  -26.396  -48.278  28.850 0.0000000000
42571  -12.250  -49.177  35.344 0.0000000000
42553  -11.286  -48.979  36.226 0.0000000000
41472  -11.826  -49.810  35.657 0.0000000000
39355  -11.521  -50.840  36.383 0.0000000000
58952  -29.802  -31.089  17.814 0.0000000000
58976  -29.988  -31.779  16.682 0.0000000000
60819  -30.382  -29.871  18.300 0.0000000000
64722  -37.118  -25.273  15.065 0.0000000000
64721  -36.326  -25.489  14.975 0.0000000000
64737  -36.974  -25.445  14.304 0.0000000000
64758  -37.591  -25.938  13.265 0.0000000000
65661  -38.718  -25.227  13.381 0.0000000000
65672  -39.118  -25.129  12.878 0.0000000000
49593  -25.323  -41.916  25.261 0.0000000000
54483  -24.946  -36.214  21.334 0.0000000000
54539  -25.647  -37.353  19.412 0.0000000000
54515  -26.285  -35.868  19.556 0.0000000000
54541  -27.046  -35.753  18.603 0.0000000000
42635  -18.778  -48.567  31.279 0.0000000000
41525  -18.447  -49.580  31.677 0.0000000000
41526  -19.433  -49.749  32.090 0.0000000000
40315  -7.065  -50.778  41.904 0.0000000000
66593  -43.060  -23.671  10.290 0.0000000000
34384  -0.898  -56.536  51.864 0.0000000000
44807  -30.819  -46.499  28.223 0.0000000000
45938  -31.368  -45.232  26.744 0.0000000000
43711  -21.737  -47.861  30.552 0.0000000000
42624  -22.837  -48.917  31.283 0.0000000000
42523  -10.393  -48.430  37.876 0.0000000000
42508  -9.775  -48.345  38.818 0.0000000000
41379  -9.131  -48.655  39.863 0.0000000000
41399  -9.197  -49.198  38.563 0.0000000000
40363  -8.387  -50.482  39.268 0.0000000000
39326  -9.384  -50.878  38.235 0.0000000000
38392  -11.714  -52.744  38.344 0.0000000000
38391  -10.593  -52.513  38.192 0.0000000000
43791  -24.269  -46.960  26.684 0.0000000000
43792  -25.146  -47.037  26.635 0.0000000000
44831  -24.784  -46.239  26.253 0.0000000000
42591  -14.714  -47.396  34.547 0.0000000000
42606  -14.541  -48.354  33.422 0.0000000000
43658  -15.325  -47.049  34.115 0.0000000000
44700  -16.428  -45.925  33.321 0.0000000000
45846  -17.019  -45.430  32.574 0.0000000000
43705  -16.862  -46.561  31.646 0.0000000000
45847  -17.404  -44.966  32.048 0.0000000000
46790  -22.269  -42.584  31.213 0.0000000000
47680  -20.444  -42.906  30.298 0.0000000000
46802  -18.958  -44.331  30.570 0.0000000000
46815  -20.166  -44.198  29.398 0.0000000000
45886  -20.133  -45.340  29.487 0.0000000000
45902  -20.854  -45.476  28.732 0.0000000000
45920  -23.067  -45.922  27.318 0.0000000000
44815  -22.507  -46.692  27.661 0.0000000000
44816  -23.151  -46.687  27.147 0.0000000000
43757  -23.980  -47.932  28.066 0.0000000000
53615  -30.897  -37.936  16.731 0.0000000000
53617  -32.809  -38.081  16.884 0.0000000000
54576  -32.374  -36.471  16.248 0.0000000000
58990  -31.956  -32.243  15.596 0.0000000000
57119  -33.478  -33.861  15.599 0.0000000000
62793  -33.315  -27.017  18.431 0.0000000000
62804  -32.334  -27.508  17.237 0.0000000000
62815  -32.983  -27.042  16.622 0.0000000000
62833  -34.716  -27.465  14.106 0.0000000000
62823  -33.632  -27.715  14.778 0.0000000000
61875  -34.813  -29.019  14.603 0.0000000000
60870  -35.479  -29.810  15.249 0.0000000000
64772  -41.353  -25.465  11.568 0.0000000000
66583  -41.190  -23.663  11.546 0.0000000000
66592  -42.040  -23.722  10.813 0.0000000000
38314  -4.252  -52.593  46.226 0.0000000000
37331  -3.840  -53.150  46.791 0.0000000000
37336  -3.328  -54.243  46.854 0.0000000000
34406  -2.474  -56.741  47.233 0.0000000000
33294  -2.030  -58.135  48.767 0.0000000000
44847  -26.517  -46.051  25.538 0.0000000000
44834  -28.134  -46.238  26.218 0.0000000000
45946  -27.180  -45.558  25.029 0.0000000000
47757  -26.262  -43.470  23.413 0.0000000000
46885  -27.136  -44.070  23.657 0.0000000000
47759  -28.003  -43.332  23.368 0.0000000000
47747  -29.288  -43.372  24.130 0.0000000000
48660  -28.051  -42.656  23.065 0.0000000000
52584  -24.074  -38.695  24.295 0.0000000000
52609  -25.174  -38.871  22.175 0.0000000000
51672  -25.423  -39.456  22.461 0.0000000000
51673  -26.036  -39.619  22.064 0.0000000000
51653  -27.034  -40.426  22.039 0.0000000000
52591  -27.686  -40.331  21.789 0.0000000000
51655  -29.548  -40.218  22.999 0.0000000000
52612  -27.834  -40.254  21.394 0.0000000000
52677  -27.034  -39.351  19.411 0.0000000000
52655  -27.909  -40.126  20.176 0.0000000000
52678  -28.146  -39.784  19.039 0.0000000000
52657  -30.201  -40.264  20.318 0.0000000000
51738  -28.923  -39.653  18.366 0.0000000000
51762  -29.509  -39.473  17.660 0.0000000000
52707  -28.344  -38.465  17.370 0.0000000000
54554  -28.094  -35.325  17.839 0.0000000000
54563  -28.310  -36.257  16.988 0.0000000000
55436  -28.639  -34.893  17.563 0.0000000000
40447  -15.179  -50.623  33.260 0.0000000000
39394  -15.380  -51.557  34.221 0.0000000000
39403  -16.068  -51.410  33.533 0.0000000000
38326  -5.666  -52.979  43.126 0.0000000000
38325  -5.261  -53.448  43.719 0.0000000000
37366  -5.420  -54.122  43.373 0.0000000000
38352  -8.179  -52.566  40.025 0.0000000000
38351  -7.599  -52.731  40.528 0.0000000000
37423  -8.734  -53.494  40.431 0.0000000000
39330  -13.029  -52.377  37.919 0.0000000000
39342  -13.397  -52.203  37.315 0.0000000000
39358  -14.430  -52.200  36.461 0.0000000000
39359  -15.719  -52.472  36.057 0.0000000000
42651  -24.359  -49.063  30.002 0.0000000000
41551  -24.227  -49.207  30.602 0.0000000000
42539  -12.390  -47.890  37.303 0.0000000000
42537  -10.653  -48.814  36.982 0.0000000000
41438  -10.390  -49.450  36.988 0.0000000000
40377  -10.078  -50.595  37.415 0.0000000000
39339  -10.430  -50.943  37.222 0.0000000000
45921  -24.047  -45.412  27.306 0.0000000000
45934  -24.921  -45.423  26.502 0.0000000000
46817  -22.218  -43.738  29.009 0.0000000000
46831  -21.378  -44.668  28.538 0.0000000000
45905  -23.310  -45.275  28.018 0.0000000000
55466  -29.890  -34.688  15.832 0.0000000000
55468  -31.436  -34.937  15.572 0.0000000000
57126  -30.166  -33.256  15.865 0.0000000000
58025  -31.189  -32.246  15.777 0.0000000000
59897  -31.284  -30.458  16.132 0.0000000000
63745  -34.185  -26.108  15.933 0.0000000000
63746  -35.328  -25.598  16.020 0.0000000000
63773  -35.191  -26.506  14.254 0.0000000000
62843  -36.004  -27.178  13.557 0.0000000000
61909  -36.545  -27.761  13.535 0.0000000000
62845  -37.604  -27.113  13.077 0.0000000000
62854  -38.156  -26.623  12.848 0.0000000000
63794  -39.348  -26.286  12.489 0.0000000000
64760  -39.289  -25.603  12.511 0.0000000000
65680  -39.688  -24.958  12.307 0.0000000000
36418  -4.231  -54.821  45.004 0.0000000000
35440  -3.507  -55.825  45.973 0.0000000000
35450  -4.086  -56.139  45.493 0.0000000000
47735  -25.663  -43.670  25.102 0.0000000000
45955  -26.568  -44.859  24.519 0.0000000000
48644  -25.507  -43.183  24.674 0.0000000000
47744  -25.495  -43.160  23.962 0.0000000000
49617  -24.835  -41.492  23.303 0.0000000000
53524  -23.935  -37.608  23.836 0.0000000000
54462  -24.435  -36.715  22.048 0.0000000000
53553  -24.526  -37.580  21.706 0.0000000000
52631  -25.312  -38.606  21.330 0.0000000000
52633  -26.951  -39.603  20.987 0.0000000000
52675  -25.563  -38.532  20.227 0.0000000000
53590  -25.889  -37.956  19.067 0.0000000000
53602  -26.457  -37.962  18.452 0.0000000000
53603  -27.096  -37.874  17.922 0.0000000000
54552  -26.722  -37.379  18.214 0.0000000000
41524  -17.074  -49.274  31.596 0.0000000000
40460  -16.692  -50.279  32.230 0.0000000000
40461  -17.879  -50.393  32.168 0.0000000000
39290  -6.192  -52.300  42.371 0.0000000000
39293  -6.407  -52.548  41.843 0.0000000000
35416  -1.389  -55.608  49.287 0.0000000000
36390  -1.516  -54.586  50.322 0.0000000000
35411  -0.974  -55.570  51.097 0.0000000000
35408  -0.957  -55.564  52.007 0.0000000000
36382  -0.669  -54.626  52.687 0.0000000000
48622  -31.274  -42.599  25.740 0.0000000000
42636  -19.879  -48.331  31.330 0.0000000000
41527  -20.211  -49.588  32.165 0.0000000000
41359  -9.473  -48.639  41.214 0.0000000000
41357  -8.060  -49.844  40.760 0.0000000000
40348  -7.861  -50.682  40.221 0.0000000000
39315  -8.294  -51.400  39.434 0.0000000000
38353  -9.224  -53.030  39.716 0.0000000000
38390  -9.999  -52.181  38.231 0.0000000000
38372  -9.751  -52.613  38.769 0.0000000000
38354  -10.307  -53.296  39.729 0.0000000000
68463  -43.794  -21.673  9.893 0.0000000000
43760  -26.902  -47.720  28.275 0.0000000000
43779  -27.470  -47.131  27.445 0.0000000000
43793  -26.103  -47.061  26.801 0.0000000000
44832  -25.829  -46.508  26.147 0.0000000000
44846  -25.605  -45.833  25.675 0.0000000000
45944  -25.456  -45.211  25.721 0.0000000000
46865  -25.747  -44.398  25.561 0.0000000000
47726  -26.228  -43.329  26.209 0.0000000000
42589  -13.144  -49.043  34.455 0.0000000000
41489  -13.524  -50.171  34.281 0.0000000000
42605  -13.763  -49.026  33.823 0.0000000000
41505  -14.337  -49.621  33.328 0.0000000000
42616  -15.330  -48.392  32.593 0.0000000000
43681  -15.760  -46.673  33.462 0.0000000000
43696  -15.546  -47.464  32.589 0.0000000000
42617  -16.104  -48.140  31.848 0.0000000000
42618  -16.928  -48.319  31.440 0.0000000000
42634  -17.602  -48.026  31.243 0.0000000000
43707  -18.368  -47.333  31.009 0.0000000000
46770  -18.636  -43.897  32.670 0.0000000000
46801  -18.455  -44.507  31.106 0.0000000000
44772  -18.940  -45.855  30.629 0.0000000000
44753  -19.647  -46.844  30.608 0.0000000000
44774  -20.194  -46.445  30.061 0.0000000000
44775  -20.866  -46.721  29.750 0.0000000000
43739  -21.838  -47.340  29.093 0.0000000000
45903  -21.696  -45.680  28.184 0.0000000000
43755  -22.244  -47.317  28.453 0.0000000000
43740  -22.598  -47.865  29.033 0.0000000000
42684  -24.673  -48.380  28.574 0.0000000000
42685  -25.482  -48.388  28.664 0.0000000000
42572  -13.017  -48.198  35.276 0.0000000000
55460  -33.178  -35.666  16.079 0.0000000000
61848  -31.507  -28.300  17.664 0.0000000000
61862  -31.367  -28.662  16.673 0.0000000000
60867  -32.221  -29.320  15.738 0.0000000000
63744  -33.344  -26.778  15.819 0.0000000000
61873  -32.698  -28.501  15.436 0.0000000000
59911  -33.597  -30.171  15.484 0.0000000000
60852  -34.420  -30.313  15.534 0.0000000000
65693  -42.556  -24.658  10.754 0.0000000000
67532  -42.694  -22.802  10.689 0.0000000000
37326  -3.020  -53.660  48.156 0.0000000000
36396  -2.385  -54.622  48.270 0.0000000000
35431  -2.815  -55.772  46.774 0.0000000000
35430  -2.293  -55.763  47.512 0.0000000000
35421  -1.581  -55.715  48.728 0.0000000000
34395  -1.441  -56.496  48.764 0.0000000000
44818  -28.426  -46.696  27.075 0.0000000000
44835  -29.091  -46.193  26.625 0.0000000000
45936  -29.652  -45.619  26.218 0.0000000000
45957  -27.624  -45.145  24.754 0.0000000000
46866  -28.440  -44.823  24.815 0.0000000000
45949  -29.980  -45.150  25.932 0.0000000000
46868  -30.254  -44.474  25.479 0.0000000000
48633  -30.179  -42.647  24.440 0.0000000000
49595  -30.233  -41.828  24.436 0.0000000000
50662  -24.432  -40.409  24.116 0.0000000000
50672  -24.678  -40.517  23.323 0.0000000000
52589  -24.373  -38.704  23.008 0.0000000000
51651  -24.990  -39.763  22.864 0.0000000000
50695  -26.258  -41.262  22.492 0.0000000000
49619  -28.185  -41.763  22.751 0.0000000000
50676  -28.677  -41.295  22.853 0.0000000000
52634  -27.862  -40.138  20.960 0.0000000000
52614  -29.771  -39.790  22.063 0.0000000000
51764  -31.425  -39.983  18.192 0.0000000000
52709  -30.237  -38.616  16.966 0.0000000000
53628  -29.632  -36.855  16.527 0.0000000000
54562  -27.931  -37.064  17.156 0.0000000000
53627  -28.961  -36.518  16.621 0.0000000000
54573  -29.446  -36.039  16.280 0.0000000000
56285  -29.284  -33.915  16.764 0.0000000000
57109  -29.497  -33.029  17.195 0.0000000000
39393  -14.374  -51.307  34.635 0.0000000000
39379  -14.971  -51.925  35.285 0.0000000000
39404  -17.027  -51.571  33.465 0.0000000000
38319  -4.722  -52.709  45.200 0.0000000000
39281  -5.651  -51.705  44.198 0.0000000000
37344  -4.749  -53.293  44.697 0.0000000000
37354  -4.467  -54.335  44.705 0.0000000000
36428  -4.615  -54.850  44.450 0.0000000000
39304  -7.377  -51.995  40.515 0.0000000000
38335  -7.154  -52.696  40.954 0.0000000000
36472  -6.953  -54.170  41.774 0.0000000000
33281  -0.955  -57.394  53.439 0.0000000000
34380  -0.361  -56.605  53.300 0.0000000000
36381  -0.098  -54.801  53.023 0.0000000000
43761  -27.931  -47.603  28.666 0.0000000000
39377  -12.925  -51.114  35.462 0.0000000000
40416  -13.031  -50.683  34.956 0.0000000000
42687  -27.298  -48.098  29.064 0.0000000000
41487  -12.588  -49.843  34.930 0.0000000000
41473  -12.192  -49.906  35.296 0.0000000000
40404  -12.147  -50.619  35.736 0.0000000000
59875  -30.394  -30.714  18.992 0.0000000000
59874  -30.078  -30.375  18.210 0.0000000000
60820  -30.757  -29.671  18.745 0.0000000000
64723  -38.019  -25.027  15.184 0.0000000000
64738  -37.909  -25.169  14.378 0.0000000000
64750  -37.920  -25.452  13.591 0.0000000000
64751  -38.574  -25.153  13.832 0.0000000000
55402  -25.499  -36.098  20.426 0.0000000000
42619  -19.094  -49.298  31.658 0.0000000000
42620  -19.656  -49.117  31.711 0.0000000000
40316  -7.852  -49.936  42.264 0.0000000000
40330  -7.654  -50.276  41.241 0.0000000000
67540  -43.540  -22.747  9.976 0.0000000000
44821  -31.301  -45.984  27.589 0.0000000000
45925  -31.985  -45.341  27.236 0.0000000000
43726  -22.154  -47.801  29.929 0.0000000000
42639  -22.369  -48.425  30.756 0.0000000000
42640  -23.232  -48.884  30.712 0.0000000000
42522  -9.735  -48.733  38.251 0.0000000000
40364  -8.987  -50.300  38.620 0.0000000000
40376  -9.513  -50.233  37.890 0.0000000000
43657  -14.868  -47.564  33.771 0.0000000000
45826  -17.450  -44.877  33.046 0.0000000000
45825  -16.883  -45.474  33.139 0.0000000000
47681  -21.327  -42.804  29.921 0.0000000000
47667  -21.255  -42.525  30.810 0.0000000000
47694  -20.706  -43.344  29.546 0.0000000000
47693  -19.968  -43.504  29.868 0.0000000000
46830  -20.640  -44.705  28.935 0.0000000000
46816  -21.059  -43.916  28.994 0.0000000000
45932  -23.502  -46.354  26.880 0.0000000000
44829  -23.566  -46.755  26.869 0.0000000000
43790  -23.809  -46.898  26.772 0.0000000000
53629  -30.606  -37.068  16.478 0.0000000000
53630  -31.610  -37.218  16.490 0.0000000000
54575  -31.320  -36.365  16.111 0.0000000000
58979  -32.500  -31.562  15.618 0.0000000000
58026  -32.870  -32.391  15.506 0.0000000000
59899  -33.117  -30.828  15.582 0.0000000000
62806  -33.863  -26.478  17.947 0.0000000000
62805  -33.286  -26.892  17.431 0.0000000000
61890  -34.391  -28.167  14.345 0.0000000000
61876  -35.909  -29.244  14.564 0.0000000000
38318  -4.278  -53.198  45.731 0.0000000000
37337  -3.829  -53.767  46.295 0.0000000000
48658  -25.818  -42.759  23.030 0.0000000000
47758  -27.365  -43.389  23.230 0.0000000000
48659  -26.778  -42.690  22.791 0.0000000000
48679  -26.580  -42.016  22.546 0.0000000000
51674  -26.686  -39.901  21.697 0.0000000000
52611  -26.844  -39.771  21.400 0.0000000000
52679  -29.178  -40.039  19.116 0.0000000000
51761  -28.841  -39.357  17.880 0.0000000000
52695  -28.200  -39.183  17.973 0.0000000000
37367  -5.986  -53.865  42.641 0.0000000000
36441  -5.955  -54.653  42.922 0.0000000000
37325  -2.527  -53.942  48.811 0.0000000000
37321  -2.388  -53.688  49.438 0.0000000000
43763  -29.885  -46.851  28.595 0.0000000000
38427  -15.468  -52.601  37.037 0.0000000000
42555  -13.257  -47.695  36.451 0.0000000000
42552  -10.754  -49.191  36.645 0.0000000000
41454  -10.862  -49.634  36.485 0.0000000000
40392  -10.575  -50.342  36.842 0.0000000000
39356  -12.134  -51.095  36.146 0.0000000000
39340  -11.131  -51.226  36.871 0.0000000000
39329  -12.420  -52.376  37.746 0.0000000000
45887  -22.979  -44.141  28.972 0.0000000000
56292  -29.700  -33.939  16.083 0.0000000000
56293  -30.337  -34.078  15.662 0.0000000000
57118  -30.072  -32.738  16.072 0.0000000000
58967  -30.185  -30.838  16.886 0.0000000000
58977  -30.458  -31.367  16.440 0.0000000000
64703  -35.907  -25.480  15.435 0.0000000000
64736  -36.005  -25.851  14.331 0.0000000000
63774  -35.834  -26.206  14.017 0.0000000000
63782  -35.650  -26.851  13.773 0.0000000000
63783  -36.143  -26.505  13.692 0.0000000000
62844  -36.639  -27.007  13.342 0.0000000000
63784  -37.081  -26.452  13.282 0.0000000000
63792  -37.878  -26.327  12.969 0.0000000000
63793  -38.597  -26.219  12.725 0.0000000000
65662  -39.350  -24.807  13.477 0.0000000000
50650  -24.996  -40.894  25.318 0.0000000000
48643  -25.258  -42.534  24.672 0.0000000000
49606  -24.804  -41.688  24.423 0.0000000000
48657  -25.211  -42.470  23.645 0.0000000000
54482  -24.727  -36.967  21.132 0.0000000000
53571  -24.798  -37.518  21.074 0.0000000000
53554  -24.783  -37.997  21.246 0.0000000000
53572  -25.027  -37.933  20.582 0.0000000000
52652  -25.585  -38.686  20.763 0.0000000000
53589  -25.390  -37.905  19.743 0.0000000000
52693  -26.429  -38.643  18.948 0.0000000000
40462  -18.994  -50.286  32.423 0.0000000000
39291  -6.449  -51.393  42.563 0.0000000000
35414  -1.086  -55.668  50.156 0.0000000000
36385  -1.094  -54.625  52.153 0.0000000000
35406  -0.618  -55.579  52.653 0.0000000000
46847  -32.162  -44.520  26.989 0.0000000000
47729  -31.740  -43.585  26.322 0.0000000000
48623  -31.687  -42.645  26.409 0.0000000000
42637  -20.777  -48.246  31.309 0.0000000000
41358  -8.634  -49.249  40.890 0.0000000000
38371  -8.743  -52.213  39.282 0.0000000000
39327  -10.071  -51.462  37.818 0.0000000000
38373  -10.992  -52.991  39.060 0.0000000000
43759  -25.952  -47.874  28.097 0.0000000000
43778  -26.445  -47.423  27.477 0.0000000000
46854  -25.582  -44.930  26.936 0.0000000000
46855  -26.170  -44.277  26.699 0.0000000000
42604  -13.513  -49.333  34.085 0.0000000000
41522  -15.086  -49.432  32.725 0.0000000000
42633  -16.762  -47.437  31.487 0.0000000000
44750  -17.419  -45.921  31.513 0.0000000000
43706  -17.471  -46.900  31.221 0.0000000000
46788  -20.537  -42.609  32.035 0.0000000000
46772  -20.760  -42.763  32.680 0.0000000000
47656  -19.556  -43.038  32.196 0.0000000000
46771  -19.521  -43.187  32.668 0.0000000000
47664  -18.732  -43.696  31.681 0.0000000000
46786  -18.149  -44.196  31.806 0.0000000000
47678  -18.748  -43.813  31.191 0.0000000000
45866  -19.404  -45.172  30.190 0.0000000000
44752  -18.974  -46.664  30.735 0.0000000000
44773  -19.462  -46.145  30.327 0.0000000000
44789  -20.672  -46.193  29.232 0.0000000000
43725  -21.392  -47.288  29.948 0.0000000000
46832  -22.200  -44.783  28.353 0.0000000000
44805  -22.297  -47.087  28.025 0.0000000000
43741  -23.306  -48.071  28.677 0.0000000000
43776  -24.566  -47.501  27.251 0.0000000000
43758  -25.020  -47.925  27.994 0.0000000000
42573  -14.042  -47.486  35.528 0.0000000000
51776  -32.224  -39.624  17.654 0.0000000000
53632  -33.158  -37.426  16.747 0.0000000000
52713  -34.232  -38.333  17.420 0.0000000000
56294  -31.128  -34.250  15.502 0.0000000000
55469  -31.925  -34.922  15.581 0.0000000000
56296  -32.392  -34.467  15.554 0.0000000000
61832  -31.929  -28.179  18.747 0.0000000000
61831  -31.280  -28.807  18.458 0.0000000000
62803  -31.829  -27.956  16.789 0.0000000000
62813  -31.904  -28.170  16.393 0.0000000000
60851  -31.601  -29.119  16.152 0.0000000000
61863  -31.993  -28.528  16.036 0.0000000000
63760  -33.536  -27.174  15.109 0.0000000000
61874  -33.679  -28.555  14.832 0.0000000000
62822  -33.128  -27.709  15.233 0.0000000000
60868  -33.147  -29.406  15.287 0.0000000000
60853  -35.098  -30.454  15.686 0.0000000000
61910  -37.636  -28.105  13.498 0.0000000000
63803  -40.897  -25.808  11.859 0.0000000000
67531  -42.076  -23.162  10.958 0.0000000000
37330  -3.362  -53.672  47.283 0.0000000000
38309  -3.430  -53.184  47.749 0.0000000000
36397  -2.908  -54.172  47.775 0.0000000000
36408  -3.301  -54.824  46.465 0.0000000000
35422  -1.953  -55.648  48.253 0.0000000000
33293  -1.394  -57.800  49.346 0.0000000000
43794  -26.752  -47.095  27.009 0.0000000000
44817  -27.763  -46.711  26.768 0.0000000000
45935  -28.906  -45.736  25.975 0.0000000000
46876  -26.862  -44.626  24.111 0.0000000000
46886  -27.843  -43.764  23.641 0.0000000000
46877  -28.013  -44.524  24.311 0.0000000000
46867  -29.050  -44.569  24.886 0.0000000000
45948  -29.366  -45.183  25.601 0.0000000000
48646  -29.537  -42.639  23.923 0.0000000000
47736  -29.876  -43.499  24.630 0.0000000000
49608  -29.715  -41.680  23.790 0.0000000000
51641  -24.370  -39.544  24.631 0.0000000000
49616  -24.519  -40.903  23.657 0.0000000000
53538  -24.141  -37.523  22.646 0.0000000000
50673  -25.500  -40.873  22.627 0.0000000000
50674  -26.538  -40.819  22.379 0.0000000000
50696  -26.878  -41.310  22.493 0.0000000000
50664  -29.450  -41.100  23.411 0.0000000000
51642  -29.550  -40.740  23.297 0.0000000000
52592  -28.843  -40.320  22.134 0.0000000000
52653  -26.214  -39.001  20.547 0.0000000000
52635  -28.967  -40.270  21.154 0.0000000000
51714  -29.966  -40.195  19.467 0.0000000000
51694  -30.943  -40.220  20.757 0.0000000000
51715  -30.822  -40.295  19.769 0.0000000000
51741  -31.555  -40.368  19.054 0.0000000000
51774  -30.416  -39.310  17.269 0.0000000000
53614  -29.882  -37.768  16.786 0.0000000000
53612  -27.755  -37.711  17.376 0.0000000000
54572  -28.902  -35.926  16.593 0.0000000000
55456  -29.196  -35.069  16.426 0.0000000000
57099  -29.644  -33.017  17.977 0.0000000000
40431  -13.924  -50.583  34.265 0.0000000000
40432  -14.650  -50.878  34.022 0.0000000000
39380  -16.124  -52.171  35.088 0.0000000000
40449  -17.438  -51.032  32.845 0.0000000000
38315  -4.704  -52.104  45.682 0.0000000000
39286  -6.237  -51.218  43.439 0.0000000000
38323  -5.610  -52.344  43.680 0.0000000000
38322  -5.199  -52.810  44.191 0.0000000000
40347  -7.617  -51.351  40.420 0.0000000000
40329  -7.372  -51.147  40.962 0.0000000000
37422  -7.897  -53.274  40.584 0.0000000000
37421  -7.471  -53.079  40.767 0.0000000000
34376  0.021  -56.651  53.552 0.0000000000
34379  -0.104  -56.179  53.307 0.0000000000
35405  -0.248  -55.610  53.035 0.0000000000
35403  -0.012  -55.832  53.226 0.0000000000
42667  -25.883  -48.807  29.426 0.0000000000
42570  -11.672  -49.408  35.820 0.0000000000
41455  -11.351  -49.733  36.053 0.0000000000
40393  -11.186  -50.606  36.489 0.0000000000
40403  -11.642  -50.407  36.031 0.0000000000
58014  -29.727  -32.242  16.880 0.0000000000
58966  -29.889  -31.304  17.133 0.0000000000
59886  -30.118  -30.431  17.387 0.0000000000
60834  -30.425  -29.659  17.889 0.0000000000
64704  -36.343  -25.351  15.655 0.0000000000
64749  -36.795  -25.895  13.707 0.0000000000
65671  -38.559  -25.401  13.213 0.0000000000
48631  -25.414  -42.368  25.145 0.0000000000
50651  -25.645  -41.286  25.861 0.0000000000
54514  -25.299  -36.688  20.163 0.0000000000
41541  -17.822  -48.861  31.330 0.0000000000
40463  -19.586  -50.181  32.506 0.0000000000
66600  -43.977  -23.484  9.735 0.0000000000
33288  -1.049  -57.844  50.577 0.0000000000
34387  -0.797  -56.649  50.852 0.0000000000
33285  -1.038  -57.556  51.697 0.0000000000
33283  -1.076  -57.410  52.652 0.0000000000
46858  -31.593  -44.500  26.462 0.0000000000
42638  -21.599  -48.284  31.167 0.0000000000
41530  -23.127  -49.228  32.021 0.0000000000
42524  -11.499  -47.897  38.103 0.0000000000
42509  -10.742  -48.009  38.906 0.0000000000
41398  -8.615  -49.561  39.191 0.0000000000
45806  -16.866  -45.568  33.556 0.0000000000
44728  -16.623  -45.882  32.654 0.0000000000
44749  -16.869  -45.902  32.083 0.0000000000
47666  -20.245  -42.673  31.334 0.0000000000
47679  -19.463  -43.377  30.615 0.0000000000
46814  -19.532  -44.173  29.980 0.0000000000
45885  -19.793  -44.702  29.751 0.0000000000
45919  -22.283  -46.055  27.823 0.0000000000
43774  -22.958  -47.090  27.397 0.0000000000
43775  -23.604  -47.234  27.193 0.0000000000
53616  -31.864  -38.070  16.743 0.0000000000
53631  -32.553  -37.336  16.603 0.0000000000
58038  -32.228  -33.007  15.439 0.0000000000
57129  -32.527  -33.908  15.443 0.0000000000
58039  -33.030  -33.179  15.431 0.0000000000
61849  -32.059  -27.812  17.957 0.0000000000
62792  -32.585  -27.446  18.139 0.0000000000
63772  -34.198  -27.042  14.578 0.0000000000
63771  -33.827  -27.357  14.724 0.0000000000
62832  -34.074  -27.613  14.487 0.0000000000
61889  -33.885  -28.008  14.544 0.0000000000
65681  -40.375  -24.586  11.858 0.0000000000
65682  -41.212  -24.672  11.359 0.0000000000
66591  -41.522  -24.106  11.091 0.0000000000
65692  -41.822  -24.444  10.977 0.0000000000
66584  -41.774  -23.338  11.137 0.0000000000
33303  -1.758  -57.405  48.493 0.0000000000
44848  -27.418  -46.016  25.638 0.0000000000
47746  -28.623  -43.400  23.717 0.0000000000
48645  -28.850  -42.670  23.449 0.0000000000
52590  -24.959  -39.183  22.627 0.0000000000
52656  -29.185  -40.293  20.115 0.0000000000
51739  -29.780  -39.941  18.560 0.0000000000
51763  -30.505  -39.847  17.945 0.0000000000
52696  -28.805  -39.062  17.564 0.0000000000
55447  -28.589  -35.312  17.080 0.0000000000
55448  -28.870  -34.527  17.225 0.0000000000
36429  -5.070  -54.879  43.896 0.0000000000
37397  -8.211  -53.951  41.035 0.0000000000
44820  -30.511  -46.153  27.330 0.0000000000
38393  -12.810  -52.595  38.509 0.0000000000
38409  -13.450  -52.438  38.068 0.0000000000
38410  -14.211  -52.469  37.887 0.0000000000
39343  -14.195  -52.330  37.228 0.0000000000
42650  -23.562  -48.776  29.926 0.0000000000
42641  -23.873  -49.034  30.506 0.0000000000
42538  -11.337  -48.289  37.059 0.0000000000
41418  -10.182  -49.003  37.369 0.0000000000
41437  -10.072  -49.384  37.385 0.0000000000
40391  -9.995  -49.874  37.348 0.0000000000
45933  -23.963  -45.925  26.689 0.0000000000
45922  -25.203  -45.214  27.550 0.0000000000
46803  -22.693  -42.925  30.062 0.0000000000
47696  -21.931  -43.366  29.323 0.0000000000
46833  -22.805  -44.949  28.396 0.0000000000
55457  -29.993  -35.457  15.856 0.0000000000
55458  -30.948  -35.593  15.749 0.0000000000
55467  -30.605  -34.850  15.631 0.0000000000
57127  -30.860  -33.492  15.594 0.0000000000
58023  -30.057  -32.264  16.371 0.0000000000
58024  -30.632  -32.396  15.929 0.0000000000
58037  -31.317  -32.765  15.613 0.0000000000
58978  -31.427  -31.637  15.851 0.0000000000
63727  -34.284  -26.135  17.043 0.0000000000
63728  -35.332  -25.623  17.256 0.0000000000
63762  -34.902  -25.893  15.111 0.0000000000
64720  -35.628  -25.634  15.074 0.0000000000
64735  -35.400  -25.926  14.654 0.0000000000
62834  -35.421  -27.312  13.780 0.0000000000
61908  -35.844  -27.641  13.667 0.0000000000
61892  -36.791  -28.839  14.099 0.0000000000
62846  -38.541  -27.561  13.136 0.0000000000
64761  -39.878  -25.760  12.175 0.0000000000
64770  -39.920  -25.243  12.055 0.0000000000
36409  -3.833  -54.733  45.706 0.0000000000
46875  -26.125  -44.437  24.557 0.0000000000
47745  -25.789  -43.776  24.188 0.0000000000
47756  -25.658  -43.011  23.474 0.0000000000
48677  -25.403  -42.169  22.962 0.0000000000
52630  -24.784  -38.263  21.722 0.0000000000
52632  -26.177  -39.083  21.164 0.0000000000
52676  -26.102  -38.788  19.704 0.0000000000
52706  -27.638  -38.466  17.722 0.0000000000
54555  -28.580  -34.664  18.502 0.0000000000
41523  -15.953  -49.308  32.165 0.0000000000
38329  -6.201  -53.139  42.135 0.0000000000
36391  -2.025  -54.075  49.837 0.0000000000
36393  -1.446  -55.095  49.756 0.0000000000
36388  -1.265  -54.652  51.364 0.0000000000
61818  -32.498  -28.203  19.974 0.0000000000
62782  -33.352  -27.168  19.382 0.0000000000
62794  -34.024  -26.571  18.715 0.0000000000
63699  -34.739  -26.174  18.791 0.0000000000
49583  -31.090  -41.696  25.973 0.0000000000
42621  -20.484  -48.927  31.808 0.0000000000
38370  -8.222  -51.971  39.613 0.0000000000
39317  -9.696  -51.954  38.344 0.0000000000
46864  -25.476  -44.784  26.199 0.0000000000
40429  -12.895  -50.263  34.787 0.0000000000
41488  -13.138  -49.818  34.438 0.0000000000
41504  -13.727  -49.807  33.981 0.0000000000
46769  -17.890  -44.411  32.505 0.0000000000
46785  -17.768  -44.510  32.103 0.0000000000
45848  -17.985  -45.128  31.326 0.0000000000
45865  -18.647  -45.171  30.806 0.0000000000
43709  -20.251  -47.430  30.819 0.0000000000
43724  -20.770  -47.085  30.296 0.0000000000
44803  -21.178  -46.190  28.638 0.0000000000
45918  -21.954  -46.208  28.032 0.0000000000
44804  -21.836  -46.660  28.297 0.0000000000
42664  -23.232  -48.366  29.323 0.0000000000
42665  -23.982  -48.564  29.084 0.0000000000
42588  -12.772  -49.453  34.764 0.0000000000
52712  -33.290  -39.035  17.433 0.0000000000
55459  -32.052  -35.466  15.760 0.0000000000
56287  -32.837  -34.712  15.691 0.0000000000
60835  -30.942  -29.066  18.034 0.0000000000
61847  -30.921  -29.062  17.369 0.0000000000
61861  -30.929  -29.197  16.884 0.0000000000
60850  -31.074  -29.559  16.486 0.0000000000
60866  -31.605  -29.678  16.053 0.0000000000
59909  -31.961  -30.027  15.817 0.0000000000
63726  -33.587  -26.552  16.575 0.0000000000
63759  -33.263  -27.378  15.309 0.0000000000
63743  -33.129  -27.302  15.515 0.0000000000
59910  -32.699  -30.055  15.629 0.0000000000
59900  -34.288  -30.853  15.723 0.0000000000
68455  -43.263  -21.941  10.787 0.0000000000
37322  -2.945  -53.219  48.878 0.0000000000
36401  -2.346  -55.183  47.840 0.0000000000
35417  -1.857  -55.236  48.776 0.0000000000
44836  -29.881  -46.012  26.811 0.0000000000
45956  -27.069  -45.090  24.514 0.0000000000
45937  -30.633  -45.313  26.388 0.0000000000
46857  -30.930  -44.483  26.004 0.0000000000
47737  -30.597  -43.575  25.152 0.0000000000
48634  -30.777  -42.605  25.052 0.0000000000
50649  -24.620  -40.168  24.958 0.0000000000
52580  -24.444  -38.818  25.454 0.0000000000
49605  -24.497  -41.128  24.007 0.0000000000
49641  -25.589  -41.639  22.703 0.0000000000
49642  -26.154  -41.680  22.536 0.0000000000
49643  -26.635  -41.616  22.514 0.0000000000
49618  -27.281  -41.889  22.543 0.0000000000
50675  -27.658  -41.141  22.460 0.0000000000
50665  -29.963  -41.143  24.127 0.0000000000
49596  -30.724  -41.534  25.140 0.0000000000
52613  -28.894  -40.169  21.730 0.0000000000
51765  -32.332  -40.089  18.347 0.0000000000
51775  -31.308  -39.499  17.445 0.0000000000
52710  -31.148  -38.765  16.979 0.0000000000
53613  -28.709  -37.439  16.914 0.0000000000
58002  -29.700  -32.052  17.708 0.0000000000
58953  -29.907  -31.363  18.451 0.0000000000
40448  -16.339  -50.910  32.906 0.0000000000
39396  -17.712  -51.922  34.241 0.0000000000
39381  -17.283  -52.236  35.052 0.0000000000
41506  -19.961  -50.042  32.495 0.0000000000
39280  -5.190  -52.242  44.701 0.0000000000
38334  -6.663  -52.908  41.485 0.0000000000
37395  -6.642  -53.609  41.743 0.0000000000
36471  -6.603  -54.006  41.999 0.0000000000
37398  -9.200  -54.139  41.227 0.0000000000
36452  -6.473  -54.443  42.339 0.0000000000
33278  -0.548  -57.532  53.861 0.0000000000
35401  0.598  -55.885  53.097 0.0000000000
36376  0.728  -55.105  52.962 0.0000000000
36377  0.361  -55.297  53.051 0.0000000000
36378  0.129  -55.493  53.138 0.0000000000
40414  -12.057  -50.245  35.596 0.0000000000
40430  -13.337  -50.435  34.565 0.0000000000
41503  -13.382  -49.499  34.218 0.0000000000
44814  -22.133  -46.406  27.945 0.0000000000
46787  -18.797  -43.574  32.111 0.0000000000
47657  -19.947  -42.805  32.153 0.0000000000
47668  -21.967  -42.668  30.318 0.0000000000
47682  -21.998  -43.033  29.595 0.0000000000
50694  -25.859  -41.360  22.557 0.0000000000
51773  -29.839  -39.080  17.169 0.0000000000
56286  -32.239  -34.807  15.605 0.0000000000
56295  -31.914  -34.430  15.494 0.0000000000
57125  -29.805  -33.422  16.055 0.0000000000
58036  -30.712  -32.973  15.721 0.0000000000
58989  -31.460  -32.216  15.719 0.0000000000
59873  -29.914  -30.659  17.738 0.0000000000
59885  -29.909  -30.857  17.527 0.0000000000
59912  -34.138  -30.250  15.502 0.0000000000
60849  -30.566  -29.653  17.086 0.0000000000
62855  -38.599  -26.822  12.781 0.0000000000
