#!ascii label  , from subject msSRGRS20160210 vox2ras=TkReg
1635
41555  -36.578  -49.264  30.803 0.0000000000
31202  -26.341  -59.030  39.049 0.0000000000
50803  -41.841  -39.995  16.609 0.0000000000
43875  -31.616  -47.195  21.386 0.0000000000
44874  -38.379  -46.526  23.913 0.0000000000
37489  -33.704  -53.844  34.470 0.0000000000
31340  -24.583  -60.283  29.899 0.0000000000
38532  -28.039  -52.711  26.171 0.0000000000
33413  -18.513  -57.894  39.149 0.0000000000
56209  -47.299  -34.244  23.494 0.0000000000
31326  -19.123  -59.551  31.599 0.0000000000
41628  -33.810  -48.843  26.073 0.0000000000
41714  -34.927  -48.896  20.967 0.0000000000
39504  -37.071  -51.425  25.999 0.0000000000
38459  -36.561  -52.318  33.668 0.0000000000
35633  -32.330  -55.331  30.425 0.0000000000
39439  -31.951  -51.238  30.315 0.0000000000
41646  -29.046  -49.115  24.786 0.0000000000
58936  -48.077  -30.611  19.965 0.0000000000
31198  -23.273  -59.009  39.771 0.0000000000
34591  -22.184  -56.553  32.814 0.0000000000
33515  -26.354  -58.122  33.326 0.0000000000
47794  -40.580  -43.254  20.537 0.0000000000
34547  -28.358  -56.038  36.212 0.0000000000
27814  -28.632  -62.079  32.831 0.0000000000
31331  -31.037  -59.048  32.518 0.0000000000
35644  -26.914  -55.624  29.735 0.0000000000
33378  -14.405  -57.923  41.931 0.0000000000
45970  -44.312  -45.877  23.547 0.0000000000
48703  -45.852  -42.662  20.483 0.0000000000
52602  -48.359  -38.310  22.988 0.0000000000
51748  -45.992  -39.339  18.611 0.0000000000
56265  -42.671  -34.563  19.404 0.0000000000
31263  -18.368  -59.178  35.690 0.0000000000
29030  -21.884  -61.182  29.615 0.0000000000
40501  -34.723  -50.004  28.223 0.0000000000
40551  -35.675  -50.763  25.437 0.0000000000
41577  -36.824  -49.470  28.276 0.0000000000
40464  -36.559  -50.398  32.601 0.0000000000
38475  -35.399  -52.339  31.763 0.0000000000
40470  -34.384  -51.028  30.037 0.0000000000
41573  -32.800  -49.778  28.297 0.0000000000
50821  -39.563  -39.553  14.676 0.0000000000
51789  -42.380  -39.298  15.137 0.0000000000
31200  -24.801  -59.289  39.368 0.0000000000
32362  -24.899  -58.397  36.858 0.0000000000
31252  -26.763  -59.711  36.747 0.0000000000
43912  -31.862  -47.050  19.063 0.0000000000
43861  -36.518  -47.565  22.326 0.0000000000
44923  -35.427  -46.654  20.381 0.0000000000
45990  -36.847  -45.630  21.632 0.0000000000
47791  -37.537  -43.531  20.336 0.0000000000
46892  -39.938  -44.436  22.394 0.0000000000
36528  -30.821  -54.569  34.311 0.0000000000
31272  -32.241  -59.287  34.980 0.0000000000
32397  -33.874  -57.913  33.411 0.0000000000
36601  -30.199  -54.026  28.287 0.0000000000
35647  -29.960  -55.270  29.443 0.0000000000
36609  -26.854  -54.043  28.060 0.0000000000
43839  -30.699  -47.395  23.601 0.0000000000
46913  -45.228  -44.373  22.029 0.0000000000
52665  -47.420  -39.141  20.877 0.0000000000
54496  -46.333  -36.564  21.876 0.0000000000
52661  -43.598  -38.074  20.224 0.0000000000
56234  -44.922  -34.756  21.142 0.0000000000
59890  -45.440  -31.150  17.018 0.0000000000
33411  -16.315  -57.657  39.372 0.0000000000
34538  -14.060  -56.518  36.035 0.0000000000
35534  -16.843  -55.666  35.427 0.0000000000
28981  -20.724  -61.457  33.841 0.0000000000
28958  -20.547  -61.680  34.713 0.0000000000
31305  -16.679  -59.508  32.387 0.0000000000
27848  -26.845  -62.561  31.068 0.0000000000
26712  -24.679  -63.680  31.487 0.0000000000
29051  -23.631  -61.487  29.177 0.0000000000
43841  -32.428  -47.745  23.757 0.0000000000
42807  -32.932  -48.352  21.164 0.0000000000
41662  -34.595  -49.556  23.532 0.0000000000
40590  -36.334  -50.310  23.546 0.0000000000
41649  -38.115  -49.697  25.032 0.0000000000
37492  -35.878  -53.712  34.441 0.0000000000
33503  -35.033  -56.990  33.069 0.0000000000
36555  -35.485  -54.863  32.475 0.0000000000
37515  -32.306  -53.905  31.122 0.0000000000
39466  -29.966  -51.762  27.683 0.0000000000
40548  -28.380  -50.767  25.385 0.0000000000
41590  -30.594  -49.956  27.389 0.0000000000
42729  -31.649  -48.393  25.605 0.0000000000
58891  -46.907  -31.629  22.969 0.0000000000
59813  -49.197  -29.391  22.767 0.0000000000
33416  -21.043  -58.336  39.310 0.0000000000
35538  -20.429  -55.749  35.871 0.0000000000
34526  -22.576  -56.534  36.358 0.0000000000
34581  -24.245  -56.514  33.581 0.0000000000
28983  -22.558  -61.882  33.910 0.0000000000
43906  -33.825  -47.679  19.258 0.0000000000
48735  -38.182  -42.107  18.467 0.0000000000
49709  -40.848  -41.576  18.613 0.0000000000
32353  -28.021  -58.257  37.974 0.0000000000
31254  -28.381  -60.061  36.446 0.0000000000
30090  -30.255  -59.781  36.525 0.0000000000
30168  -29.944  -60.710  32.581 0.0000000000
31344  -28.276  -60.068  31.160 0.0000000000
33527  -32.659  -57.342  31.664 0.0000000000
33543  -28.890  -57.676  31.007 0.0000000000
33540  -25.607  -58.191  30.649 0.0000000000
43716  -37.478  -46.647  31.141 0.0000000000
33405  -26.822  -56.615  40.304 0.0000000000
37468  -29.422  -53.808  37.546 0.0000000000
38421  -31.408  -52.490  37.350 0.0000000000
43766  -39.347  -48.059  28.896 0.0000000000
39488  -39.806  -51.269  26.916 0.0000000000
42734  -39.910  -48.753  25.746 0.0000000000
43805  -43.136  -47.747  25.766 0.0000000000
44861  -41.742  -46.393  24.550 0.0000000000
46894  -42.265  -44.756  22.585 0.0000000000
48701  -43.701  -42.839  20.247 0.0000000000
49711  -43.452  -41.301  18.586 0.0000000000
49679  -48.085  -41.031  20.601 0.0000000000
49714  -46.373  -40.711  18.818 0.0000000000
50791  -44.833  -40.116  17.201 0.0000000000
52720  -44.392  -38.531  16.590 0.0000000000
57998  -45.319  -32.245  19.567 0.0000000000
33449  -12.457  -57.265  37.193 0.0000000000
27781  -17.762  -62.731  35.614 0.0000000000
33480  -19.719  -58.077  34.097 0.0000000000
27795  -19.036  -62.195  35.256 0.0000000000
30146  -27.816  -60.697  33.301 0.0000000000
27822  -23.007  -62.818  32.606 0.0000000000
31339  -20.116  -59.595  30.557 0.0000000000
33579  -19.124  -57.254  27.964 0.0000000000
40484  -35.953  -49.933  29.219 0.0000000000
40502  -35.717  -49.925  28.233 0.0000000000
41561  -36.469  -49.339  29.520 0.0000000000
40467  -36.469  -50.296  31.444 0.0000000000
39418  -36.018  -51.067  31.080 0.0000000000
40472  -35.598  -50.533  29.852 0.0000000000
40483  -35.130  -50.298  29.139 0.0000000000
50787  -40.515  -40.670  17.376 0.0000000000
50813  -41.048  -39.750  15.786 0.0000000000
51788  -41.430  -39.393  15.052 0.0000000000
50814  -42.132  -39.650  15.825 0.0000000000
30048  -25.934  -59.484  38.756 0.0000000000
31234  -25.853  -59.573  37.570 0.0000000000
30086  -26.840  -59.928  37.612 0.0000000000
44922  -31.024  -46.787  20.807 0.0000000000
43890  -31.654  -47.247  20.713 0.0000000000
44873  -37.577  -46.627  23.283 0.0000000000
44895  -37.014  -46.648  22.531 0.0000000000
45963  -37.575  -45.904  22.815 0.0000000000
46890  -38.500  -44.677  22.138 0.0000000000
45965  -39.293  -45.593  23.718 0.0000000000
36529  -31.960  -54.603  34.226 0.0000000000
34569  -33.071  -56.641  34.538 0.0000000000
35581  -33.691  -55.712  34.403 0.0000000000
37560  -28.758  -53.348  27.016 0.0000000000
36611  -28.856  -53.835  27.583 0.0000000000
37558  -27.182  -53.585  27.330 0.0000000000
37557  -26.035  -53.612  27.628 0.0000000000
44893  -30.745  -46.872  22.465 0.0000000000
44891  -29.387  -46.624  22.234 0.0000000000
44907  -30.189  -46.447  21.555 0.0000000000
54497  -47.270  -36.505  22.388 0.0000000000
55368  -46.543  -35.255  22.464 0.0000000000
55387  -45.938  -35.598  21.940 0.0000000000
57049  -46.316  -33.630  22.596 0.0000000000
33412  -17.436  -58.022  39.515 0.0000000000
34489  -16.675  -56.899  37.834 0.0000000000
34503  -18.251  -56.495  37.206 0.0000000000
30162  -19.737  -60.466  32.485 0.0000000000
30161  -18.473  -60.169  32.843 0.0000000000
31324  -16.935  -58.958  31.833 0.0000000000
32434  -16.142  -58.486  31.262 0.0000000000
32449  -16.320  -57.992  30.712 0.0000000000
30188  -25.587  -61.088  30.463 0.0000000000
29034  -24.880  -62.159  29.977 0.0000000000
30198  -24.460  -60.879  29.541 0.0000000000
42731  -33.764  -48.544  25.207 0.0000000000
42769  -33.854  -48.683  23.460 0.0000000000
42732  -34.411  -48.970  24.710 0.0000000000
39503  -36.355  -51.185  25.205 0.0000000000
40572  -35.846  -50.828  24.348 0.0000000000
40573  -36.690  -50.830  24.334 0.0000000000
41664  -36.898  -49.632  23.592 0.0000000000
40574  -37.476  -50.594  24.768 0.0000000000
37493  -36.268  -53.189  34.253 0.0000000000
35585  -36.685  -54.827  33.743 0.0000000000
37497  -36.808  -53.760  33.398 0.0000000000
39415  -33.653  -51.991  31.467 0.0000000000
38473  -33.569  -52.968  31.957 0.0000000000
39425  -31.712  -52.018  30.987 0.0000000000
38507  -30.630  -52.842  28.752 0.0000000000
39452  -30.587  -51.611  28.930 0.0000000000
40533  -30.030  -50.709  27.154 0.0000000000
40497  -31.271  -50.601  29.088 0.0000000000
41593  -33.374  -49.468  27.578 0.0000000000
41611  -31.867  -49.072  26.901 0.0000000000
42714  -33.139  -48.588  25.957 0.0000000000
42751  -32.126  -47.963  24.865 0.0000000000
32308  -21.901  -59.124  40.375 0.0000000000
33429  -21.487  -57.857  38.640 0.0000000000
33431  -23.095  -58.208  38.477 0.0000000000
33465  -25.462  -57.817  35.700 0.0000000000
34564  -25.027  -56.914  35.028 0.0000000000
33499  -25.533  -57.321  33.569 0.0000000000
32406  -23.922  -59.279  33.247 0.0000000000
30143  -23.987  -60.866  33.693 0.0000000000
41712  -34.082  -49.242  21.424 0.0000000000
42836  -33.455  -48.191  19.823 0.0000000000
42837  -34.183  -48.196  20.090 0.0000000000
45999  -35.396  -46.038  20.013 0.0000000000
44940  -34.910  -46.433  19.697 0.0000000000
46020  -34.487  -45.408  18.531 0.0000000000
47793  -39.652  -43.289  20.556 0.0000000000
48715  -37.751  -42.640  19.169 0.0000000000
48717  -39.766  -42.504  19.368 0.0000000000
49708  -39.819  -41.627  18.282 0.0000000000
48718  -40.805  -42.470  19.581 0.0000000000
34509  -28.282  -57.025  37.227 0.0000000000
31237  -29.382  -59.456  37.346 0.0000000000
32365  -29.887  -58.354  36.826 0.0000000000
31295  -31.939  -59.564  33.678 0.0000000000
30150  -31.288  -60.289  33.706 0.0000000000
31313  -30.268  -60.195  32.575 0.0000000000
31328  -28.946  -60.210  31.574 0.0000000000
32437  -29.021  -59.656  31.550 0.0000000000
34602  -34.022  -56.613  31.666 0.0000000000
33528  -33.579  -57.078  31.711 0.0000000000
33547  -32.749  -56.707  31.247 0.0000000000
35645  -27.930  -55.545  29.619 0.0000000000
34613  -29.259  -56.742  30.692 0.0000000000
34630  -27.542  -56.268  30.142 0.0000000000
34611  -27.141  -57.145  30.448 0.0000000000
41625  -28.393  -50.071  25.127 0.0000000000
37470  -31.003  -52.973  37.680 0.0000000000
39372  -34.927  -51.133  35.853 0.0000000000
44796  -38.454  -46.647  30.270 0.0000000000
42693  -40.908  -49.462  29.186 0.0000000000
39456  -41.234  -50.925  28.264 0.0000000000
40554  -39.748  -50.694  26.453 0.0000000000
41615  -41.413  -49.611  26.868 0.0000000000
44863  -43.804  -46.786  24.610 0.0000000000
43825  -43.009  -47.194  25.179 0.0000000000
44878  -43.604  -46.299  24.025 0.0000000000
45979  -42.083  -45.281  23.271 0.0000000000
45981  -43.951  -45.385  22.974 0.0000000000
47799  -45.309  -43.231  20.989 0.0000000000
47798  -44.245  -43.300  20.808 0.0000000000
48702  -44.724  -42.758  20.357 0.0000000000
49692  -43.298  -41.941  19.325 0.0000000000
48722  -45.103  -42.208  19.822 0.0000000000
50728  -48.283  -40.373  21.340 0.0000000000
51749  -46.652  -39.606  19.130 0.0000000000
51750  -47.293  -39.869  19.545 0.0000000000
51770  -46.289  -39.702  18.346 0.0000000000
50777  -45.618  -40.369  17.979 0.0000000000
51778  -45.472  -39.372  17.291 0.0000000000
51783  -44.758  -39.140  16.490 0.0000000000
52716  -45.231  -38.934  17.254 0.0000000000
54526  -43.093  -36.586  20.209 0.0000000000
53609  -42.875  -38.069  18.473 0.0000000000
54549  -41.893  -36.647  19.175 0.0000000000
58920  -47.440  -30.812  21.415 0.0000000000
57969  -46.134  -31.928  21.553 0.0000000000
58934  -46.597  -31.528  20.184 0.0000000000
32384  -16.034  -57.734  34.674 0.0000000000
31259  -14.882  -58.592  35.606 0.0000000000
31245  -16.865  -59.573  36.135 0.0000000000
27760  -19.746  -62.798  37.461 0.0000000000
30083  -20.135  -61.288  37.281 0.0000000000
35572  -20.831  -55.310  34.285 0.0000000000
35597  -19.415  -55.666  33.485 0.0000000000
33509  -20.806  -57.073  32.987 0.0000000000
28957  -19.582  -61.897  34.933 0.0000000000
31302  -13.853  -59.774  32.101 0.0000000000
30115  -29.153  -60.164  35.147 0.0000000000
31280  -28.313  -59.631  34.886 0.0000000000
28989  -28.331  -61.676  33.205 0.0000000000
27844  -22.953  -62.735  30.434 0.0000000000
26711  -23.919  -63.522  31.793 0.0000000000
29017  -21.876  -61.571  30.586 0.0000000000
30177  -21.505  -60.987  30.995 0.0000000000
30196  -20.847  -59.943  29.642 0.0000000000
33566  -18.028  -57.413  29.134 0.0000000000
40517  -34.931  -50.018  27.029 0.0000000000
40534  -35.086  -50.036  25.977 0.0000000000
40518  -35.683  -50.202  27.266 0.0000000000
40536  -36.374  -50.855  26.632 0.0000000000
39467  -37.135  -50.813  27.188 0.0000000000
39407  -36.563  -51.432  33.197 0.0000000000
38463  -36.563  -52.652  32.909 0.0000000000
38476  -35.996  -52.172  31.981 0.0000000000
39416  -34.648  -51.814  31.222 0.0000000000
39440  -32.804  -51.031  30.124 0.0000000000
40498  -32.365  -50.268  28.971 0.0000000000
40482  -34.050  -50.596  29.386 0.0000000000
41575  -34.121  -49.870  28.216 0.0000000000
51799  -42.611  -38.857  14.676 0.0000000000
31199  -23.887  -59.086  39.414 0.0000000000
32350  -23.999  -58.332  37.933 0.0000000000
31218  -24.791  -59.236  38.449 0.0000000000
32363  -25.568  -58.839  36.706 0.0000000000
32392  -26.832  -58.630  35.348 0.0000000000
41702  -35.721  -48.763  21.784 0.0000000000
42825  -35.193  -48.410  20.906 0.0000000000
43878  -36.109  -47.526  21.604 0.0000000000
44924  -36.034  -46.376  20.848 0.0000000000
46905  -36.600  -45.239  21.065 0.0000000000
46928  -36.251  -44.067  19.918 0.0000000000
46906  -37.259  -44.729  21.403 0.0000000000
46925  -38.478  -43.843  21.154 0.0000000000
47774  -40.109  -43.625  21.109 0.0000000000
35577  -29.370  -55.355  34.928 0.0000000000
33469  -31.038  -58.053  35.732 0.0000000000
34551  -31.544  -57.519  35.231 0.0000000000
32382  -32.823  -58.309  34.658 0.0000000000
31316  -32.471  -58.581  32.903 0.0000000000
35649  -31.768  -55.029  29.832 0.0000000000
34634  -31.427  -55.750  30.249 0.0000000000
35659  -30.120  -54.661  28.794 0.0000000000
35657  -28.265  -54.922  29.000 0.0000000000
35656  -27.281  -55.004  29.196 0.0000000000
36587  -25.810  -54.922  29.247 0.0000000000
36608  -25.994  -54.097  28.299 0.0000000000
42767  -29.300  -48.350  24.205 0.0000000000
43837  -28.968  -47.723  23.325 0.0000000000
45971  -45.269  -45.903  23.683 0.0000000000
45982  -44.971  -45.466  23.041 0.0000000000
46897  -45.624  -44.942  22.635 0.0000000000
47781  -46.674  -43.706  21.737 0.0000000000
47801  -46.939  -43.184  21.402 0.0000000000
53546  -48.318  -37.238  23.028 0.0000000000
52643  -48.084  -38.661  21.707 0.0000000000
53560  -47.896  -37.331  22.370 0.0000000000
52642  -47.241  -38.308  21.465 0.0000000000
52663  -45.360  -38.610  20.523 0.0000000000
52685  -44.361  -38.754  19.550 0.0000000000
53578  -44.763  -37.433  21.050 0.0000000000
54527  -43.966  -36.491  20.772 0.0000000000
56251  -44.000  -34.511  20.330 0.0000000000
59880  -48.015  -30.636  18.758 0.0000000000
58962  -47.033  -31.076  18.645 0.0000000000
59892  -46.877  -30.673  17.604 0.0000000000
33390  -14.823  -57.818  40.968 0.0000000000
34486  -14.025  -56.634  38.189 0.0000000000
33423  -15.512  -56.997  38.388 0.0000000000
34540  -15.629  -55.965  35.246 0.0000000000
33491  -16.822  -56.701  33.857 0.0000000000
32404  -22.385  -58.639  33.684 0.0000000000
32391  -21.721  -58.897  34.329 0.0000000000
28980  -19.807  -61.390  33.879 0.0000000000
30140  -18.121  -60.674  33.471 0.0000000000
31304  -15.678  -59.535  32.349 0.0000000000
31321  -14.088  -59.297  31.640 0.0000000000
31322  -14.975  -59.138  31.727 0.0000000000
26715  -27.345  -63.211  31.782 0.0000000000
25600  -26.088  -63.741  31.882 0.0000000000
27846  -25.138  -63.123  30.531 0.0000000000
27859  -23.841  -62.756  29.873 0.0000000000
29049  -22.401  -61.121  29.006 0.0000000000
43860  -32.381  -47.621  22.827 0.0000000000
43876  -32.308  -47.667  21.773 0.0000000000
42789  -33.011  -48.239  22.168 0.0000000000
41699  -34.042  -49.422  22.131 0.0000000000
41700  -34.645  -49.514  21.772 0.0000000000
40550  -35.157  -50.177  24.916 0.0000000000
40609  -35.195  -50.061  22.800 0.0000000000
41685  -35.260  -49.707  22.219 0.0000000000
41663  -36.403  -49.481  22.970 0.0000000000
42772  -37.283  -48.802  23.794 0.0000000000
43820  -38.138  -47.768  24.359 0.0000000000
38453  -34.733  -53.471  34.582 0.0000000000
35582  -34.744  -55.635  34.353 0.0000000000
34572  -35.887  -55.725  34.017 0.0000000000
34594  -35.581  -56.227  32.828 0.0000000000
35626  -33.897  -55.731  31.517 0.0000000000
37503  -35.644  -54.017  32.445 0.0000000000
36569  -34.450  -54.937  32.082 0.0000000000
36578  -32.559  -54.959  30.563 0.0000000000
37550  -31.027  -53.788  29.002 0.0000000000
38518  -29.963  -52.815  27.716 0.0000000000
38533  -28.771  -52.496  26.269 0.0000000000
38545  -27.804  -52.242  25.771 0.0000000000
39502  -29.043  -51.602  26.057 0.0000000000
41608  -29.425  -50.319  26.098 0.0000000000
41627  -29.868  -49.330  25.748 0.0000000000
41591  -31.401  -49.543  27.561 0.0000000000
42711  -30.670  -49.168  26.326 0.0000000000
42728  -30.496  -48.834  25.730 0.0000000000
42750  -31.098  -48.117  24.967 0.0000000000
43840  -31.613  -47.474  23.577 0.0000000000
57939  -46.828  -32.765  23.195 0.0000000000
58883  -47.712  -31.054  24.260 0.0000000000
59811  -48.048  -30.305  22.687 0.0000000000
59826  -48.665  -29.963  22.250 0.0000000000
59857  -49.255  -29.808  20.853 0.0000000000
59882  -49.702  -30.022  19.173 0.0000000000
32323  -19.640  -58.552  39.927 0.0000000000
33427  -19.294  -57.221  38.264 0.0000000000
33428  -20.381  -57.504  38.477 0.0000000000
34525  -21.591  -56.097  36.172 0.0000000000
35555  -22.768  -55.793  35.148 0.0000000000
34528  -23.894  -57.164  36.367 0.0000000000
34562  -23.558  -55.994  34.669 0.0000000000
34592  -23.048  -56.799  32.876 0.0000000000
31278  -22.911  -60.128  34.281 0.0000000000
28982  -21.648  -61.652  33.672 0.0000000000
30163  -20.583  -60.815  32.226 0.0000000000
43891  -32.213  -47.743  20.671 0.0000000000
43905  -33.078  -47.953  19.125 0.0000000000
43907  -34.623  -47.375  19.976 0.0000000000
49727  -40.255  -41.150  17.893 0.0000000000
49728  -41.282  -41.040  18.094 0.0000000000
32343  -27.431  -58.649  38.405 0.0000000000
30087  -27.790  -60.112  37.496 0.0000000000
31221  -28.669  -59.570  37.732 0.0000000000
30089  -29.467  -59.923  37.028 0.0000000000
28963  -29.935  -60.944  33.829 0.0000000000
30110  -31.430  -59.576  35.654 0.0000000000
30126  -30.524  -60.750  34.250 0.0000000000
29003  -29.486  -61.387  32.798 0.0000000000
29012  -28.224  -61.853  31.441 0.0000000000
30190  -27.632  -60.894  30.962 0.0000000000
31342  -25.971  -60.092  30.751 0.0000000000
33502  -34.374  -57.559  33.112 0.0000000000
32425  -33.089  -58.160  32.656 0.0000000000
32440  -31.494  -58.347  32.285 0.0000000000
34615  -31.277  -56.358  30.733 0.0000000000
33544  -29.951  -57.443  31.317 0.0000000000
32458  -29.421  -58.226  31.436 0.0000000000
32457  -28.673  -58.801  31.185 0.0000000000
32455  -26.341  -59.085  30.801 0.0000000000
39524  -27.019  -51.271  24.996 0.0000000000
42646  -36.498  -48.047  31.524 0.0000000000
42658  -36.750  -48.274  30.250 0.0000000000
32269  -16.194  -58.515  42.169 0.0000000000
32288  -19.024  -59.183  41.733 0.0000000000
32306  -19.867  -59.123  40.915 0.0000000000
31180  -21.349  -59.332  41.109 0.0000000000
31166  -24.226  -58.612  41.035 0.0000000000
31167  -24.889  -58.475  40.748 0.0000000000
31186  -26.034  -58.435  39.654 0.0000000000
33417  -26.480  -57.569  39.649 0.0000000000
33433  -26.815  -57.506  38.903 0.0000000000
34492  -27.175  -56.728  38.468 0.0000000000
36514  -27.683  -55.368  37.940 0.0000000000
36510  -28.852  -54.431  38.718 0.0000000000
37467  -28.678  -54.226  37.297 0.0000000000
37474  -29.548  -53.450  36.514 0.0000000000
37479  -30.764  -52.976  35.322 0.0000000000
38442  -32.195  -52.363  35.315 0.0000000000
38444  -33.868  -52.313  34.978 0.0000000000
38439  -34.703  -51.796  35.321 0.0000000000
39388  -35.395  -51.678  35.091 0.0000000000
41537  -36.307  -49.418  33.212 0.0000000000
43746  -37.241  -47.534  29.940 0.0000000000
42689  -37.608  -48.705  28.490 0.0000000000
40504  -38.688  -50.575  27.725 0.0000000000
43749  -40.288  -47.815  29.680 0.0000000000
41580  -39.832  -49.815  28.528 0.0000000000
39487  -38.872  -51.553  26.834 0.0000000000
40553  -39.098  -50.547  25.907 0.0000000000
42733  -39.311  -49.317  25.625 0.0000000000
43822  -39.837  -47.683  25.297 0.0000000000
42736  -42.169  -48.567  26.401 0.0000000000
43823  -41.034  -47.166  25.265 0.0000000000
45959  -40.498  -46.028  24.368 0.0000000000
45966  -40.421  -45.485  23.797 0.0000000000
46893  -41.067  -44.516  22.475 0.0000000000
47776  -41.646  -43.637  21.086 0.0000000000
46912  -44.143  -44.370  21.879 0.0000000000
47777  -42.629  -43.697  21.193 0.0000000000
47811  -41.711  -42.957  20.206 0.0000000000
48719  -42.027  -42.529  19.753 0.0000000000
49710  -42.136  -41.709  18.976 0.0000000000
49730  -43.282  -40.711  17.887 0.0000000000
48690  -48.062  -41.980  21.506 0.0000000000
48724  -46.784  -41.741  19.968 0.0000000000
50745  -48.047  -40.294  20.609 0.0000000000
49696  -47.269  -41.177  19.789 0.0000000000
49695  -46.299  -41.377  19.374 0.0000000000
49713  -45.550  -40.982  18.626 0.0000000000
50776  -44.776  -40.629  17.934 0.0000000000
50804  -42.941  -39.933  16.547 0.0000000000
50815  -43.074  -39.532  15.833 0.0000000000
50816  -43.667  -39.339  15.855 0.0000000000
52724  -43.655  -38.293  15.787 0.0000000000
52714  -44.084  -38.455  18.025 0.0000000000
53635  -44.014  -38.201  16.807 0.0000000000
53634  -43.398  -37.796  16.297 0.0000000000
57953  -46.261  -32.465  22.288 0.0000000000
57082  -45.201  -33.232  20.920 0.0000000000
57096  -43.545  -33.677  19.440 0.0000000000
58960  -45.363  -31.727  18.228 0.0000000000
57996  -43.793  -32.946  18.840 0.0000000000
57106  -42.500  -33.570  18.478 0.0000000000
33450  -12.952  -57.159  36.504 0.0000000000
35536  -18.547  -55.681  35.700 0.0000000000
34576  -17.864  -56.315  33.584 0.0000000000
32387  -18.592  -58.217  34.521 0.0000000000
31266  -21.409  -60.045  35.659 0.0000000000
31249  -20.654  -60.115  36.333 0.0000000000
28937  -20.410  -61.759  36.530 0.0000000000
27794  -18.114  -62.247  35.135 0.0000000000
31253  -27.829  -59.986  36.511 0.0000000000
31279  -27.858  -59.323  35.147 0.0000000000
32422  -27.066  -59.002  33.333 0.0000000000
26687  -26.129  -63.316  32.539 0.0000000000
27810  -24.829  -62.628  33.004 0.0000000000
28985  -24.399  -61.811  33.405 0.0000000000
27808  -23.062  -62.492  33.425 0.0000000000
30176  -20.744  -60.403  31.390 0.0000000000
31338  -19.224  -59.088  30.753 0.0000000000
31363  -22.317  -59.942  28.197 0.0000000000
31362  -21.370  -59.650  28.466 0.0000000000
31361  -20.653  -59.274  28.907 0.0000000000
32465  -19.496  -58.393  29.561 0.0000000000
32464  -18.744  -58.084  29.948 0.0000000000
32450  -17.261  -57.991  30.673 0.0000000000
40485  -36.240  -49.843  29.615 0.0000000000
40473  -36.215  -50.170  30.199 0.0000000000
50802  -40.701  -40.202  16.592 0.0000000000
30065  -26.584  -59.725  38.207 0.0000000000
30050  -26.743  -59.534  38.424 0.0000000000
45964  -38.277  -45.702  23.261 0.0000000000
37488  -32.513  -53.385  34.495 0.0000000000
36530  -33.142  -54.692  34.290 0.0000000000
37570  -28.393  -53.064  26.617 0.0000000000
37559  -28.122  -53.534  27.119 0.0000000000
44908  -30.897  -46.800  21.859 0.0000000000
44892  -30.212  -46.728  22.378 0.0000000000
56221  -47.362  -34.986  23.383 0.0000000000
56220  -46.791  -34.588  22.968 0.0000000000
57036  -46.941  -33.701  23.262 0.0000000000
32321  -18.095  -58.227  39.699 0.0000000000
33426  -18.076  -57.436  38.533 0.0000000000
31307  -18.616  -59.745  32.199 0.0000000000
31325  -18.006  -59.010  31.699 0.0000000000
32435  -17.095  -58.429  31.254 0.0000000000
32436  -17.849  -58.469  31.083 0.0000000000
30187  -24.852  -60.810  30.098 0.0000000000
41629  -34.547  -49.303  25.450 0.0000000000
39525  -36.461  -51.111  24.686 0.0000000000
39526  -36.977  -51.226  25.011 0.0000000000
39527  -37.726  -51.243  25.508 0.0000000000
38455  -36.580  -52.958  33.897 0.0000000000
37494  -36.734  -53.655  33.792 0.0000000000
38460  -36.709  -53.188  33.461 0.0000000000
39426  -32.709  -51.502  30.954 0.0000000000
39414  -32.677  -52.325  31.524 0.0000000000
38485  -31.003  -52.156  30.197 0.0000000000
39438  -31.150  -51.571  29.991 0.0000000000
40516  -30.464  -50.713  28.110 0.0000000000
41613  -34.212  -49.395  26.697 0.0000000000
41612  -33.025  -48.961  26.771 0.0000000000
32326  -22.759  -58.871  39.724 0.0000000000
32339  -22.635  -58.427  38.955 0.0000000000
33500  -26.431  -57.872  33.671 0.0000000000
33481  -25.785  -57.325  34.440 0.0000000000
33514  -25.916  -57.966  33.171 0.0000000000
32419  -24.662  -59.071  32.935 0.0000000000
32420  -25.602  -58.699  32.921 0.0000000000
41713  -34.548  -49.100  21.117 0.0000000000
42824  -34.574  -48.635  20.661 0.0000000000
46009  -35.237  -45.418  19.529 0.0000000000
47808  -39.203  -42.889  19.944 0.0000000000
47809  -40.200  -42.835  20.042 0.0000000000
47810  -41.133  -42.878  20.113 0.0000000000
34530  -28.242  -56.500  36.807 0.0000000000
33455  -28.703  -57.107  37.048 0.0000000000
34531  -28.902  -56.875  36.670 0.0000000000
31314  -31.170  -59.768  33.019 0.0000000000
31330  -30.369  -59.487  32.367 0.0000000000
32438  -29.658  -59.038  31.783 0.0000000000
34618  -33.491  -56.355  31.354 0.0000000000
33548  -33.177  -56.566  31.305 0.0000000000
34617  -32.742  -56.079  30.872 0.0000000000
34629  -26.449  -56.361  30.199 0.0000000000
41645  -28.220  -49.534  24.489 0.0000000000
39490  -41.086  -50.734  27.423 0.0000000000
44879  -44.576  -46.389  24.128 0.0000000000
44864  -44.704  -46.813  24.757 0.0000000000
45969  -43.329  -45.762  23.528 0.0000000000
52601  -47.863  -38.373  23.380 0.0000000000
51664  -48.061  -39.290  22.750 0.0000000000
50684  -48.186  -39.923  22.408 0.0000000000
51686  -48.369  -39.386  22.148 0.0000000000
51723  -46.177  -39.273  19.659 0.0000000000
50793  -45.912  -39.669  17.754 0.0000000000
51769  -45.746  -39.336  17.805 0.0000000000
52704  -45.347  -38.954  18.048 0.0000000000
55433  -42.657  -35.697  19.830 0.0000000000
54550  -42.525  -36.662  19.800 0.0000000000
55432  -41.947  -35.267  19.210 0.0000000000
59855  -47.883  -30.644  20.857 0.0000000000
58935  -47.516  -30.919  20.362 0.0000000000
33399  -13.658  -57.078  40.159 0.0000000000
32373  -17.107  -58.540  35.038 0.0000000000
32372  -16.195  -58.369  35.062 0.0000000000
31262  -17.434  -59.130  35.602 0.0000000000
30101  -19.095  -60.253  37.012 0.0000000000
31247  -18.742  -59.652  36.365 0.0000000000
35599  -21.385  -55.486  33.487 0.0000000000
35613  -20.810  -55.783  32.914 0.0000000000
34590  -21.215  -56.452  32.813 0.0000000000
30157  -14.422  -60.122  32.721 0.0000000000
30148  -29.255  -60.796  33.874 0.0000000000
30147  -28.742  -60.818  33.646 0.0000000000
29018  -22.312  -61.964  30.094 0.0000000000
30186  -21.397  -60.738  30.390 0.0000000000
30197  -21.230  -60.406  29.643 0.0000000000
40503  -36.262  -49.849  28.072 0.0000000000
40519  -36.564  -50.323  27.462 0.0000000000
41595  -36.987  -50.038  27.612 0.0000000000
39410  -36.418  -51.367  32.172 0.0000000000
39429  -35.451  -51.019  30.454 0.0000000000
39417  -35.439  -51.637  31.122 0.0000000000
39428  -34.790  -51.274  30.512 0.0000000000
39427  -33.795  -51.227  30.472 0.0000000000
39441  -33.392  -50.917  29.835 0.0000000000
40500  -33.958  -50.060  28.619 0.0000000000
41594  -34.173  -49.744  27.679 0.0000000000
50812  -39.794  -39.940  15.590 0.0000000000
31235  -26.494  -59.810  37.356 0.0000000000
32364  -26.187  -59.298  36.589 0.0000000000
33466  -26.266  -58.386  35.537 0.0000000000
32378  -26.431  -59.010  36.030 0.0000000000
42810  -36.026  -48.309  22.046 0.0000000000
44910  -36.813  -46.302  21.963 0.0000000000
44909  -36.408  -46.554  21.417 0.0000000000
45989  -36.389  -45.892  21.076 0.0000000000
46891  -38.929  -44.548  22.260 0.0000000000
46907  -38.366  -44.376  21.735 0.0000000000
46908  -39.543  -44.051  21.755 0.0000000000
47773  -39.133  -43.730  21.169 0.0000000000
36527  -29.743  -54.428  34.655 0.0000000000
34567  -30.722  -56.391  34.843 0.0000000000
35578  -30.260  -55.452  34.525 0.0000000000
33485  -33.167  -57.565  34.504 0.0000000000
33484  -32.638  -57.247  34.766 0.0000000000
32396  -33.243  -58.349  34.066 0.0000000000
31282  -32.743  -58.892  33.723 0.0000000000
32410  -33.283  -58.358  33.321 0.0000000000
36602  -30.820  -54.220  28.844 0.0000000000
35648  -31.032  -55.066  29.410 0.0000000000
35660  -30.571  -54.457  28.827 0.0000000000
36610  -27.865  -53.996  27.792 0.0000000000
36599  -28.555  -54.400  28.302 0.0000000000
36598  -27.560  -54.488  28.509 0.0000000000
36597  -26.472  -54.562  28.793 0.0000000000
43838  -29.688  -47.748  23.766 0.0000000000
45972  -46.107  -45.698  23.883 0.0000000000
45983  -45.785  -45.431  23.223 0.0000000000
46916  -47.281  -43.738  22.408 0.0000000000
46915  -46.970  -44.065  22.328 0.0000000000
47782  -47.295  -43.376  21.851 0.0000000000
55353  -48.211  -35.826  23.890 0.0000000000
55338  -47.976  -35.660  24.242 0.0000000000
54479  -48.196  -36.390  23.493 0.0000000000
53561  -48.269  -37.865  22.421 0.0000000000
53545  -48.184  -36.994  22.820 0.0000000000
53559  -46.858  -37.382  21.754 0.0000000000
52641  -46.258  -38.205  21.234 0.0000000000
52640  -45.662  -38.129  21.142 0.0000000000
53579  -45.340  -37.973  21.112 0.0000000000
53557  -45.302  -37.159  21.311 0.0000000000
56235  -45.492  -34.724  21.682 0.0000000000
55386  -45.147  -35.572  21.379 0.0000000000
55414  -44.450  -35.533  20.946 0.0000000000
55413  -43.655  -35.449  20.449 0.0000000000
56252  -44.396  -34.687  20.722 0.0000000000
59894  -48.565  -30.369  18.208 0.0000000000
59893  -47.818  -30.506  17.997 0.0000000000
33401  -15.516  -57.772  40.134 0.0000000000
33410  -15.226  -57.196  39.057 0.0000000000
33424  -16.096  -57.185  38.518 0.0000000000
34520  -16.788  -55.951  36.215 0.0000000000
34501  -16.209  -56.443  37.051 0.0000000000
34541  -16.226  -55.816  35.582 0.0000000000
35566  -15.911  -56.178  34.516 0.0000000000
34561  -16.561  -56.086  34.132 0.0000000000
30114  -22.169  -60.695  35.062 0.0000000000
28959  -21.378  -61.487  34.582 0.0000000000
31306  -17.697  -59.560  32.334 0.0000000000
30141  -19.123  -60.817  33.341 0.0000000000
30160  -17.414  -60.050  32.950 0.0000000000
31323  -15.933  -59.022  31.802 0.0000000000
32448  -15.385  -58.099  30.664 0.0000000000
32433  -15.168  -58.602  31.187 0.0000000000
26732  -27.236  -62.872  31.421 0.0000000000
26731  -26.581  -63.183  31.335 0.0000000000
27847  -25.914  -62.784  30.741 0.0000000000
29033  -24.215  -61.809  29.512 0.0000000000
27860  -24.634  -62.645  30.026 0.0000000000
29032  -23.461  -61.971  29.421 0.0000000000
29050  -23.137  -61.368  28.996 0.0000000000
42768  -33.137  -48.111  23.166 0.0000000000
41661  -34.254  -49.132  23.394 0.0000000000
42790  -33.613  -48.812  22.566 0.0000000000
41683  -34.180  -49.267  22.930 0.0000000000
41684  -34.706  -49.796  22.639 0.0000000000
40589  -35.541  -50.277  23.406 0.0000000000
40610  -35.789  -49.944  22.792 0.0000000000
41686  -35.892  -49.179  22.231 0.0000000000
41648  -37.447  -49.637  24.258 0.0000000000
43842  -37.656  -47.656  23.844 0.0000000000
42755  -37.982  -48.551  24.521 0.0000000000
37491  -35.218  -53.769  34.546 0.0000000000
36532  -35.099  -54.774  34.519 0.0000000000
36533  -35.848  -54.608  34.407 0.0000000000
35604  -36.657  -54.684  33.301 0.0000000000
35603  -36.395  -55.310  33.521 0.0000000000
35616  -35.423  -55.685  32.496 0.0000000000
35627  -34.782  -55.783  32.082 0.0000000000
36570  -35.096  -55.379  32.293 0.0000000000
37519  -35.826  -52.737  32.168 0.0000000000
37504  -36.194  -53.394  32.598 0.0000000000
37518  -35.469  -53.146  32.206 0.0000000000
38472  -32.592  -53.136  31.666 0.0000000000
37516  -33.410  -53.992  31.880 0.0000000000
36568  -33.178  -54.909  31.278 0.0000000000
37529  -32.081  -54.341  30.404 0.0000000000
37539  -32.001  -54.579  30.128 0.0000000000
37538  -31.554  -54.067  29.711 0.0000000000
38517  -29.438  -52.564  27.122 0.0000000000
39465  -29.622  -52.262  27.268 0.0000000000
39482  -28.956  -52.116  26.134 0.0000000000
39483  -29.293  -51.882  26.543 0.0000000000
40532  -29.576  -50.829  26.504 0.0000000000
41609  -30.035  -49.757  26.387 0.0000000000
41572  -31.831  -49.847  28.330 0.0000000000
42713  -32.276  -48.655  26.176 0.0000000000
42712  -31.297  -48.871  26.285 0.0000000000
43819  -32.375  -47.830  24.324 0.0000000000
43818  -31.754  -47.760  24.308 0.0000000000
58893  -48.007  -30.473  23.902 0.0000000000
59812  -48.482  -29.845  23.144 0.0000000000
59827  -49.236  -29.513  22.407 0.0000000000
60799  -49.875  -29.412  21.252 0.0000000000
60814  -49.888  -29.595  20.497 0.0000000000
59869  -49.415  -29.980  19.796 0.0000000000
60815  -50.286  -29.617  19.843 0.0000000000
33415  -20.436  -58.140  39.232 0.0000000000
33441  -22.457  -57.238  37.449 0.0000000000
34507  -21.772  -56.699  36.950 0.0000000000
34542  -21.898  -55.768  35.550 0.0000000000
34543  -22.411  -55.972  35.608 0.0000000000
33443  -24.146  -58.152  37.524 0.0000000000
33453  -24.415  -57.769  36.682 0.0000000000
34582  -25.048  -56.733  34.063 0.0000000000
34563  -24.178  -56.332  34.575 0.0000000000
35602  -23.972  -56.067  34.020 0.0000000000
35601  -23.504  -55.926  33.778 0.0000000000
34593  -23.809  -56.910  33.055 0.0000000000
32417  -23.128  -58.226  33.156 0.0000000000
33512  -23.539  -57.561  32.957 0.0000000000
28961  -22.795  -61.327  34.256 0.0000000000
28998  -20.770  -61.245  32.880 0.0000000000
42835  -32.972  -48.192  19.626 0.0000000000
43892  -35.259  -47.602  20.612 0.0000000000
42838  -34.778  -48.093  20.419 0.0000000000
46008  -34.576  -46.141  19.058 0.0000000000
47806  -37.245  -43.144  19.663 0.0000000000
48716  -38.746  -42.545  19.215 0.0000000000
49706  -38.676  -41.871  18.219 0.0000000000
48737  -40.305  -42.060  18.953 0.0000000000
32344  -28.187  -59.247  38.062 0.0000000000
31238  -30.008  -59.465  36.934 0.0000000000
30108  -30.116  -60.133  36.099 0.0000000000
30116  -29.936  -60.456  35.252 0.0000000000
32380  -31.604  -58.645  35.601 0.0000000000
32367  -30.914  -58.781  36.137 0.0000000000
31271  -31.794  -59.236  35.456 0.0000000000
30169  -30.557  -60.498  32.982 0.0000000000
30149  -30.609  -60.684  33.466 0.0000000000
29004  -30.183  -60.935  33.056 0.0000000000
28991  -30.039  -61.012  33.474 0.0000000000
29013  -28.912  -61.831  32.098 0.0000000000
30179  -29.407  -61.070  32.215 0.0000000000
30191  -28.217  -61.042  31.216 0.0000000000
31343  -27.085  -60.014  30.827 0.0000000000
30189  -26.683  -60.975  30.764 0.0000000000
34571  -35.278  -56.226  33.930 0.0000000000
33487  -35.130  -56.704  33.505 0.0000000000
33516  -33.616  -57.630  32.293 0.0000000000
32442  -33.122  -57.645  32.084 0.0000000000
32441  -32.422  -57.912  32.200 0.0000000000
33526  -31.773  -57.589  31.746 0.0000000000
34633  -30.630  -55.757  30.142 0.0000000000
34610  -26.030  -57.253  30.500 0.0000000000
33541  -26.741  -58.093  30.669 0.0000000000
39501  -28.643  -51.818  25.839 0.0000000000
39500  -27.588  -51.459  25.270 0.0000000000
32268  -15.156  -58.267  42.697 0.0000000000
31161  -19.844  -59.314  41.873 0.0000000000
31183  -24.017  -59.028  40.297 0.0000000000
33418  -26.786  -56.889  39.870 0.0000000000
33432  -26.560  -57.915  39.127 0.0000000000
35526  -27.371  -56.032  38.080 0.0000000000
36509  -28.097  -55.049  38.936 0.0000000000
37452  -29.996  -53.717  39.455 0.0000000000
37451  -29.392  -54.152  39.329 0.0000000000
37462  -29.528  -54.058  38.583 0.0000000000
36516  -28.950  -54.246  37.976 0.0000000000
37473  -28.811  -53.953  36.564 0.0000000000
38420  -30.797  -52.848  37.045 0.0000000000
38434  -31.030  -52.589  36.354 0.0000000000
38441  -31.443  -52.545  35.656 0.0000000000
38435  -31.773  -52.232  36.388 0.0000000000
38423  -32.963  -51.477  37.068 0.0000000000
38437  -33.471  -51.664  35.946 0.0000000000
38438  -34.189  -51.805  35.444 0.0000000000
39371  -34.283  -51.318  36.035 0.0000000000
41548  -36.468  -49.301  32.041 0.0000000000
43715  -36.883  -46.832  31.697 0.0000000000
43730  -36.965  -47.298  30.765 0.0000000000
44797  -39.125  -46.828  29.937 0.0000000000
43747  -38.094  -47.278  29.472 0.0000000000
42690  -38.498  -48.594  28.469 0.0000000000
41597  -38.168  -50.024  27.673 0.0000000000
41579  -38.854  -49.674  28.071 0.0000000000
39455  -40.557  -51.025  28.258 0.0000000000
40506  -40.145  -50.612  28.463 0.0000000000
39454  -39.587  -51.098  27.978 0.0000000000
39453  -39.077  -50.971  27.815 0.0000000000
39506  -38.971  -51.210  26.243 0.0000000000
39507  -39.476  -51.157  26.536 0.0000000000
41632  -40.516  -49.641  26.409 0.0000000000
41631  -39.544  -49.834  25.960 0.0000000000
42757  -39.552  -48.389  25.456 0.0000000000
43806  -44.010  -47.553  25.750 0.0000000000
43824  -42.043  -47.108  25.177 0.0000000000
44860  -40.626  -46.639  24.803 0.0000000000
45960  -41.092  -46.149  24.439 0.0000000000
45967  -41.471  -45.688  23.943 0.0000000000
46910  -41.906  -44.145  21.796 0.0000000000
46896  -44.594  -44.910  22.487 0.0000000000
47778  -43.678  -43.779  21.303 0.0000000000
47797  -43.226  -43.294  20.660 0.0000000000
47796  -42.239  -43.163  20.431 0.0000000000
48700  -42.790  -42.849  20.163 0.0000000000
49729  -42.402  -40.888  18.079 0.0000000000
49669  -48.254  -41.206  21.410 0.0000000000
48705  -47.989  -41.690  20.939 0.0000000000
48704  -47.218  -42.374  20.802 0.0000000000
49678  -47.696  -41.578  20.538 0.0000000000
52666  -47.832  -39.456  20.945 0.0000000000
51702  -48.143  -39.686  21.208 0.0000000000
51726  -47.859  -39.878  20.518 0.0000000000
49715  -46.880  -40.450  19.034 0.0000000000
50762  -47.359  -40.382  19.519 0.0000000000
50790  -43.816  -40.354  17.306 0.0000000000
50805  -43.974  -39.762  16.457 0.0000000000
51782  -44.255  -39.289  16.180 0.0000000000
51792  -44.304  -39.065  16.060 0.0000000000
51791  -43.703  -38.886  15.583 0.0000000000
52725  -44.231  -38.825  16.075 0.0000000000
52703  -44.589  -38.776  18.452 0.0000000000
52702  -43.666  -38.523  18.814 0.0000000000
53623  -43.718  -38.170  17.405 0.0000000000
52719  -43.868  -38.231  16.226 0.0000000000
57985  -45.940  -31.943  20.808 0.0000000000
57968  -45.667  -32.757  21.345 0.0000000000
57984  -45.292  -32.648  20.483 0.0000000000
57097  -44.265  -33.414  19.851 0.0000000000
57983  -44.746  -32.915  19.976 0.0000000000
58973  -46.043  -31.270  17.811 0.0000000000
58961  -46.185  -31.473  18.495 0.0000000000
58021  -43.846  -32.235  17.851 0.0000000000
57107  -43.220  -33.355  18.817 0.0000000000
34499  -14.250  -56.436  37.332 0.0000000000
34498  -13.390  -56.561  37.521 0.0000000000
34517  -13.599  -56.578  36.607 0.0000000000
31244  -15.861  -59.492  36.120 0.0000000000
28928  -18.746  -61.454  38.112 0.0000000000
27767  -18.996  -63.211  36.282 0.0000000000
26670  -18.386  -63.254  36.169 0.0000000000
27780  -16.682  -62.649  35.549 0.0000000000
34523  -19.832  -56.123  36.526 0.0000000000
34522  -18.894  -56.087  36.508 0.0000000000
35537  -19.518  -55.701  35.783 0.0000000000
34578  -19.513  -56.895  33.144 0.0000000000
35596  -18.388  -55.793  33.658 0.0000000000
33494  -19.010  -57.214  33.462 0.0000000000
33493  -18.121  -56.963  33.527 0.0000000000
33479  -19.185  -57.835  33.995 0.0000000000
30113  -21.715  -60.761  35.512 0.0000000000
31276  -21.298  -59.246  34.922 0.0000000000
28945  -21.209  -61.389  35.426 0.0000000000
28956  -18.473  -61.780  34.645 0.0000000000
28938  -20.889  -61.407  36.106 0.0000000000
28943  -19.848  -62.047  35.432 0.0000000000
30103  -20.754  -60.964  36.678 0.0000000000
27783  -19.649  -62.280  35.645 0.0000000000
27769  -19.995  -62.255  36.137 0.0000000000
32431  -13.576  -59.118  31.072 0.0000000000
31320  -13.207  -59.553  31.429 0.0000000000
30106  -28.176  -60.143  36.907 0.0000000000
31293  -28.353  -59.904  33.859 0.0000000000
32394  -27.942  -59.304  34.203 0.0000000000
32393  -27.501  -58.915  34.842 0.0000000000
31292  -27.753  -59.688  33.536 0.0000000000
25598  -25.370  -63.777  31.808 0.0000000000
26697  -25.648  -63.665  32.223 0.0000000000
26710  -23.346  -63.156  32.092 0.0000000000
26685  -24.392  -63.146  32.841 0.0000000000
26684  -23.992  -63.130  33.011 0.0000000000
28986  -25.373  -61.781  32.941 0.0000000000
27809  -23.897  -62.723  33.277 0.0000000000
29010  -21.622  -61.465  31.563 0.0000000000
31327  -19.843  -59.698  31.213 0.0000000000
31377  -21.901  -59.341  27.868 0.0000000000
32475  -21.307  -58.882  27.864 0.0000000000
33568  -19.617  -57.724  28.310 0.0000000000
32474  -20.499  -58.557  28.321 0.0000000000
32466  -20.196  -58.740  29.071 0.0000000000
33558  -19.274  -57.821  29.007 0.0000000000
34625  -17.591  -57.353  29.167 0.0000000000
33557  -18.584  -57.705  29.420 0.0000000000
33556  -17.649  -57.466  29.506 0.0000000000
32451  -18.304  -58.253  30.510 0.0000000000
33537  -17.443  -57.658  30.089 0.0000000000
41576  -36.159  -49.740  28.500 0.0000000000
39430  -35.845  -50.709  30.379 0.0000000000
40471  -34.906  -50.839  29.869 0.0000000000
50801  -39.511  -40.567  16.682 0.0000000000
51787  -40.428  -39.486  14.937 0.0000000000
31201  -25.661  -59.298  39.155 0.0000000000
31219  -25.576  -59.487  38.538 0.0000000000
30064  -26.009  -59.578  38.529 0.0000000000
30085  -26.196  -59.742  38.111 0.0000000000
43903  -31.663  -47.261  20.045 0.0000000000
43862  -36.973  -47.522  23.053 0.0000000000
45974  -37.275  -45.750  22.257 0.0000000000
45991  -37.538  -45.071  21.951 0.0000000000
45975  -38.179  -45.102  22.432 0.0000000000
45976  -39.112  -44.971  22.914 0.0000000000
37487  -31.323  -53.628  34.501 0.0000000000
35579  -31.372  -55.633  34.355 0.0000000000
35580  -32.558  -55.727  34.333 0.0000000000
34570  -34.110  -56.540  34.239 0.0000000000
36612  -29.673  -53.748  27.856 0.0000000000
36600  -29.468  -54.259  28.246 0.0000000000
37568  -26.604  -53.122  26.814 0.0000000000
43858  -30.383  -47.060  23.010 0.0000000000
43857  -29.538  -47.173  22.926 0.0000000000
55370  -47.783  -35.697  23.398 0.0000000000
54498  -47.816  -36.630  22.679 0.0000000000
54477  -47.697  -36.202  22.880 0.0000000000
55369  -47.176  -35.608  22.860 0.0000000000
55388  -46.649  -35.910  22.338 0.0000000000
54495  -45.423  -36.579  21.435 0.0000000000
56219  -46.121  -34.627  22.274 0.0000000000
57048  -45.787  -34.023  21.952 0.0000000000
33402  -16.592  -58.187  40.403 0.0000000000
33425  -17.040  -57.414  38.591 0.0000000000
34502  -17.250  -56.492  37.091 0.0000000000
34521  -17.892  -56.036  36.403 0.0000000000
28997  -20.128  -61.196  33.223 0.0000000000
30142  -19.688  -61.019  33.201 0.0000000000
29020  -26.341  -61.913  30.684 0.0000000000
29019  -25.471  -62.046  30.321 0.0000000000
30199  -24.876  -61.495  29.988 0.0000000000
30210  -23.734  -60.728  28.907 0.0000000000
42752  -33.133  -48.067  24.325 0.0000000000
42753  -34.054  -48.659  24.261 0.0000000000
42754  -34.484  -49.126  24.128 0.0000000000
40552  -36.181  -51.113  25.926 0.0000000000
40591  -37.019  -50.306  24.000 0.0000000000
37483  -35.727  -52.932  34.502 0.0000000000
36534  -36.501  -54.282  34.118 0.0000000000
36535  -36.817  -54.269  33.602 0.0000000000
36556  -36.216  -54.430  32.745 0.0000000000
38474  -34.605  -52.642  31.896 0.0000000000
39413  -32.141  -52.590  31.437 0.0000000000
38471  -31.796  -52.963  31.265 0.0000000000
38498  -31.141  -53.219  29.665 0.0000000000
38486  -31.284  -52.725  30.477 0.0000000000
38497  -30.860  -52.348  29.683 0.0000000000
41592  -32.369  -49.398  27.599 0.0000000000
42730  -32.705  -48.261  25.402 0.0000000000
32325  -21.682  -58.616  39.527 0.0000000000
32338  -22.084  -58.220  38.871 0.0000000000
33430  -22.553  -57.933  38.390 0.0000000000
33464  -24.751  -57.421  35.885 0.0000000000
34546  -24.891  -57.227  35.566 0.0000000000
33498  -24.930  -56.979  33.491 0.0000000000
32418  -23.873  -58.451  33.007 0.0000000000
33513  -24.719  -57.649  33.049 0.0000000000
31291  -24.302  -59.977  33.278 0.0000000000
28984  -23.429  -61.774  33.871 0.0000000000
42808  -33.534  -48.897  21.658 0.0000000000
42822  -32.941  -48.289  20.210 0.0000000000
42823  -33.760  -48.755  20.693 0.0000000000
47792  -38.582  -43.429  20.587 0.0000000000
47807  -38.188  -42.974  19.842 0.0000000000
48736  -39.238  -42.088  18.629 0.0000000000
48738  -41.332  -42.048  19.238 0.0000000000
33445  -28.447  -57.700  37.512 0.0000000000
32354  -28.577  -58.774  37.782 0.0000000000
33446  -29.046  -58.220  37.406 0.0000000000
32355  -29.485  -58.738  37.270 0.0000000000
31255  -30.621  -59.352  36.403 0.0000000000
31281  -32.443  -59.238  34.347 0.0000000000
30128  -31.905  -59.836  34.454 0.0000000000
31294  -31.476  -59.902  33.475 0.0000000000
30170  -30.917  -60.351  33.295 0.0000000000
31312  -29.937  -60.388  32.418 0.0000000000
31329  -29.573  -60.186  32.109 0.0000000000
33518  -34.892  -56.731  32.489 0.0000000000
33517  -34.278  -57.380  32.490 0.0000000000
33546  -31.974  -56.885  31.239 0.0000000000
35646  -28.944  -55.410  29.527 0.0000000000
34632  -29.618  -55.899  30.167 0.0000000000
34631  -28.585  -56.096  30.156 0.0000000000
34612  -28.222  -56.974  30.525 0.0000000000
33542  -27.884  -57.959  30.697 0.0000000000
34473  -27.090  -56.271  40.239 0.0000000000
35506  -27.367  -55.594  40.510 0.0000000000
37463  -30.208  -53.583  38.502 0.0000000000
37464  -30.912  -53.142  38.413 0.0000000000
39350  -34.204  -50.808  36.969 0.0000000000
44763  -37.981  -46.389  32.037 0.0000000000
44783  -38.309  -46.463  31.063 0.0000000000
44784  -39.240  -46.623  30.868 0.0000000000
44798  -39.636  -47.229  29.851 0.0000000000
39442  -40.984  -50.785  28.558 0.0000000000
39471  -40.561  -51.162  27.700 0.0000000000
40537  -40.314  -50.865  26.882 0.0000000000
41614  -40.811  -50.085  26.762 0.0000000000
41633  -41.309  -49.079  26.465 0.0000000000
43827  -44.672  -47.097  25.351 0.0000000000
43826  -43.916  -47.208  25.180 0.0000000000
44862  -42.831  -46.635  24.592 0.0000000000
44877  -42.682  -46.102  24.044 0.0000000000
44876  -42.099  -45.920  24.050 0.0000000000
45968  -42.440  -45.661  23.629 0.0000000000
45980  -42.935  -45.266  23.065 0.0000000000
46895  -43.495  -44.834  22.454 0.0000000000
47780  -45.807  -43.801  21.573 0.0000000000
47779  -44.750  -43.790  21.446 0.0000000000
48720  -43.102  -42.462  19.776 0.0000000000
48721  -44.057  -42.356  19.767 0.0000000000
49693  -44.325  -41.759  19.232 0.0000000000
50710  -48.264  -40.559  22.049 0.0000000000
51724  -46.992  -39.462  20.010 0.0000000000
51725  -47.535  -39.667  20.322 0.0000000000
51771  -46.800  -39.816  18.950 0.0000000000
50779  -46.906  -40.040  18.874 0.0000000000
50778  -46.312  -40.089  18.228 0.0000000000
50792  -45.520  -39.759  17.384 0.0000000000
50806  -44.818  -39.557  16.735 0.0000000000
50807  -45.195  -39.364  16.929 0.0000000000
52721  -45.091  -39.059  16.842 0.0000000000
53576  -43.045  -37.298  20.139 0.0000000000
52683  -43.010  -38.080  19.641 0.0000000000
53595  -42.779  -37.604  19.692 0.0000000000
53594  -42.218  -37.602  18.979 0.0000000000
53608  -41.984  -37.450  18.285 0.0000000000
58905  -47.367  -30.771  22.463 0.0000000000
58904  -46.649  -31.384  22.020 0.0000000000
58919  -46.705  -31.414  21.056 0.0000000000
57999  -45.849  -31.946  20.078 0.0000000000
59904  -45.101  -30.911  16.605 0.0000000000
58986  -44.750  -31.377  16.943 0.0000000000
34484  -12.377  -56.804  38.601 0.0000000000
33474  -14.992  -56.843  34.857 0.0000000000
33462  -14.529  -57.172  35.219 0.0000000000
32371  -15.281  -58.098  35.124 0.0000000000
31260  -15.517  -58.837  35.582 0.0000000000
30099  -17.252  -59.923  36.694 0.0000000000
30081  -18.371  -60.729  37.517 0.0000000000
30100  -18.068  -60.091  36.884 0.0000000000
27768  -19.520  -62.902  36.512 0.0000000000
35552  -20.178  -55.401  35.071 0.0000000000
35598  -20.379  -55.477  33.511 0.0000000000
35612  -20.054  -55.796  33.070 0.0000000000
33495  -20.048  -57.551  33.523 0.0000000000
28979  -18.823  -61.307  34.044 0.0000000000
28978  -17.778  -61.176  34.054 0.0000000000
28955  -17.417  -61.669  34.582 0.0000000000
30136  -14.041  -60.587  33.204 0.0000000000
30156  -13.555  -60.240  32.504 0.0000000000
31319  -12.727  -59.978  31.587 0.0000000000
31270  -28.441  -59.901  35.877 0.0000000000
30124  -28.988  -60.347  34.272 0.0000000000
28988  -27.353  -61.824  33.004 0.0000000000
26728  -23.897  -63.449  30.905 0.0000000000
26727  -23.332  -63.236  31.350 0.0000000000
27831  -22.256  -62.225  31.118 0.0000000000
27821  -22.263  -62.218  32.112 0.0000000000
30185  -20.804  -60.066  30.198 0.0000000000
34643  -18.647  -57.144  28.190 0.0000000000
33567  -18.702  -57.421  28.715 0.0000000000
40535  -35.664  -50.551  26.359 0.0000000000
39485  -37.087  -51.137  26.895 0.0000000000
40480  -32.126  -50.741  29.655 0.0000000000
40481  -32.987  -50.680  29.433 0.0000000000
40499  -33.287  -50.231  28.811 0.0000000000
41574  -33.620  -49.813  28.237 0.0000000000
51797  -40.846  -39.094  14.334 0.0000000000
32340  -23.641  -58.671  38.668 0.0000000000
31217  -24.168  -59.029  38.754 0.0000000000
32341  -24.328  -58.918  38.418 0.0000000000
32351  -24.631  -58.681  37.659 0.0000000000
31233  -25.129  -59.223  37.784 0.0000000000
32352  -25.282  -59.133  37.435 0.0000000000
33454  -25.085  -58.196  36.480 0.0000000000
32377  -25.910  -58.529  35.958 0.0000000000
33482  -26.615  -58.117  34.713 0.0000000000
41701  -35.281  -49.094  21.473 0.0000000000
42809  -35.641  -48.331  21.489 0.0000000000
43877  -35.612  -47.809  21.113 0.0000000000
43893  -35.852  -47.111  20.966 0.0000000000
44894  -36.623  -46.941  21.935 0.0000000000
46000  -35.960  -45.598  20.455 0.0000000000
46010  -35.923  -44.734  20.026 0.0000000000
46923  -36.720  -44.405  20.585 0.0000000000
46924  -37.789  -43.964  21.042 0.0000000000
35556  -28.408  -55.451  35.826 0.0000000000
33467  -29.777  -57.050  36.102 0.0000000000
34549  -30.118  -56.785  35.551 0.0000000000
34550  -30.953  -57.214  35.332 0.0000000000
34568  -31.908  -56.831  34.754 0.0000000000
33471  -32.658  -58.114  34.878 0.0000000000
32395  -32.625  -58.781  34.645 0.0000000000
31315  -31.960  -58.970  33.082 0.0000000000
32423  -31.567  -58.916  32.741 0.0000000000
34635  -31.925  -55.546  30.245 0.0000000000
35658  -29.239  -54.822  28.856 0.0000000000
35655  -26.459  -55.109  29.372 0.0000000000
36596  -25.334  -54.442  28.783 0.0000000000
37547  -24.551  -54.068  28.374 0.0000000000
42748  -29.014  -48.783  24.419 0.0000000000
42766  -28.683  -48.450  23.859 0.0000000000
42788  -28.391  -48.076  23.223 0.0000000000
43856  -28.597  -47.349  22.717 0.0000000000
44880  -45.424  -46.323  24.354 0.0000000000
46898  -46.403  -44.819  22.943 0.0000000000
46914  -46.229  -44.356  22.177 0.0000000000
47800  -46.353  -43.178  21.166 0.0000000000
52621  -48.343  -38.271  22.482 0.0000000000
52664  -46.603  -38.917  20.660 0.0000000000
52686  -45.302  -39.128  19.110 0.0000000000
52662  -44.113  -38.227  20.346 0.0000000000
54528  -44.719  -36.318  21.160 0.0000000000
55412  -43.127  -35.782  20.163 0.0000000000
56266  -43.344  -34.729  19.986 0.0000000000
59868  -48.528  -30.467  19.544 0.0000000000
58949  -47.803  -30.770  19.529 0.0000000000
59879  -47.452  -30.724  18.259 0.0000000000
59891  -45.843  -31.005  17.145 0.0000000000
33400  -14.353  -57.269  39.901 0.0000000000
33409  -14.502  -57.061  39.191 0.0000000000
34487  -14.933  -56.735  38.113 0.0000000000
34518  -14.524  -56.341  36.443 0.0000000000
34488  -15.775  -56.782  37.851 0.0000000000
34500  -15.199  -56.411  37.163 0.0000000000
34539  -14.713  -56.445  35.533 0.0000000000
34559  -15.393  -56.420  34.794 0.0000000000
33476  -16.533  -57.125  34.115 0.0000000000
32385  -16.829  -57.877  34.540 0.0000000000
33497  -21.837  -57.861  33.334 0.0000000000
32403  -21.499  -58.304  33.819 0.0000000000
31277  -22.193  -59.763  34.700 0.0000000000
31267  -21.925  -60.302  35.296 0.0000000000
27825  -28.260  -62.674  32.346 0.0000000000
27824  -27.813  -63.060  32.360 0.0000000000
26714  -26.314  -63.631  31.757 0.0000000000
26713  -25.891  -63.693  31.612 0.0000000000
26729  -24.823  -63.535  30.892 0.0000000000
27861  -25.198  -62.598  30.294 0.0000000000
26741  -24.516  -63.124  30.306 0.0000000000
26740  -24.150  -63.262  30.418 0.0000000000
27858  -23.219  -62.401  29.734 0.0000000000
29031  -22.742  -61.872  29.550 0.0000000000
29048  -21.927  -60.872  29.023 0.0000000000
43859  -31.391  -47.129  22.577 0.0000000000
41647  -34.740  -49.569  24.439 0.0000000000
40571  -35.122  -50.158  23.943 0.0000000000
40588  -34.979  -50.094  23.162 0.0000000000
42791  -36.517  -48.488  22.734 0.0000000000
42771  -36.823  -48.961  23.264 0.0000000000
42792  -37.026  -48.289  23.338 0.0000000000
43843  -38.316  -47.275  24.262 0.0000000000
37490  -34.570  -54.018  34.555 0.0000000000
36531  -34.203  -54.813  34.455 0.0000000000
35583  -35.615  -55.433  34.273 0.0000000000
34583  -35.589  -56.315  33.391 0.0000000000
35584  -36.300  -55.253  34.074 0.0000000000
34595  -36.040  -55.822  33.293 0.0000000000
34604  -35.031  -56.265  32.324 0.0000000000
34619  -33.949  -56.266  31.505 0.0000000000
35634  -33.118  -55.687  31.056 0.0000000000
37505  -36.701  -53.630  33.091 0.0000000000
36557  -36.632  -54.192  32.992 0.0000000000
37502  -35.278  -54.332  32.383 0.0000000000
37517  -34.699  -53.829  32.245 0.0000000000
36579  -33.021  -55.309  31.016 0.0000000000
36589  -31.917  -54.754  29.991 0.0000000000
36588  -31.355  -54.482  29.450 0.0000000000
38508  -31.084  -53.518  29.231 0.0000000000
37549  -30.462  -53.531  28.385 0.0000000000
37562  -29.968  -53.488  27.904 0.0000000000
37561  -29.370  -53.181  27.237 0.0000000000
37571  -28.956  -52.963  26.773 0.0000000000
38546  -28.351  -52.361  25.944 0.0000000000
39484  -29.699  -51.295  26.944 0.0000000000
40549  -29.058  -51.006  25.981 0.0000000000
41626  -29.169  -49.715  25.448 0.0000000000
41571  -31.002  -49.995  28.174 0.0000000000
41610  -30.944  -49.345  26.831 0.0000000000
42727  -29.816  -49.062  25.437 0.0000000000
42749  -29.838  -48.470  24.759 0.0000000000
43816  -30.261  -47.818  24.117 0.0000000000
43817  -30.866  -47.763  24.266 0.0000000000
57940  -47.353  -31.958  23.767 0.0000000000
58892  -47.641  -30.785  23.406 0.0000000000
59825  -48.073  -30.415  21.931 0.0000000000
59842  -48.672  -30.134  21.420 0.0000000000
59843  -49.280  -29.675  21.710 0.0000000000
59856  -48.450  -30.387  20.490 0.0000000000
59881  -49.214  -30.256  18.824 0.0000000000
60829  -49.595  -30.074  18.518 0.0000000000
60830  -50.131  -29.908  18.811 0.0000000000
60844  -49.342  -30.054  17.906 0.0000000000
33414  -19.492  -57.942  39.145 0.0000000000
33439  -20.309  -56.917  37.744 0.0000000000
34505  -20.144  -56.513  37.139 0.0000000000
33440  -21.241  -57.085  37.746 0.0000000000
34506  -20.964  -56.572  37.039 0.0000000000
35539  -21.013  -55.829  35.981 0.0000000000
35553  -21.282  -55.545  35.312 0.0000000000
35573  -21.907  -55.418  34.324 0.0000000000
35600  -22.537  -55.720  33.424 0.0000000000
33442  -23.496  -57.894  37.784 0.0000000000
33452  -23.456  -57.267  36.877 0.0000000000
34545  -24.260  -56.921  35.711 0.0000000000
34527  -23.427  -56.796  36.234 0.0000000000
34544  -23.306  -56.183  35.363 0.0000000000
35574  -22.989  -55.684  34.502 0.0000000000
34579  -22.717  -56.212  32.959 0.0000000000
33511  -22.537  -57.548  33.000 0.0000000000
31289  -22.853  -59.496  33.958 0.0000000000
30122  -22.629  -60.694  34.592 0.0000000000
31290  -23.522  -59.923  33.769 0.0000000000
28960  -22.172  -61.355  34.541 0.0000000000
31352  -24.287  -59.986  29.314 0.0000000000
43904  -32.459  -47.788  19.590 0.0000000000
43913  -32.530  -47.433  18.664 0.0000000000
44939  -34.290  -46.910  19.144 0.0000000000
49707  -39.043  -41.704  18.047 0.0000000000
49726  -39.236  -41.155  17.496 0.0000000000
50786  -39.864  -40.858  17.389 0.0000000000
50788  -41.562  -40.467  17.387 0.0000000000
32329  -26.863  -58.875  38.740 0.0000000000
31203  -27.130  -59.337  38.452 0.0000000000
31220  -27.882  -59.557  38.120 0.0000000000
30067  -28.216  -59.960  37.767 0.0000000000
30088  -28.581  -60.065  37.251 0.0000000000
31236  -29.052  -59.221  37.562 0.0000000000
31222  -29.068  -59.726  37.439 0.0000000000
30107  -29.056  -60.093  36.291 0.0000000000
30125  -29.662  -60.723  34.226 0.0000000000
28990  -29.329  -61.231  33.418 0.0000000000
33457  -30.266  -58.157  36.402 0.0000000000
30109  -30.941  -59.838  35.946 0.0000000000
30127  -31.410  -60.350  34.530 0.0000000000
30117  -30.836  -60.385  35.288 0.0000000000
27815  -29.106  -61.786  32.908 0.0000000000
27835  -28.642  -62.345  32.252 0.0000000000
27833  -27.822  -62.649  31.588 0.0000000000
29011  -27.751  -62.226  31.334 0.0000000000
30178  -28.862  -60.930  31.611 0.0000000000
29022  -27.898  -61.412  31.144 0.0000000000
29021  -27.386  -61.812  31.053 0.0000000000
31341  -25.065  -60.170  30.400 0.0000000000
33486  -34.332  -57.247  33.713 0.0000000000
32411  -33.871  -57.943  32.902 0.0000000000
32424  -32.188  -58.480  32.648 0.0000000000
34616  -32.074  -56.251  30.698 0.0000000000
34614  -30.306  -56.516  30.760 0.0000000000
33545  -31.035  -57.081  31.315 0.0000000000
33525  -30.817  -57.880  31.794 0.0000000000
32439  -30.560  -58.668  32.117 0.0000000000
32456  -27.513  -59.001  30.833 0.0000000000
32454  -25.271  -59.207  30.589 0.0000000000
32453  -24.542  -59.483  30.037 0.0000000000
41660  -28.008  -48.961  23.850 0.0000000000
33379  -15.268  -58.204  41.780 0.0000000000
33391  -15.868  -58.227  41.125 0.0000000000
32285  -16.355  -58.392  41.396 0.0000000000
33392  -16.430  -58.343  41.043 0.0000000000
32303  -17.116  -58.376  40.566 0.0000000000
32304  -17.775  -58.457  40.399 0.0000000000
32305  -18.807  -58.859  40.679 0.0000000000
32324  -20.597  -58.696  39.881 0.0000000000
31179  -20.571  -59.313  41.259 0.0000000000
32307  -20.990  -59.113  40.506 0.0000000000
32309  -22.461  -59.101  40.388 0.0000000000
31182  -23.028  -58.979  40.409 0.0000000000
31184  -24.879  -59.003  40.199 0.0000000000
31185  -25.549  -58.526  40.107 0.0000000000
32328  -26.449  -58.317  39.154 0.0000000000
32342  -26.757  -58.155  38.843 0.0000000000
33444  -27.556  -57.667  38.091 0.0000000000
34480  -27.079  -56.491  39.445 0.0000000000
34508  -27.748  -56.794  37.539 0.0000000000
35540  -27.653  -56.000  37.259 0.0000000000
35541  -27.988  -55.645  36.584 0.0000000000
36515  -28.243  -54.674  37.811 0.0000000000
36520  -28.206  -54.708  36.652 0.0000000000
36522  -28.636  -54.459  35.685 0.0000000000
36523  -29.170  -54.088  35.231 0.0000000000
37478  -29.753  -53.477  35.407 0.0000000000
37469  -30.306  -53.250  37.440 0.0000000000
37475  -30.301  -52.994  36.344 0.0000000000
37486  -30.412  -53.718  34.658 0.0000000000
37480  -31.607  -52.871  34.941 0.0000000000
38450  -32.784  -52.638  34.852 0.0000000000
38422  -32.202  -51.994  37.321 0.0000000000
38436  -32.580  -51.881  36.232 0.0000000000
38443  -33.050  -52.162  35.262 0.0000000000
38451  -33.383  -52.891  34.689 0.0000000000
38452  -34.210  -53.219  34.606 0.0000000000
38445  -34.767  -52.757  34.707 0.0000000000
37482  -35.358  -53.141  34.555 0.0000000000
38446  -35.243  -52.217  34.869 0.0000000000
38447  -35.768  -52.248  34.654 0.0000000000
38454  -36.222  -52.223  34.317 0.0000000000
40410  -35.638  -50.139  36.009 0.0000000000
39400  -36.234  -51.219  34.245 0.0000000000
40455  -36.359  -50.410  33.668 0.0000000000
42672  -37.170  -48.298  29.168 0.0000000000
43731  -37.651  -46.824  30.354 0.0000000000
41596  -37.479  -49.965  27.632 0.0000000000
39468  -37.661  -51.076  27.188 0.0000000000
39486  -37.902  -51.511  26.766 0.0000000000
44785  -39.923  -47.053  30.478 0.0000000000
42674  -40.781  -48.462  29.567 0.0000000000
43767  -39.914  -48.391  29.021 0.0000000000
42691  -39.487  -48.892  28.630 0.0000000000
39469  -38.676  -51.217  27.423 0.0000000000
39505  -38.147  -51.566  26.155 0.0000000000
39528  -38.314  -51.319  25.808 0.0000000000
40575  -38.365  -50.726  25.504 0.0000000000
41630  -38.883  -49.850  25.541 0.0000000000
42756  -38.984  -48.724  25.303 0.0000000000
43821  -38.781  -47.641  24.696 0.0000000000
44858  -38.821  -46.866  24.365 0.0000000000
42715  -42.082  -49.088  26.880 0.0000000000
42735  -41.159  -48.500  26.004 0.0000000000
43804  -42.171  -47.788  25.715 0.0000000000
43803  -41.409  -47.691  25.567 0.0000000000
43802  -40.651  -47.946  25.601 0.0000000000
44859  -39.624  -46.705  24.592 0.0000000000
44875  -39.141  -46.274  24.229 0.0000000000
45977  -40.189  -44.918  23.141 0.0000000000
45978  -41.265  -45.070  23.213 0.0000000000
46909  -40.745  -43.965  21.664 0.0000000000
47775  -40.905  -43.562  20.966 0.0000000000
46911  -43.025  -44.298  21.828 0.0000000000
47795  -41.383  -43.261  20.534 0.0000000000
48739  -41.845  -42.091  19.341 0.0000000000
49691  -42.654  -42.161  19.469 0.0000000000
50789  -42.657  -40.377  17.306 0.0000000000
48723  -46.156  -42.025  19.919 0.0000000000
50763  -47.695  -40.165  20.037 0.0000000000
49697  -47.748  -40.608  20.086 0.0000000000
49694  -45.366  -41.593  19.255 0.0000000000
49712  -44.604  -41.201  18.589 0.0000000000
50775  -44.005  -40.784  18.088 0.0000000000
51790  -43.151  -39.168  15.292 0.0000000000
51800  -43.123  -38.780  15.008 0.0000000000
52715  -44.603  -38.539  17.489 0.0000000000
53610  -43.590  -38.338  18.153 0.0000000000
57952  -45.849  -33.334  21.896 0.0000000000
57065  -45.274  -33.838  21.298 0.0000000000
57081  -44.645  -33.712  20.511 0.0000000000
57080  -43.966  -34.009  20.015 0.0000000000
58948  -47.166  -31.194  19.515 0.0000000000
58947  -46.275  -31.622  19.331 0.0000000000
58012  -45.040  -32.149  18.868 0.0000000000
58959  -44.846  -31.771  17.836 0.0000000000
58011  -44.392  -32.256  18.326 0.0000000000
57997  -44.437  -32.780  19.282 0.0000000000
57095  -42.858  -33.862  19.036 0.0000000000
56276  -42.397  -34.225  18.944 0.0000000000
34471  -13.600  -56.938  39.684 0.0000000000
34485  -13.205  -56.640  38.378 0.0000000000
32369  -13.867  -57.589  35.654 0.0000000000
26655  -18.064  -63.739  36.566 0.0000000000
26657  -19.475  -63.384  37.327 0.0000000000
26656  -18.989  -63.625  36.892 0.0000000000
34491  -18.513  -56.886  37.892 0.0000000000
35535  -17.589  -55.669  35.590 0.0000000000
35551  -19.166  -55.394  34.963 0.0000000000
35550  -18.197  -55.484  34.897 0.0000000000
35569  -17.848  -55.589  34.228 0.0000000000
33492  -17.264  -56.798  33.727 0.0000000000
33477  -17.449  -57.423  33.994 0.0000000000
32374  -18.021  -58.630  35.097 0.0000000000
33496  -21.104  -57.683  33.373 0.0000000000
32402  -20.793  -58.161  33.864 0.0000000000
32389  -20.239  -58.517  34.435 0.0000000000
30104  -21.276  -60.846  36.018 0.0000000000
31265  -20.424  -59.305  35.459 0.0000000000
32376  -19.665  -58.843  35.051 0.0000000000
31264  -19.325  -59.233  35.707 0.0000000000
30084  -20.402  -61.468  36.963 0.0000000000
27782  -18.838  -62.784  35.746 0.0000000000
27793  -17.049  -62.162  35.066 0.0000000000
27792  -15.970  -62.084  35.017 0.0000000000
30066  -27.353  -59.860  38.040 0.0000000000
30105  -27.485  -60.135  37.100 0.0000000000
31269  -27.635  -59.484  35.721 0.0000000000
31268  -26.970  -59.365  35.999 0.0000000000
33483  -27.181  -58.465  34.281 0.0000000000
32407  -26.869  -58.365  33.616 0.0000000000
26688  -26.876  -63.248  32.483 0.0000000000
27812  -26.742  -62.741  32.768 0.0000000000
26696  -24.711  -63.588  32.233 0.0000000000
27811  -25.785  -62.699  32.800 0.0000000000
29001  -26.821  -61.237  32.916 0.0000000000
29000  -26.046  -61.178  32.852 0.0000000000
30145  -25.486  -61.053  32.920 0.0000000000
31310  -26.175  -59.543  32.893 0.0000000000
30144  -24.894  -60.770  33.116 0.0000000000
27807  -22.340  -62.167  33.099 0.0000000000
28999  -21.612  -61.666  32.596 0.0000000000
29009  -21.068  -61.125  32.138 0.0000000000
30175  -19.904  -59.973  31.708 0.0000000000
31337  -18.502  -58.871  31.131 0.0000000000
30209  -22.805  -60.647  28.576 0.0000000000
30208  -22.034  -60.497  28.663 0.0000000000
30207  -21.515  -60.482  29.035 0.0000000000
31351  -20.963  -59.897  29.182 0.0000000000
31350  -20.356  -59.360  29.650 0.0000000000
31349  -19.658  -58.996  30.141 0.0000000000
32452  -19.097  -58.542  30.196 0.0000000000
33536  -16.502  -57.595  30.132 0.0000000000
25599  -26.003  -63.758  32.049 0.0000000000
25611  -25.267  -63.674  31.388 0.0000000000
25612  -25.730  -63.747  31.663 0.0000000000
25613  -25.951  -63.803  31.877 0.0000000000
25623  -25.105  -63.599  31.038 0.0000000000
25624  -25.506  -63.674  31.423 0.0000000000
26686  -25.251  -63.266  32.646 0.0000000000
26694  -23.365  -63.078  32.473 0.0000000000
26695  -23.758  -63.193  32.647 0.0000000000
26698  -26.345  -63.632  32.146 0.0000000000
26699  -27.235  -63.345  32.224 0.0000000000
26700  -27.793  -63.134  32.170 0.0000000000
26716  -28.030  -62.978  31.954 0.0000000000
26730  -25.666  -63.526  31.258 0.0000000000
27761  -19.973  -62.331  36.782 0.0000000000
27784  -20.011  -62.161  35.797 0.0000000000
27796  -19.437  -62.101  35.309 0.0000000000
27813  -27.729  -62.713  32.692 0.0000000000
27823  -23.404  -62.875  33.052 0.0000000000
27826  -28.809  -62.046  32.545 0.0000000000
27832  -22.791  -62.826  31.615 0.0000000000
27834  -28.412  -62.500  31.931 0.0000000000
27843  -22.316  -62.172  30.525 0.0000000000
27845  -23.695  -63.114  30.356 0.0000000000
27849  -27.431  -62.460  31.300 0.0000000000
28929  -19.661  -62.011  37.971 0.0000000000
28930  -20.102  -61.923  37.190 0.0000000000
28944  -20.293  -61.915  35.631 0.0000000000
28946  -21.784  -61.181  35.083 0.0000000000
28962  -29.687  -60.941  33.783 0.0000000000
28987  -26.370  -61.982  32.858 0.0000000000
29002  -27.325  -61.133  33.055 0.0000000000
30049  -26.207  -59.471  38.644 0.0000000000
30068  -28.790  -59.854  37.489 0.0000000000
30082  -19.426  -60.963  37.605 0.0000000000
30102  -20.053  -60.492  36.997 0.0000000000
30118  -31.678  -59.874  35.211 0.0000000000
30119  -32.095  -59.602  34.769 0.0000000000
30123  -23.234  -60.807  34.158 0.0000000000
30151  -31.676  -60.074  34.101 0.0000000000
30164  -25.201  -60.183  32.935 0.0000000000
30165  -25.670  -60.403  32.862 0.0000000000
30166  -26.524  -60.437  32.877 0.0000000000
30167  -27.166  -60.633  32.997 0.0000000000
31246  -17.784  -59.576  36.253 0.0000000000
31248  -19.761  -59.764  36.402 0.0000000000
31250  -21.057  -60.482  36.215 0.0000000000
31251  -26.068  -59.430  36.891 0.0000000000
31256  -31.241  -59.255  35.902 0.0000000000
31261  -16.484  -59.036  35.550 0.0000000000
31275  -20.776  -58.931  34.807 0.0000000000
31296  -32.585  -58.735  33.237 0.0000000000
31300  -12.892  -60.111  31.862 0.0000000000
31301  -13.173  -60.004  31.922 0.0000000000
31308  -24.880  -59.923  32.996 0.0000000000
31309  -25.374  -59.621  32.881 0.0000000000
31311  -27.117  -59.656  33.145 0.0000000000
32322  -18.707  -58.361  39.812 0.0000000000
32327  -23.393  -58.958  39.421 0.0000000000
32356  -29.820  -59.163  37.140 0.0000000000
32359  -12.618  -57.651  36.779 0.0000000000
32366  -30.248  -58.830  36.734 0.0000000000
32370  -14.306  -58.154  35.570 0.0000000000
32375  -18.895  -58.768  35.091 0.0000000000
32379  -27.117  -59.035  35.601 0.0000000000
32381  -32.337  -58.629  35.117 0.0000000000
32386  -17.720  -58.047  34.516 0.0000000000
32388  -19.387  -58.385  34.522 0.0000000000
32390  -21.071  -58.665  34.371 0.0000000000
32405  -23.287  -58.990  33.453 0.0000000000
32408  -27.405  -58.858  33.711 0.0000000000
32409  -27.878  -59.423  33.820 0.0000000000
32421  -26.581  -58.629  33.252 0.0000000000
32426  -33.761  -57.789  32.581 0.0000000000
32473  -19.837  -58.216  28.868 0.0000000000
33389  -13.661  -57.256  40.956 0.0000000000
33403  -17.214  -58.283  40.224 0.0000000000
33438  -19.762  -56.782  37.647 0.0000000000
33451  -22.989  -56.928  36.731 0.0000000000
33456  -29.436  -57.604  36.767 0.0000000000
33458  -30.611  -58.481  36.252 0.0000000000
33461  -13.669  -56.979  35.800 0.0000000000
33463  -14.854  -57.648  35.116 0.0000000000
33468  -30.283  -57.492  35.993 0.0000000000
33470  -32.169  -57.843  35.131 0.0000000000
33475  -15.422  -57.188  34.677 0.0000000000
33478  -18.340  -57.618  33.961 0.0000000000
33501  -27.003  -58.209  33.956 0.0000000000
33510  -21.613  -57.193  32.949 0.0000000000
33524  -30.054  -58.234  31.744 0.0000000000
33529  -34.395  -56.829  32.033 0.0000000000
33530  -34.729  -56.567  32.186 0.0000000000
33538  -18.157  -57.757  29.928 0.0000000000
34472  -26.796  -56.396  40.509 0.0000000000
34478  -13.898  -56.845  39.050 0.0000000000
34479  -14.520  -56.896  38.726 0.0000000000
34490  -17.643  -56.924  37.886 0.0000000000
34497  -12.643  -56.808  37.753 0.0000000000
34504  -19.254  -56.556  37.345 0.0000000000
34516  -12.891  -56.758  37.036 0.0000000000
34519  -15.577  -56.099  36.171 0.0000000000
34524  -20.675  -56.137  36.465 0.0000000000
34529  -27.849  -56.428  37.176 0.0000000000
34548  -29.108  -56.419  35.937 0.0000000000
34558  -14.843  -56.681  35.037 0.0000000000
34560  -16.190  -56.466  34.275 0.0000000000
34565  -29.304  -55.887  35.318 0.0000000000
34566  -29.807  -56.069  35.141 0.0000000000
34574  -16.603  -56.633  33.970 0.0000000000
34575  -16.952  -56.298  33.872 0.0000000000
34577  -18.979  -56.366  33.248 0.0000000000
34580  -23.336  -56.289  33.218 0.0000000000
34584  -35.993  -55.798  33.710 0.0000000000
34588  -19.605  -55.988  33.036 0.0000000000
34589  -20.110  -56.455  32.935 0.0000000000
34603  -34.455  -56.341  31.872 0.0000000000
34624  -17.081  -57.283  29.217 0.0000000000
34642  -17.735  -57.264  28.896 0.0000000000
35547  -15.872  -55.971  34.717 0.0000000000
35548  -16.408  -55.725  34.897 0.0000000000
35549  -17.292  -55.579  34.858 0.0000000000
35554  -22.239  -55.602  35.087 0.0000000000
35557  -28.963  -55.663  35.399 0.0000000000
35567  -16.283  -55.981  34.415 0.0000000000
35568  -16.964  -55.816  34.265 0.0000000000
35570  -18.784  -55.424  34.176 0.0000000000
35571  -19.788  -55.321  34.199 0.0000000000
35575  -23.663  -55.959  34.288 0.0000000000
35576  -28.790  -55.119  35.262 0.0000000000
35595  -17.569  -55.878  33.818 0.0000000000
35614  -21.760  -55.876  32.881 0.0000000000
35615  -22.337  -56.001  32.884 0.0000000000
35617  -36.180  -55.274  32.922 0.0000000000
35618  -36.527  -54.668  32.982 0.0000000000
35625  -33.306  -55.465  31.198 0.0000000000
35635  -33.649  -56.050  31.325 0.0000000000
36508  -27.606  -55.556  38.492 0.0000000000
36519  -27.822  -55.221  37.204 0.0000000000
36526  -29.072  -54.669  35.054 0.0000000000
36543  -36.796  -54.134  33.284 0.0000000000
36554  -35.023  -54.524  32.322 0.0000000000
36567  -32.518  -54.577  30.819 0.0000000000
36613  -29.980  -53.726  28.016 0.0000000000
37477  -29.069  -53.764  35.825 0.0000000000
37481  -35.144  -53.266  34.581 0.0000000000
37514  -31.668  -53.338  30.855 0.0000000000
37528  -31.612  -53.647  30.364 0.0000000000
37548  -25.333  -53.903  28.195 0.0000000000
37572  -29.168  -52.935  26.928 0.0000000000
38405  -31.351  -52.734  38.180 0.0000000000
38464  -36.746  -53.368  33.222 0.0000000000
38534  -29.159  -52.675  26.793 0.0000000000
39370  -33.927  -51.450  36.033 0.0000000000
39424  -31.207  -52.090  30.469 0.0000000000
39443  -41.178  -50.877  28.474 0.0000000000
39470  -39.689  -51.296  27.522 0.0000000000
39489  -40.644  -50.956  27.330 0.0000000000
40479  -31.578  -51.011  29.781 0.0000000000
40486  -40.851  -50.561  28.687 0.0000000000
40505  -39.369  -50.542  28.095 0.0000000000
40520  -37.273  -50.508  27.370 0.0000000000
40521  -37.980  -50.610  27.446 0.0000000000
40538  -40.887  -50.492  27.069 0.0000000000
40555  -40.450  -50.421  26.706 0.0000000000
40608  -34.942  -50.063  22.823 0.0000000000
41560  -36.272  -49.552  28.838 0.0000000000
41578  -37.865  -49.332  27.978 0.0000000000
41581  -40.589  -49.959  28.856 0.0000000000
41616  -42.064  -49.474  27.274 0.0000000000
42673  -37.909  -48.014  28.758 0.0000000000
42692  -40.450  -48.941  29.071 0.0000000000
42770  -34.298  -49.005  23.737 0.0000000000
43748  -39.180  -47.410  29.382 0.0000000000
43765  -38.581  -47.775  28.892 0.0000000000
45958  -39.775  -45.934  24.226 0.0000000000
48699  -42.368  -42.838  20.119 0.0000000000
51751  -47.637  -39.908  20.079 0.0000000000
51779  -45.855  -39.530  17.739 0.0000000000
51784  -45.222  -39.205  16.823 0.0000000000
52684  -43.391  -38.227  19.830 0.0000000000
52701  -43.065  -38.203  19.303 0.0000000000
53558  -45.751  -37.439  21.371 0.0000000000
53577  -43.497  -37.576  20.303 0.0000000000
53596  -43.138  -37.877  20.023 0.0000000000
53624  -44.289  -38.273  17.030 0.0000000000
55434  -43.181  -35.406  20.115 0.0000000000
56264  -42.178  -34.636  19.083 0.0000000000
57064  -44.811  -34.244  20.901 0.0000000000
58946  -45.653  -31.837  18.896 0.0000000000
58963  -47.520  -30.928  19.105 0.0000000000
58972  -45.252  -31.417  17.350 0.0000000000
58974  -46.553  -31.136  18.138 0.0000000000
59841  -48.122  -30.488  21.223 0.0000000000
59870  -49.909  -29.874  19.375 0.0000000000
