#!ascii label  , from subject msSRGRS20160210 vox2ras=TkReg
1226
80601  -39.334  -8.300  10.235 0.0000000000
78232  -49.575  -10.337  -3.646 0.0000000000
85641  -39.803  -1.472  4.316 0.0000000000
76470  -45.329  -12.623  4.498 0.0000000000
74623  -46.509  -14.727  10.719 0.0000000000
82417  -48.725  -5.469  7.874 0.0000000000
88071  -45.578  1.187  -2.544 0.0000000000
92089  -40.143  7.201  -4.070 0.0000000000
72831  -38.439  -16.494  14.244 0.0000000000
78146  -42.091  -10.342  7.137 0.0000000000
79773  -45.125  -8.176  4.871 0.0000000000
79751  -44.313  -8.382  10.363 0.0000000000
90038  -39.657  4.023  1.700 0.0000000000
86473  -42.202  -0.130  0.563 0.0000000000
89397  -40.391  3.495  -1.597 0.0000000000
90072  -41.560  4.744  -5.389 0.0000000000
91408  -43.305  6.697  -2.826 0.0000000000
81620  -49.304  -6.848  -1.224 0.0000000000
84839  -36.123  -2.579  10.433 0.0000000000
84852  -41.251  -2.323  9.676 0.0000000000
76487  -50.315  -12.753  5.128 0.0000000000
74666  -45.682  -14.287  6.744 0.0000000000
75528  -40.460  -13.413  7.568 0.0000000000
72883  -39.717  -16.475  10.550 0.0000000000
80675  -49.684  -7.564  2.427 0.0000000000
83306  -48.934  -4.037  3.855 0.0000000000
87192  -45.651  0.086  8.560 0.0000000000
87220  -48.661  0.764  4.621 0.0000000000
86464  -47.508  -0.434  0.887 0.0000000000
86536  -45.039  -0.322  -5.222 0.0000000000
88774  -40.408  2.507  -5.937 0.0000000000
78931  -41.623  -10.043  9.948 0.0000000000
78938  -43.429  -9.328  9.086 0.0000000000
80619  -41.695  -7.742  9.936 0.0000000000
90678  -41.010  5.349  1.215 0.0000000000
89390  -40.118  3.464  -0.395 0.0000000000
90688  -41.688  5.662  -0.018 0.0000000000
90705  -41.581  5.790  -2.199 0.0000000000
79841  -50.089  -8.567  -2.489 0.0000000000
86353  -34.266  0.019  12.005 0.0000000000
86356  -36.877  -0.074  11.934 0.0000000000
74632  -45.752  -15.137  9.009 0.0000000000
74654  -43.327  -14.650  7.137 0.0000000000
73753  -43.418  -15.576  8.612 0.0000000000
72857  -38.563  -16.666  12.337 0.0000000000
77283  -35.414  -11.588  11.186 0.0000000000
80594  -33.745  -7.634  10.642 0.0000000000
78910  -32.695  -9.475  11.837 0.0000000000
76503  -46.825  -12.248  2.216 0.0000000000
81554  -45.917  -6.632  6.737 0.0000000000
80659  -47.569  -7.798  3.462 0.0000000000
81561  -48.843  -6.009  5.274 0.0000000000
82430  -50.164  -5.803  3.971 0.0000000000
83301  -49.532  -4.531  5.722 0.0000000000
87188  -41.826  0.038  9.063 0.0000000000
85594  -43.932  -1.097  10.138 0.0000000000
85632  -42.528  -1.958  5.487 0.0000000000
87271  -44.313  0.441  -0.524 0.0000000000
86463  -45.449  0.028  1.885 0.0000000000
87258  -46.688  1.188  0.440 0.0000000000
86454  -48.923  0.524  2.432 0.0000000000
88058  -47.628  1.346  -1.554 0.0000000000
86510  -47.367  0.055  -2.592 0.0000000000
88095  -44.748  1.190  -4.542 0.0000000000
91433  -41.034  6.418  -5.686 0.0000000000
90086  -40.994  4.567  -6.887 0.0000000000
90727  -39.680  5.942  -5.616 0.0000000000
89417  -38.994  4.147  -4.629 0.0000000000
91415  -38.766  6.357  -3.657 0.0000000000
77329  -43.313  -11.387  5.471 0.0000000000
78158  -44.851  -10.470  4.401 0.0000000000
78951  -43.058  -9.600  6.057 0.0000000000
80636  -44.954  -7.791  7.802 0.0000000000
80624  -46.778  -7.577  9.752 0.0000000000
88010  -38.979  0.863  2.099 0.0000000000
86446  -41.292  -0.768  2.212 0.0000000000
87251  -40.129  1.076  0.484 0.0000000000
87282  -40.621  1.309  -1.052 0.0000000000
88068  -42.121  1.197  -2.835 0.0000000000
88768  -42.850  2.161  -4.966 0.0000000000
89413  -40.973  3.659  -3.721 0.0000000000
90721  -41.366  5.665  -4.531 0.0000000000
92091  -41.900  7.110  -3.872 0.0000000000
81609  -48.369  -5.959  -0.283 0.0000000000
82393  -36.754  -5.529  8.523 0.0000000000
82409  -39.471  -5.100  7.780 0.0000000000
84841  -38.644  -2.165  10.502 0.0000000000
87161  -39.766  0.503  10.600 0.0000000000
85606  -38.859  -1.399  7.253 0.0000000000
86419  -36.912  -0.237  5.271 0.0000000000
86433  -38.191  -0.090  3.623 0.0000000000
75564  -47.846  -13.419  4.299 0.0000000000
75543  -48.219  -13.442  6.731 0.0000000000
75549  -45.698  -13.284  5.046 0.0000000000
75539  -43.309  -13.330  6.127 0.0000000000
76451  -41.274  -12.345  6.993 0.0000000000
74603  -44.497  -14.827  12.874 0.0000000000
73674  -40.790  -15.494  14.833 0.0000000000
73694  -41.628  -15.660  13.212 0.0000000000
73716  -42.297  -16.224  11.180 0.0000000000
73749  -39.848  -15.260  8.638 0.0000000000
78922  -37.976  -9.611  10.849 0.0000000000
77391  -49.781  -11.304  -1.912 0.0000000000
78169  -46.404  -10.120  2.878 0.0000000000
78991  -48.824  -9.543  0.427 0.0000000000
79010  -50.330  -9.454  -1.429 0.0000000000
80700  -50.567  -7.437  -0.390 0.0000000000
82455  -50.556  -5.361  0.905 0.0000000000
83324  -48.675  -4.219  1.716 0.0000000000
82412  -42.232  -5.254  7.776 0.0000000000
83294  -44.933  -4.550  8.063 0.0000000000
84111  -47.706  -4.138  8.241 0.0000000000
85655  -44.218  -1.325  3.608 0.0000000000
87207  -46.767  0.040  6.283 0.0000000000
84874  -49.077  -2.328  6.723 0.0000000000
84881  -48.554  -2.212  4.912 0.0000000000
84886  -47.656  -2.121  2.657 0.0000000000
84891  -46.991  -2.061  1.791 0.0000000000
88784  -42.529  2.646  -6.499 0.0000000000
87327  -41.640  1.330  -6.501 0.0000000000
86523  -40.881  -0.773  -5.286 0.0000000000
87310  -39.651  0.491  -4.714 0.0000000000
88750  -38.463  2.364  -3.233 0.0000000000
79747  -40.834  -8.934  10.685 0.0000000000
79748  -41.868  -8.843  10.654 0.0000000000
80618  -40.826  -7.720  9.682 0.0000000000
90679  -41.627  5.704  0.942 0.0000000000
90689  -42.461  6.151  -0.290 0.0000000000
79035  -49.929  -9.785  -3.107 0.0000000000
74633  -46.462  -14.791  9.516 0.0000000000
73754  -44.354  -15.440  8.618 0.0000000000
73743  -43.944  -15.730  9.656 0.0000000000
76416  -34.598  -12.415  11.166 0.0000000000
78122  -33.871  -10.494  11.586 0.0000000000
75575  -46.782  -12.937  3.044 0.0000000000
76496  -45.967  -12.119  3.323 0.0000000000
82415  -47.462  -5.946  7.478 0.0000000000
81556  -47.354  -5.945  5.983 0.0000000000
82422  -48.625  -5.400  6.915 0.0000000000
82427  -49.239  -5.232  5.934 0.0000000000
82423  -49.348  -5.034  7.254 0.0000000000
85630  -40.483  -1.851  5.414 0.0000000000
86402  -42.373  -0.865  7.982 0.0000000000
85642  -40.868  -1.697  4.407 0.0000000000
88055  -44.924  0.910  -1.868 0.0000000000
87272  -45.449  0.821  -0.509 0.0000000000
88043  -46.224  1.373  -0.876 0.0000000000
88045  -47.968  1.624  -0.267 0.0000000000
88057  -46.553  1.404  -1.637 0.0000000000
88073  -47.408  0.985  -2.901 0.0000000000
88084  -45.784  1.165  -3.684 0.0000000000
92098  -40.596  7.042  -4.592 0.0000000000
91432  -40.419  6.438  -5.556 0.0000000000
91426  -39.900  6.717  -4.834 0.0000000000
91425  -39.150  6.472  -4.357 0.0000000000
91416  -39.385  6.890  -3.944 0.0000000000
78149  -42.326  -10.688  6.340 0.0000000000
78152  -43.505  -10.489  5.360 0.0000000000
78946  -42.530  -9.917  6.739 0.0000000000
78934  -43.995  -8.865  10.138 0.0000000000
79761  -43.686  -8.999  8.499 0.0000000000
79757  -44.690  -8.653  9.867 0.0000000000
80632  -46.032  -7.809  8.950 0.0000000000
79753  -45.967  -8.058  10.209 0.0000000000
88722  -39.216  2.321  1.121 0.0000000000
87237  -39.998  0.615  1.071 0.0000000000
88729  -39.697  2.463  0.350 0.0000000000
90052  -40.516  4.354  -1.103 0.0000000000
88737  -40.206  2.570  -1.101 0.0000000000
88053  -40.624  1.730  -1.650 0.0000000000
87296  -41.631  0.911  -2.085 0.0000000000
88066  -40.782  2.155  -2.521 0.0000000000
88080  -41.746  1.871  -3.481 0.0000000000
89405  -40.619  3.566  -2.665 0.0000000000
91407  -42.324  6.318  -2.615 0.0000000000
90713  -41.547  5.835  -3.278 0.0000000000
91417  -42.053  6.586  -3.626 0.0000000000
91418  -43.149  7.163  -3.363 0.0000000000
81615  -48.958  -6.353  -0.889 0.0000000000
84095  -36.313  -3.834  9.452 0.0000000000
84102  -37.705  -3.964  8.787 0.0000000000
84092  -37.268  -2.891  9.951 0.0000000000
87976  -37.303  1.052  11.092 0.0000000000
86358  -38.177  -0.071  11.689 0.0000000000
87171  -38.602  0.610  9.905 0.0000000000
86387  -40.042  -0.178  9.014 0.0000000000
86398  -38.342  -0.998  7.852 0.0000000000
87205  -36.244  0.663  5.833 0.0000000000
86425  -37.233  -0.095  4.671 0.0000000000
88004  -37.698  1.226  3.914 0.0000000000
88005  -38.068  1.263  3.209 0.0000000000
88707  -38.043  2.097  3.685 0.0000000000
75577  -48.773  -13.368  3.441 0.0000000000
75565  -49.235  -13.088  4.679 0.0000000000
75533  -48.763  -13.254  7.781 0.0000000000
75542  -46.743  -13.853  6.410 0.0000000000
75541  -45.305  -13.832  6.009 0.0000000000
75547  -43.869  -13.030  5.745 0.0000000000
74665  -44.790  -14.306  6.608 0.0000000000
74653  -42.202  -14.321  7.143 0.0000000000
75530  -41.993  -13.566  6.810 0.0000000000
76450  -40.598  -12.421  7.478 0.0000000000
72832  -39.266  -16.207  13.931 0.0000000000
72845  -39.895  -16.350  12.715 0.0000000000
72860  -40.751  -16.396  11.824 0.0000000000
73706  -42.509  -15.720  12.371 0.0000000000
72885  -41.261  -16.428  10.442 0.0000000000
72897  -41.527  -16.270  9.800 0.0000000000
73738  -39.453  -15.797  9.142 0.0000000000
80599  -36.881  -8.006  9.918 0.0000000000
79742  -35.490  -8.505  10.351 0.0000000000
76532  -49.137  -12.264  -1.668 0.0000000000
78956  -45.160  -9.583  4.248 0.0000000000
78168  -45.934  -10.390  3.252 0.0000000000
79776  -45.666  -8.571  4.245 0.0000000000
80674  -48.436  -7.864  2.776 0.0000000000
79799  -47.899  -8.527  2.467 0.0000000000
79809  -49.140  -8.570  1.187 0.0000000000
79000  -49.824  -9.530  -0.546 0.0000000000
79818  -50.080  -8.530  0.185 0.0000000000
79826  -50.448  -8.415  -0.870 0.0000000000
80688  -50.632  -7.386  1.565 0.0000000000
82432  -49.854  -5.072  4.047 0.0000000000
82440  -50.764  -5.683  2.487 0.0000000000
83311  -49.803  -4.577  2.269 0.0000000000
83325  -49.960  -4.808  1.118 0.0000000000
83310  -48.978  -4.092  2.847 0.0000000000
84105  -40.153  -3.436  8.656 0.0000000000
82411  -41.233  -5.311  7.694 0.0000000000
84115  -41.595  -3.794  7.982 0.0000000000
86379  -45.238  -0.343  9.711 0.0000000000
84109  -44.179  -2.690  8.475 0.0000000000
84862  -45.374  -1.875  8.630 0.0000000000
83295  -46.008  -4.247  8.038 0.0000000000
85601  -46.340  -1.271  8.489 0.0000000000
87239  -41.283  -0.122  0.907 0.0000000000
85662  -41.998  -1.212  2.744 0.0000000000
86448  -43.274  -0.768  2.137 0.0000000000
87218  -47.451  0.734  3.934 0.0000000000
86438  -46.091  -0.259  3.480 0.0000000000
87213  -47.858  0.480  5.450 0.0000000000
86406  -47.911  -0.554  7.265 0.0000000000
86417  -48.462  -0.436  6.065 0.0000000000
84878  -49.016  -2.401  5.900 0.0000000000
86423  -48.711  -0.128  5.113 0.0000000000
86479  -48.534  0.425  1.153 0.0000000000
86453  -48.444  -0.236  2.432 0.0000000000
85667  -47.686  -1.083  2.166 0.0000000000
85670  -47.331  -0.965  1.479 0.0000000000
85669  -46.648  -1.230  0.845 0.0000000000
86477  -47.245  -0.329  0.068 0.0000000000
86526  -46.424  -0.261  -4.208 0.0000000000
86509  -46.599  -0.584  -2.978 0.0000000000
88767  -42.049  3.090  -5.109 0.0000000000
88777  -42.552  2.947  -5.970 0.0000000000
89428  -42.468  3.880  -6.305 0.0000000000
89435  -40.637  4.166  -6.680 0.0000000000
88782  -41.552  2.675  -6.842 0.0000000000
88775  -40.931  2.542  -6.492 0.0000000000
87318  -41.240  0.787  -6.083 0.0000000000
87317  -40.457  0.664  -5.491 0.0000000000
86522  -40.311  -0.410  -5.157 0.0000000000
88765  -39.789  2.559  -5.271 0.0000000000
90065  -38.348  4.844  -3.778 0.0000000000
89411  -38.627  3.642  -3.825 0.0000000000
89410  -38.098  4.229  -3.363 0.0000000000
89403  -37.761  3.574  -2.747 0.0000000000
78139  -41.914  -10.093  8.810 0.0000000000
78937  -42.544  -9.724  8.593 0.0000000000
78932  -42.330  -9.785  9.655 0.0000000000
78926  -42.553  -9.237  10.395 0.0000000000
80605  -43.008  -8.025  10.359 0.0000000000
89381  -39.677  3.386  0.735 0.0000000000
89382  -40.041  4.010  0.271 0.0000000000
90045  -40.455  4.456  -0.098 0.0000000000
90059  -40.651  4.363  -2.169 0.0000000000
90696  -41.796  5.723  -1.098 0.0000000000
90697  -42.594  6.226  -1.103 0.0000000000
80711  -49.662  -8.017  -2.315 0.0000000000
85574  -35.074  -1.330  11.249 0.0000000000
85575  -36.008  -1.269  11.383 0.0000000000
86354  -35.219  0.031  12.103 0.0000000000
74644  -45.702  -14.950  8.085 0.0000000000
74655  -44.308  -14.767  7.180 0.0000000000
73761  -44.715  -15.173  7.848 0.0000000000
73759  -42.871  -15.164  7.771 0.0000000000
73758  -41.988  -15.097  7.822 0.0000000000
72843  -38.473  -16.548  13.266 0.0000000000
72880  -37.048  -16.433  10.519 0.0000000000
78124  -35.928  -10.612  11.229 0.0000000000
78919  -35.111  -9.087  10.757 0.0000000000
78912  -34.439  -9.465  11.130 0.0000000000
79737  -33.709  -8.547  11.025 0.0000000000
80644  -45.310  -7.332  5.647 0.0000000000
80647  -45.593  -7.815  4.739 0.0000000000
80645  -46.150  -6.887  5.312 0.0000000000
81564  -47.484  -6.641  4.805 0.0000000000
80650  -48.606  -6.712  4.183 0.0000000000
80661  -50.013  -6.875  3.184 0.0000000000
81562  -49.515  -5.849  4.894 0.0000000000
82429  -49.806  -5.360  4.613 0.0000000000
83304  -49.416  -4.429  4.646 0.0000000000
85582  -42.026  -0.674  10.730 0.0000000000
84853  -42.429  -1.712  9.940 0.0000000000
87164  -43.083  0.175  10.257 0.0000000000
86391  -43.688  -0.221  8.295 0.0000000000
86404  -44.280  -0.468  7.646 0.0000000000
87255  -43.534  0.079  0.170 0.0000000000
86475  -43.646  -0.216  0.880 0.0000000000
87256  -44.630  0.223  0.475 0.0000000000
87241  -45.996  0.504  1.325 0.0000000000
87232  -47.779  1.280  2.638 0.0000000000
87226  -49.250  0.928  3.782 0.0000000000
88023  -48.784  1.236  2.282 0.0000000000
88046  -48.510  1.440  0.116 0.0000000000
87274  -48.642  0.816  -0.211 0.0000000000
86500  -47.636  0.249  -1.640 0.0000000000
87299  -47.719  0.729  -2.215 0.0000000000
87304  -47.042  0.415  -3.685 0.0000000000
88107  -45.211  0.545  -5.087 0.0000000000
90729  -41.415  5.737  -5.943 0.0000000000
90078  -42.000  4.531  -6.464 0.0000000000
90728  -40.614  6.014  -6.121 0.0000000000
90736  -40.168  5.431  -6.255 0.0000000000
90077  -39.536  4.766  -5.670 0.0000000000
89418  -39.331  3.604  -4.911 0.0000000000
90076  -39.255  5.344  -5.319 0.0000000000
90718  -38.729  5.779  -4.290 0.0000000000
90711  -38.204  5.599  -3.283 0.0000000000
76469  -44.670  -12.367  4.845 0.0000000000
77337  -45.208  -11.351  4.080 0.0000000000
78153  -44.225  -10.474  4.905 0.0000000000
78952  -43.880  -9.565  5.354 0.0000000000
79772  -44.466  -8.525  5.401 0.0000000000
78947  -42.925  -9.215  7.203 0.0000000000
79768  -43.484  -8.696  6.777 0.0000000000
80640  -44.646  -7.672  6.722 0.0000000000
80641  -45.323  -7.158  7.101 0.0000000000
80638  -46.484  -7.253  8.531 0.0000000000
81546  -47.480  -6.661  8.772 0.0000000000
86444  -39.311  -0.170  2.508 0.0000000000
86436  -40.507  -1.064  2.780 0.0000000000
86445  -40.152  -0.295  2.004 0.0000000000
86457  -40.438  0.030  1.300 0.0000000000
87252  -40.623  0.822  0.156 0.0000000000
88041  -39.887  2.034  0.031 0.0000000000
88042  -40.253  1.632  -0.432 0.0000000000
87268  -41.349  0.616  -0.598 0.0000000000
87284  -41.925  0.573  -1.388 0.0000000000
87297  -42.498  0.707  -2.145 0.0000000000
88069  -43.090  0.983  -2.892 0.0000000000
88082  -43.611  1.321  -3.639 0.0000000000
88081  -42.661  1.580  -3.711 0.0000000000
88766  -41.706  3.258  -4.635 0.0000000000
89419  -41.566  3.764  -4.738 0.0000000000
90712  -40.979  5.184  -2.723 0.0000000000
90720  -41.125  5.175  -3.657 0.0000000000
91428  -41.323  6.508  -4.892 0.0000000000
92100  -41.457  6.873  -4.507 0.0000000000
92090  -40.978  7.228  -4.003 0.0000000000
80628  -38.365  -7.123  8.882 0.0000000000
80629  -39.324  -7.338  8.911 0.0000000000
82395  -38.608  -5.407  8.015 0.0000000000
84104  -39.174  -3.560  8.657 0.0000000000
84851  -40.161  -2.463  9.851 0.0000000000
85577  -37.670  -1.305  11.313 0.0000000000
85585  -39.156  -1.515  10.901 0.0000000000
85580  -40.481  -0.759  10.943 0.0000000000
87162  -40.907  0.328  10.387 0.0000000000
85607  -39.840  -1.450  7.369 0.0000000000
85629  -39.519  -1.655  5.455 0.0000000000
86397  -37.235  -0.909  7.179 0.0000000000
85627  -37.836  -1.266  5.697 0.0000000000
85639  -38.083  -1.092  4.799 0.0000000000
86434  -38.751  -0.353  3.170 0.0000000000
87223  -38.353  0.487  3.077 0.0000000000
88721  -38.626  2.015  1.916 0.0000000000
89375  -39.026  3.109  2.037 0.0000000000
75576  -47.632  -13.285  3.228 0.0000000000
75563  -46.522  -13.147  4.021 0.0000000000
76461  -49.759  -12.666  7.103 0.0000000000
76486  -49.705  -12.773  5.611 0.0000000000
75551  -47.979  -13.405  5.508 0.0000000000
75550  -46.945  -13.485  5.050 0.0000000000
76468  -43.831  -12.305  5.396 0.0000000000
76467  -43.136  -12.046  5.642 0.0000000000
77324  -42.096  -11.555  6.319 0.0000000000
74663  -42.886  -13.971  6.622 0.0000000000
76458  -41.897  -12.352  6.489 0.0000000000
77323  -41.547  -11.543  6.899 0.0000000000
77312  -40.727  -10.901  8.315 0.0000000000
74586  -41.919  -14.818  14.942 0.0000000000
73682  -39.994  -16.059  13.585 0.0000000000
73683  -40.776  -15.656  13.893 0.0000000000
73695  -42.715  -15.157  13.511 0.0000000000
73707  -43.626  -15.286  12.599 0.0000000000
73717  -43.336  -15.753  11.490 0.0000000000
73728  -43.932  -15.746  10.723 0.0000000000
73742  -42.935  -15.946  9.413 0.0000000000
73751  -41.443  -15.458  8.399 0.0000000000
74642  -40.318  -14.757  8.245 0.0000000000
79745  -38.663  -8.756  10.547 0.0000000000
80615  -37.543  -7.473  9.353 0.0000000000
81522  -35.831  -6.505  8.899 0.0000000000
83267  -35.105  -4.920  9.409 0.0000000000
84089  -34.558  -3.737  10.241 0.0000000000
75621  -48.913  -12.888  -2.114 0.0000000000
76542  -49.281  -12.040  -2.377 0.0000000000
77399  -49.627  -11.067  -2.954 0.0000000000
77345  -45.750  -11.379  3.367 0.0000000000
78176  -46.250  -10.682  2.816 0.0000000000
79788  -46.791  -8.638  3.246 0.0000000000
78975  -47.559  -9.420  2.079 0.0000000000
78192  -48.112  -10.597  0.176 0.0000000000
78201  -49.132  -10.510  -0.773 0.0000000000
78211  -50.057  -10.273  -1.645 0.0000000000
78225  -50.087  -10.221  -2.750 0.0000000000
79024  -50.300  -9.424  -2.424 0.0000000000
80706  -50.223  -7.689  -1.226 0.0000000000
81617  -50.252  -6.706  -0.770 0.0000000000
81585  -50.985  -6.449  2.091 0.0000000000
82472  -50.754  -5.899  0.559 0.0000000000
82481  -50.030  -5.772  -0.646 0.0000000000
83343  -49.645  -5.031  0.380 0.0000000000
83342  -48.979  -4.799  0.658 0.0000000000
83323  -47.389  -4.263  1.355 0.0000000000
81540  -41.129  -6.975  8.828 0.0000000000
81541  -42.293  -6.677  8.796 0.0000000000
81542  -43.306  -6.495  8.912 0.0000000000
84117  -43.191  -3.584  8.047 0.0000000000
83293  -43.747  -4.356  7.890 0.0000000000
81529  -45.059  -6.677  9.945 0.0000000000
81530  -46.250  -6.469  10.041 0.0000000000
82389  -47.583  -5.754  9.415 0.0000000000
83272  -48.469  -5.259  9.006 0.0000000000
85652  -41.299  -1.417  3.353 0.0000000000
85644  -42.898  -1.834  4.464 0.0000000000
85623  -44.792  -1.251  6.113 0.0000000000
85665  -44.554  -0.924  2.883 0.0000000000
86421  -45.829  -0.666  5.366 0.0000000000
87201  -46.583  0.085  7.600 0.0000000000
86393  -47.234  -0.634  7.887 0.0000000000
84870  -48.731  -2.729  7.371 0.0000000000
83297  -49.682  -4.468  7.688 0.0000000000
84128  -49.735  -3.715  6.465 0.0000000000
84133  -48.558  -3.225  4.320 0.0000000000
86441  -48.808  0.105  3.332 0.0000000000
84884  -48.321  -2.124  3.852 0.0000000000
84136  -48.344  -3.286  3.364 0.0000000000
84141  -48.307  -3.580  2.560 0.0000000000
84140  -47.579  -3.278  2.157 0.0000000000
86489  -46.971  -0.375  -1.010 0.0000000000
88094  -43.749  1.545  -4.533 0.0000000000
88105  -43.815  1.522  -5.258 0.0000000000
88116  -44.007  0.956  -5.924 0.0000000000
90088  -42.262  3.974  -7.036 0.0000000000
88783  -42.145  2.662  -6.934 0.0000000000
86543  -43.186  0.334  -6.164 0.0000000000
86533  -42.449  -0.037  -5.964 0.0000000000
85715  -41.890  -1.270  -4.802 0.0000000000
85705  -41.686  -1.636  -4.154 0.0000000000
88757  -39.319  2.475  -4.498 0.0000000000
88078  -39.170  1.571  -4.099 0.0000000000
92766  -41.944  7.821  -2.368 0.0000000000
92074  -40.908  7.522  -2.442 0.0000000000
92072  -39.428  6.923  -2.671 0.0000000000
91393  -38.927  6.594  -2.308 0.0000000000
91392  -38.365  6.232  -1.878 0.0000000000
79746  -39.767  -8.902  10.672 0.0000000000
80602  -40.311  -8.333  10.285 0.0000000000
74622  -45.613  -15.251  10.257 0.0000000000
76415  -33.712  -12.427  11.526 0.0000000000
76485  -46.229  -12.609  3.437 0.0000000000
76484  -45.627  -12.347  3.874 0.0000000000
82416  -48.090  -5.660  7.550 0.0000000000
82421  -47.676  -5.700  6.704 0.0000000000
88056  -45.640  1.174  -1.438 0.0000000000
88072  -46.727  1.269  -2.733 0.0000000000
78950  -42.643  -10.181  6.189 0.0000000000
79752  -45.246  -8.225  10.287 0.0000000000
88743  -40.512  2.702  -2.113 0.0000000000
88751  -40.793  2.817  -3.090 0.0000000000
80704  -49.072  -7.494  -1.935 0.0000000000
80699  -48.944  -6.974  -1.325 0.0000000000
84090  -35.544  -3.578  9.876 0.0000000000
84091  -36.671  -3.063  9.915 0.0000000000
87170  -37.627  0.580  9.752 0.0000000000
87977  -38.174  0.854  11.052 0.0000000000
87185  -38.231  0.107  9.227 0.0000000000
86386  -38.858  -0.369  8.696 0.0000000000
86385  -37.751  -0.469  8.392 0.0000000000
88706  -37.696  1.653  4.155 0.0000000000
75566  -50.404  -13.006  4.239 0.0000000000
74652  -41.053  -14.494  7.721 0.0000000000
75529  -41.295  -13.399  7.124 0.0000000000
76449  -40.056  -12.708  7.716 0.0000000000
72871  -39.521  -16.563  11.378 0.0000000000
72872  -40.299  -16.489  11.285 0.0000000000
72873  -41.091  -16.466  11.233 0.0000000000
72884  -40.527  -16.457  10.508 0.0000000000
72895  -39.982  -16.275  9.776 0.0000000000
72894  -39.116  -16.250  9.786 0.0000000000
78915  -37.213  -10.008  11.061 0.0000000000
78921  -36.935  -9.333  10.795 0.0000000000
78920  -35.985  -9.223  10.750 0.0000000000
77379  -48.758  -11.516  -0.884 0.0000000000
79775  -44.940  -8.866  4.655 0.0000000000
80660  -48.923  -7.093  3.546 0.0000000000
79801  -49.521  -8.008  1.670 0.0000000000
80687  -49.995  -7.723  1.685 0.0000000000
79811  -50.467  -7.818  0.642 0.0000000000
83307  -49.687  -4.746  3.407 0.0000000000
84099  -40.613  -2.854  9.193 0.0000000000
84106  -41.340  -3.265  8.573 0.0000000000
84858  -41.435  -2.703  9.137 0.0000000000
85599  -45.120  -1.398  9.214 0.0000000000
85600  -45.680  -1.301  8.916 0.0000000000
84863  -45.891  -1.679  8.482 0.0000000000
86381  -46.205  -0.562  8.832 0.0000000000
86459  -41.905  -0.350  1.192 0.0000000000
86460  -42.941  -0.485  1.415 0.0000000000
87219  -48.164  1.092  4.343 0.0000000000
87214  -48.288  0.193  5.722 0.0000000000
87209  -48.228  0.025  6.336 0.0000000000
86478  -48.274  0.339  0.488 0.0000000000
86465  -48.087  -0.181  1.481 0.0000000000
86524  -45.512  -0.520  -4.810 0.0000000000
85719  -45.798  -0.686  -4.468 0.0000000000
85718  -44.965  -1.026  -4.781 0.0000000000
85729  -44.602  -0.633  -5.206 0.0000000000
89420  -42.111  4.012  -5.693 0.0000000000
88776  -42.384  3.561  -5.823 0.0000000000
89426  -40.181  3.637  -6.103 0.0000000000
89427  -40.637  3.082  -6.390 0.0000000000
88104  -40.740  1.625  -5.989 0.0000000000
88103  -40.074  1.549  -5.368 0.0000000000
80604  -42.192  -8.204  10.353 0.0000000000
79749  -42.766  -8.624  10.484 0.0000000000
80620  -42.515  -7.623  9.990 0.0000000000
90039  -40.293  4.585  1.026 0.0000000000
90687  -40.962  5.183  0.376 0.0000000000
90695  -41.016  5.107  -0.615 0.0000000000
91382  -43.352  6.360  -0.591 0.0000000000
91395  -43.241  6.435  -1.742 0.0000000000
79034  -49.427  -9.433  -3.515 0.0000000000
79849  -49.167  -8.989  -3.503 0.0000000000
79840  -49.467  -8.597  -3.039 0.0000000000
86361  -34.676  -0.603  11.615 0.0000000000
74646  -47.142  -14.428  8.811 0.0000000000
74645  -46.384  -14.709  8.457 0.0000000000
73762  -45.239  -15.097  7.907 0.0000000000
73755  -45.148  -15.270  8.456 0.0000000000
73752  -42.455  -15.617  8.511 0.0000000000
76424  -35.491  -12.619  10.504 0.0000000000
77291  -35.548  -12.089  10.862 0.0000000000
77292  -36.089  -11.921  10.692 0.0000000000
78123  -34.937  -10.578  11.370 0.0000000000
78911  -33.455  -9.454  11.466 0.0000000000
79736  -32.946  -8.548  11.530 0.0000000000
81558  -46.103  -6.562  5.878 0.0000000000
81560  -47.884  -6.140  5.465 0.0000000000
81565  -48.345  -6.480  4.709 0.0000000000
81566  -49.185  -6.393  4.356 0.0000000000
87163  -42.008  0.216  10.369 0.0000000000
86372  -42.545  -0.085  10.584 0.0000000000
87189  -42.414  0.144  9.073 0.0000000000
85620  -42.148  -1.818  6.488 0.0000000000
85610  -42.586  -1.352  7.274 0.0000000000
86403  -43.302  -0.849  7.674 0.0000000000
87191  -44.544  0.067  8.552 0.0000000000
85621  -43.187  -1.558  6.586 0.0000000000
87270  -43.269  0.314  -0.613 0.0000000000
87273  -46.284  1.185  -0.246 0.0000000000
87257  -45.780  0.667  0.365 0.0000000000
87242  -47.218  1.177  1.406 0.0000000000
87231  -47.042  0.753  2.468 0.0000000000
87243  -47.583  1.228  2.058 0.0000000000
88011  -48.420  1.392  2.858 0.0000000000
88021  -47.815  1.582  1.052 0.0000000000
88059  -48.273  1.355  -0.610 0.0000000000
87275  -48.836  1.129  0.281 0.0000000000
87289  -48.589  1.204  -0.313 0.0000000000
87288  -48.268  0.926  -1.104 0.0000000000
88085  -46.730  0.824  -3.753 0.0000000000
88097  -46.348  0.530  -4.267 0.0000000000
88096  -45.692  0.725  -4.553 0.0000000000
91434  -41.289  6.289  -5.607 0.0000000000
77330  -44.021  -11.402  5.078 0.0000000000
77336  -44.646  -11.358  4.592 0.0000000000
79771  -43.741  -8.878  5.940 0.0000000000
78943  -43.105  -9.274  8.173 0.0000000000
79762  -44.550  -8.587  8.760 0.0000000000
79765  -43.610  -8.765  7.841 0.0000000000
79766  -44.176  -8.229  7.404 0.0000000000
79769  -44.097  -8.236  6.347 0.0000000000
80623  -46.367  -7.858  9.526 0.0000000000
80637  -45.832  -7.352  8.051 0.0000000000
80633  -46.795  -7.379  9.130 0.0000000000
81545  -46.889  -6.971  8.608 0.0000000000
80634  -47.193  -7.125  9.465 0.0000000000
87229  -39.383  0.461  1.954 0.0000000000
88031  -39.784  1.587  0.536 0.0000000000
87238  -40.777  0.161  0.824 0.0000000000
89389  -39.889  2.950  0.109 0.0000000000
88736  -39.984  2.512  -0.252 0.0000000000
87267  -40.742  1.035  -0.671 0.0000000000
87269  -42.260  0.322  -0.595 0.0000000000
88067  -41.233  1.520  -2.475 0.0000000000
87298  -43.361  0.683  -2.119 0.0000000000
88758  -41.482  2.854  -4.054 0.0000000000
90071  -41.187  4.597  -4.271 0.0000000000
92099  -41.184  6.965  -4.585 0.0000000000
81614  -48.183  -6.638  -0.505 0.0000000000
82469  -48.009  -5.353  0.416 0.0000000000
81537  -37.948  -6.370  8.482 0.0000000000
82394  -37.532  -5.483  8.336 0.0000000000
84849  -38.140  -2.769  9.969 0.0000000000
84103  -38.250  -3.783  8.724 0.0000000000
84097  -38.619  -3.147  9.296 0.0000000000
84098  -39.640  -2.985  9.261 0.0000000000
84850  -39.153  -2.634  9.944 0.0000000000
86363  -36.453  -0.595  11.736 0.0000000000
85576  -36.841  -1.225  11.432 0.0000000000
86364  -37.258  -0.620  11.686 0.0000000000
87157  -39.312  0.276  11.219 0.0000000000
86366  -38.895  -0.284  11.481 0.0000000000
86367  -39.938  -0.253  11.164 0.0000000000
85586  -40.089  -1.378  10.796 0.0000000000
87158  -40.366  0.168  10.895 0.0000000000
87159  -41.213  0.078  10.723 0.0000000000
86399  -39.421  -0.907  8.105 0.0000000000
85617  -39.221  -1.646  6.429 0.0000000000
87211  -36.651  0.469  5.287 0.0000000000
86396  -36.112  -0.111  7.242 0.0000000000
86411  -37.147  -0.920  5.955 0.0000000000
85604  -37.620  -1.207  6.940 0.0000000000
86426  -37.744  -0.288  4.256 0.0000000000
86427  -38.415  -0.719  4.026 0.0000000000
88712  -38.339  1.987  2.722 0.0000000000
89374  -38.624  2.464  2.392 0.0000000000
75590  -49.407  -13.662  2.671 0.0000000000
75544  -49.118  -12.922  6.949 0.0000000000
76471  -49.683  -12.690  6.400 0.0000000000
75552  -48.947  -12.971  5.962 0.0000000000
75548  -44.602  -13.116  5.495 0.0000000000
76460  -43.352  -12.629  5.770 0.0000000000
76459  -42.642  -12.395  6.003 0.0000000000
74664  -43.819  -14.185  6.553 0.0000000000
75537  -41.743  -12.998  6.720 0.0000000000
78142  -41.261  -10.500  8.306 0.0000000000
77318  -40.884  -11.392  7.679 0.0000000000
74612  -44.701  -15.183  12.144 0.0000000000
73675  -41.444  -15.119  15.259 0.0000000000
73684  -41.771  -15.138  14.326 0.0000000000
72844  -39.363  -16.377  13.058 0.0000000000
73693  -40.579  -16.119  12.909 0.0000000000
73685  -42.446  -14.884  14.149 0.0000000000
73718  -44.413  -15.438  11.568 0.0000000000
73727  -43.183  -16.028  10.434 0.0000000000
73740  -41.130  -15.967  9.115 0.0000000000
73750  -40.650  -15.423  8.592 0.0000000000
74643  -40.867  -15.038  8.228 0.0000000000
78130  -38.581  -10.289  10.656 0.0000000000
78923  -39.146  -9.570  10.698 0.0000000000
79755  -38.116  -8.128  10.092 0.0000000000
80600  -37.512  -8.041  10.000 0.0000000000
80613  -35.435  -7.205  9.433 0.0000000000
80614  -36.377  -7.359  9.343 0.0000000000
78918  -34.621  -8.953  10.787 0.0000000000
79741  -34.665  -8.443  10.495 0.0000000000
80596  -34.252  -7.788  10.324 0.0000000000
83263  -34.058  -4.575  10.210 0.0000000000
84088  -33.830  -3.874  10.501 0.0000000000
84837  -34.177  -3.113  10.593 0.0000000000
75613  -48.485  -13.443  -1.714 0.0000000000
75614  -48.761  -13.042  -1.441 0.0000000000
76533  -49.302  -12.181  -1.945 0.0000000000
78159  -45.402  -10.461  3.829 0.0000000000
80648  -46.522  -7.424  4.480 0.0000000000
79777  -46.362  -8.309  3.860 0.0000000000
80658  -46.777  -8.009  3.725 0.0000000000
78984  -48.368  -9.068  1.489 0.0000000000
78983  -47.864  -9.779  1.175 0.0000000000
78990  -48.033  -10.109  0.666 0.0000000000
78193  -48.724  -10.278  -0.206 0.0000000000
78999  -49.119  -9.939  -0.307 0.0000000000
79009  -49.997  -9.906  -1.284 0.0000000000
78212  -50.256  -10.271  -2.119 0.0000000000
80694  -50.827  -7.315  0.484 0.0000000000
79833  -50.316  -8.586  -1.749 0.0000000000
81610  -50.799  -6.616  0.082 0.0000000000
81574  -50.256  -6.398  3.470 0.0000000000
80662  -50.434  -6.600  3.088 0.0000000000
81575  -50.667  -6.256  3.040 0.0000000000
83312  -50.544  -5.095  1.897 0.0000000000
82456  -50.839  -5.739  1.472 0.0000000000
82482  -50.585  -5.965  -0.220 0.0000000000
82471  -50.201  -5.359  0.199 0.0000000000
83341  -48.144  -4.631  0.960 0.0000000000
82396  -39.632  -5.903  7.930 0.0000000000
81539  -39.972  -6.721  8.484 0.0000000000
82397  -40.653  -6.124  7.973 0.0000000000
83291  -41.706  -4.411  7.739 0.0000000000
82398  -41.717  -6.097  8.119 0.0000000000
81527  -42.887  -7.091  9.479 0.0000000000
82399  -42.757  -5.957  8.241 0.0000000000
85593  -43.241  -1.222  10.237 0.0000000000
84860  -43.094  -2.302  9.186 0.0000000000
84854  -43.532  -1.603  9.732 0.0000000000
84118  -44.313  -3.311  8.053 0.0000000000
82414  -44.069  -5.091  8.169 0.0000000000
81543  -44.253  -6.276  9.148 0.0000000000
82401  -44.734  -5.590  8.689 0.0000000000
82386  -45.182  -5.929  9.349 0.0000000000
82402  -45.528  -5.481  8.962 0.0000000000
84110  -46.970  -4.011  8.049 0.0000000000
82404  -47.122  -5.294  9.158 0.0000000000
82390  -48.187  -5.786  9.183 0.0000000000
83284  -47.991  -4.883  8.967 0.0000000000
85663  -42.812  -1.233  2.767 0.0000000000
85653  -42.345  -1.554  3.528 0.0000000000
85654  -43.298  -1.538  3.572 0.0000000000
85634  -44.372  -1.494  5.379 0.0000000000
85645  -43.844  -1.628  4.478 0.0000000000
86462  -44.825  -0.106  1.455 0.0000000000
86461  -43.827  -0.424  1.521 0.0000000000
86450  -45.054  -0.412  2.370 0.0000000000
86422  -46.543  -0.215  5.238 0.0000000000
86429  -46.083  -0.480  4.483 0.0000000000
87206  -46.010  -0.217  6.566 0.0000000000
87194  -46.905  -0.310  8.193 0.0000000000
87202  -47.194  -0.098  7.789 0.0000000000
85613  -48.452  -1.504  7.008 0.0000000000
84123  -49.326  -3.812  7.987 0.0000000000
84871  -49.492  -3.363  7.467 0.0000000000
84125  -49.923  -3.778  7.351 0.0000000000
84875  -49.620  -3.070  7.052 0.0000000000
84127  -49.440  -3.274  5.961 0.0000000000
87233  -49.264  0.963  2.803 0.0000000000
86431  -48.889  0.261  4.253 0.0000000000
85658  -47.984  -1.079  2.895 0.0000000000
85659  -48.342  -1.005  3.477 0.0000000000
84883  -48.015  -1.771  3.242 0.0000000000
84887  -48.025  -2.477  3.190 0.0000000000
84135  -47.951  -2.971  2.790 0.0000000000
84139  -46.591  -3.329  1.574 0.0000000000
86499  -46.897  -0.369  -2.021 0.0000000000
86508  -45.985  -1.081  -2.771 0.0000000000
86498  -46.111  -0.906  -2.192 0.0000000000
88093  -43.124  1.688  -4.275 0.0000000000
88785  -42.912  2.367  -6.120 0.0000000000
88778  -43.113  2.069  -5.646 0.0000000000
88115  -43.378  1.600  -6.085 0.0000000000
90738  -41.405  4.929  -6.676 0.0000000000
90087  -41.647  4.256  -7.016 0.0000000000
88113  -41.883  1.850  -6.795 0.0000000000
87329  -42.962  0.990  -6.475 0.0000000000
86542  -42.667  0.543  -6.323 0.0000000000
86532  -41.310  -0.261  -5.666 0.0000000000
85725  -41.354  -0.923  -5.244 0.0000000000
85714  -40.819  -1.281  -4.796 0.0000000000
87303  -39.332  1.015  -4.349 0.0000000000
90070  -39.151  4.368  -5.020 0.0000000000
88756  -38.930  2.440  -3.855 0.0000000000
88077  -38.725  1.460  -3.490 0.0000000000
92073  -40.008  7.264  -2.555 0.0000000000
92064  -40.252  7.363  -1.557 0.0000000000
92063  -39.465  6.941  -1.859 0.0000000000
91405  -38.434  6.200  -2.742 0.0000000000
78133  -41.137  -10.170  9.973 0.0000000000
78925  -41.415  -9.627  10.387 0.0000000000
80603  -41.292  -8.300  10.339 0.0000000000
90680  -42.348  6.141  0.688 0.0000000000
91370  -43.235  6.364  0.455 0.0000000000
91371  -44.221  6.442  0.196 0.0000000000
87147  -33.827  0.617  12.345 0.0000000000
74634  -47.262  -14.428  9.929 0.0000000000
73744  -44.945  -15.458  9.395 0.0000000000
77282  -34.367  -11.503  11.507 0.0000000000
75587  -46.827  -12.660  2.594 0.0000000000
76497  -46.378  -12.302  2.895 0.0000000000
81555  -46.743  -6.131  6.512 0.0000000000
82420  -47.083  -5.945  7.154 0.0000000000
82425  -47.802  -5.755  6.006 0.0000000000
82426  -48.365  -5.619  6.026 0.0000000000
83299  -49.709  -4.469  6.783 0.0000000000
85608  -40.838  -1.486  7.407 0.0000000000
86389  -42.048  -0.298  8.621 0.0000000000
85619  -41.160  -1.892  6.475 0.0000000000
85631  -41.498  -1.963  5.446 0.0000000000
87286  -44.007  0.608  -1.478 0.0000000000
87287  -44.903  0.778  -1.172 0.0000000000
88033  -47.547  1.560  0.446 0.0000000000
88044  -47.037  1.549  -0.540 0.0000000000
91427  -40.769  6.783  -5.129 0.0000000000
90719  -39.279  6.176  -4.857 0.0000000000
78151  -42.839  -10.608  5.771 0.0000000000
78939  -44.058  -9.026  9.627 0.0000000000
80631  -45.385  -7.977  8.542 0.0000000000
79763  -45.449  -8.220  9.001 0.0000000000
79758  -45.644  -8.272  9.620 0.0000000000
79759  -46.359  -8.000  9.935 0.0000000000
88020  -39.136  1.326  1.602 0.0000000000
87283  -41.070  0.991  -1.433 0.0000000000
88054  -40.995  1.314  -1.892 0.0000000000
88079  -41.130  2.202  -3.163 0.0000000000
83274  -36.439  -4.952  8.690 0.0000000000
83275  -37.066  -4.811  8.515 0.0000000000
83269  -36.719  -4.300  8.966 0.0000000000
84848  -37.563  -2.839  9.968 0.0000000000
87154  -37.121  0.580  11.771 0.0000000000
86357  -37.594  -0.120  11.804 0.0000000000
87155  -37.759  0.450  11.632 0.0000000000
87978  -38.874  0.623  11.058 0.0000000000
87172  -39.501  0.611  9.986 0.0000000000
87187  -39.924  0.336  9.556 0.0000000000
87186  -39.225  0.226  9.417 0.0000000000
87216  -37.038  0.459  4.788 0.0000000000
87217  -37.442  0.507  4.281 0.0000000000
87222  -37.886  0.514  3.713 0.0000000000
75578  -49.823  -13.317  3.527 0.0000000000
75540  -44.283  -13.678  6.047 0.0000000000
74662  -42.371  -13.781  6.748 0.0000000000
72870  -38.690  -16.673  11.438 0.0000000000
72858  -39.370  -16.535  12.203 0.0000000000
72859  -40.171  -16.418  12.114 0.0000000000
73705  -41.417  -16.184  12.080 0.0000000000
73715  -41.630  -16.350  11.383 0.0000000000
72874  -41.658  -16.430  10.943 0.0000000000
72886  -41.881  -16.352  10.395 0.0000000000
72896  -40.797  -16.291  9.766 0.0000000000
73739  -40.306  -15.907  9.115 0.0000000000
78129  -37.932  -10.712  10.656 0.0000000000
78127  -37.938  -10.263  10.891 0.0000000000
79744  -37.512  -8.620  10.446 0.0000000000
79743  -36.454  -8.597  10.391 0.0000000000
80598  -35.902  -7.931  9.850 0.0000000000
75615  -49.078  -12.542  -1.789 0.0000000000
77390  -49.148  -11.771  -1.447 0.0000000000
78955  -44.540  -9.568  4.776 0.0000000000
78966  -45.715  -9.565  3.707 0.0000000000
78967  -46.275  -9.521  3.233 0.0000000000
79789  -47.453  -8.379  2.939 0.0000000000
80673  -47.817  -8.110  2.887 0.0000000000
79800  -48.763  -8.355  2.025 0.0000000000
79817  -49.534  -8.718  0.588 0.0000000000
79825  -50.324  -8.708  -0.418 0.0000000000
79819  -50.582  -8.042  -0.060 0.0000000000
82433  -50.288  -5.540  3.504 0.0000000000
83308  -50.329  -5.105  2.726 0.0000000000
83289  -40.004  -4.554  7.822 0.0000000000
82410  -40.285  -5.273  7.707 0.0000000000
83279  -40.510  -3.920  8.079 0.0000000000
83280  -41.174  -3.926  7.902 0.0000000000
84116  -42.187  -3.713  8.024 0.0000000000
86375  -44.666  -0.253  10.199 0.0000000000
84855  -44.130  -1.405  9.720 0.0000000000
85595  -44.670  -0.979  9.806 0.0000000000
84867  -45.015  -2.596  8.242 0.0000000000
84119  -45.459  -3.451  7.819 0.0000000000
83282  -45.822  -4.911  8.509 0.0000000000
84120  -46.409  -3.639  7.793 0.0000000000
84121  -47.208  -3.419  7.732 0.0000000000
86458  -40.951  -0.252  1.390 0.0000000000
86447  -42.349  -0.787  2.079 0.0000000000
85664  -43.715  -1.157  2.809 0.0000000000
86452  -46.496  0.263  2.929 0.0000000000
86430  -46.758  0.084  4.244 0.0000000000
87212  -47.328  0.350  4.926 0.0000000000
87208  -47.672  0.111  6.694 0.0000000000
86416  -48.223  -0.195  6.687 0.0000000000
86407  -48.359  -0.757  6.689 0.0000000000
85624  -48.684  -1.410  6.326 0.0000000000
85636  -48.674  -1.202  5.467 0.0000000000
85648  -48.622  -0.843  4.362 0.0000000000
86466  -48.693  0.459  1.721 0.0000000000
86517  -47.178  -0.108  -3.180 0.0000000000
85698  -46.280  -0.798  -3.687 0.0000000000
85697  -45.776  -1.276  -3.300 0.0000000000
89429  -42.475  3.551  -6.674 0.0000000000
89436  -41.037  3.577  -6.840 0.0000000000
88112  -41.326  1.792  -6.504 0.0000000000
87319  -41.744  0.319  -6.099 0.0000000000
88092  -39.533  1.592  -4.721 0.0000000000
89412  -39.090  3.063  -4.234 0.0000000000
89404  -38.199  2.972  -3.055 0.0000000000
78143  -41.957  -10.156  7.990 0.0000000000
78933  -43.339  -9.270  9.976 0.0000000000
78927  -43.360  -8.876  10.367 0.0000000000
79750  -43.535  -8.432  10.424 0.0000000000
80606  -43.891  -7.895  10.436 0.0000000000
90704  -40.999  5.128  -1.654 0.0000000000
91394  -42.249  6.200  -1.754 0.0000000000
91396  -44.300  6.805  -2.022 0.0000000000
81621  -49.685  -7.035  -1.239 0.0000000000
84831  -35.556  -1.994  10.870 0.0000000000
86362  -35.593  -0.585  11.715 0.0000000000
86355  -36.083  -0.015  12.087 0.0000000000
87148  -34.871  0.622  12.340 0.0000000000
87149  -35.745  0.517  12.255 0.0000000000
87964  -36.090  0.741  12.168 0.0000000000
74658  -46.897  -14.381  7.973 0.0000000000
74657  -46.236  -14.462  7.472 0.0000000000
74656  -45.259  -14.754  7.377 0.0000000000
73760  -43.847  -15.215  7.811 0.0000000000
72842  -37.545  -16.791  13.442 0.0000000000
72856  -37.661  -16.817  12.431 0.0000000000
72868  -36.872  -16.787  11.493 0.0000000000
72869  -37.801  -16.765  11.464 0.0000000000
78913  -35.478  -9.820  11.080 0.0000000000
79738  -34.292  -8.754  10.790 0.0000000000
81559  -46.859  -6.473  5.447 0.0000000000
80649  -47.916  -7.021  4.198 0.0000000000
81573  -49.718  -6.550  3.731 0.0000000000
81567  -49.996  -6.115  4.159 0.0000000000
85588  -41.791  -1.088  10.662 0.0000000000
84845  -42.104  -1.327  10.417 0.0000000000
85589  -42.637  -0.952  10.578 0.0000000000
86373  -43.217  -0.275  10.498 0.0000000000
85590  -43.574  -0.703  10.400 0.0000000000
86390  -42.879  -0.276  8.466 0.0000000000
87190  -43.354  0.217  8.959 0.0000000000
87166  -44.453  0.066  10.310 0.0000000000
87177  -44.842  0.193  9.690 0.0000000000
87199  -44.885  -0.217  7.768 0.0000000000
87254  -42.598  0.084  0.100 0.0000000000
86474  -42.787  -0.213  0.709 0.0000000000
86476  -44.219  -0.162  1.077 0.0000000000
87240  -45.301  0.329  0.905 0.0000000000
87224  -47.460  0.921  3.180 0.0000000000
88002  -48.644  1.227  4.231 0.0000000000
88007  -48.891  1.317  3.975 0.0000000000
88012  -48.974  1.334  3.249 0.0000000000
88034  -48.174  1.604  0.676 0.0000000000
88035  -48.682  1.288  1.101 0.0000000000
87244  -48.996  0.961  1.873 0.0000000000
87260  -48.862  0.825  0.954 0.0000000000
87259  -48.823  0.799  0.325 0.0000000000
86490  -47.920  0.323  -0.597 0.0000000000
88086  -47.231  0.690  -3.421 0.0000000000
87305  -47.336  0.407  -3.153 0.0000000000
87312  -46.600  0.213  -4.165 0.0000000000
86525  -46.014  -0.199  -4.568 0.0000000000
87320  -44.875  0.315  -5.351 0.0000000000
90737  -40.850  5.326  -6.562 0.0000000000
90085  -40.378  4.701  -6.475 0.0000000000
90069  -38.892  4.850  -4.743 0.0000000000
90726  -39.136  5.658  -4.998 0.0000000000
76483  -45.065  -12.028  4.371 0.0000000000
78942  -42.503  -9.742  7.647 0.0000000000
80643  -44.531  -7.852  5.983 0.0000000000
81549  -45.916  -6.882  7.448 0.0000000000
81550  -46.745  -6.567  7.772 0.0000000000
81551  -47.752  -6.117  8.035 0.0000000000
81547  -48.223  -5.933  8.427 0.0000000000
86435  -39.625  -0.961  3.075 0.0000000000
87253  -41.603  0.142  0.310 0.0000000000
88032  -40.199  1.289  0.198 0.0000000000
87285  -42.892  0.487  -1.389 0.0000000000
88070  -44.221  0.926  -2.629 0.0000000000
88760  -42.723  1.923  -4.338 0.0000000000
88759  -42.238  2.244  -4.305 0.0000000000
90066  -40.809  4.435  -3.233 0.0000000000
80616  -38.733  -7.811  9.615 0.0000000000
81538  -38.955  -6.514  8.378 0.0000000000
82408  -39.040  -4.848  7.887 0.0000000000
83276  -37.868  -4.542  8.387 0.0000000000
83277  -38.830  -4.361  8.190 0.0000000000
83288  -39.388  -4.575  7.938 0.0000000000
84843  -40.626  -1.862  10.358 0.0000000000
84832  -36.508  -1.830  10.977 0.0000000000
84840  -37.402  -2.270  10.526 0.0000000000
85584  -38.308  -1.651  10.944 0.0000000000
86365  -38.046  -0.546  11.600 0.0000000000
85578  -38.624  -1.027  11.320 0.0000000000
84842  -39.652  -2.034  10.452 0.0000000000
85587  -40.994  -1.231  10.692 0.0000000000
85581  -41.344  -0.692  10.793 0.0000000000
86369  -41.806  -0.237  10.752 0.0000000000
87174  -41.552  0.286  9.609 0.0000000000
86377  -40.301  0.243  9.473 0.0000000000
86400  -40.490  -0.868  8.195 0.0000000000
85618  -40.170  -1.799  6.451 0.0000000000
86428  -39.032  -1.051  3.791 0.0000000000
85605  -37.991  -1.319  7.067 0.0000000000
85616  -38.357  -1.459  6.427 0.0000000000
86420  -37.425  -0.724  5.064 0.0000000000
85628  -38.636  -1.456  5.558 0.0000000000
85640  -38.886  -1.289  4.637 0.0000000000
87228  -38.870  0.419  2.516 0.0000000000
88009  -38.617  1.240  2.374 0.0000000000
88019  -38.767  1.538  1.945 0.0000000000
90031  -39.563  4.077  2.666 0.0000000000
75562  -45.764  -12.900  4.362 0.0000000000
77328  -42.661  -11.449  5.829 0.0000000000
78148  -41.848  -10.942  6.764 0.0000000000
75538  -42.395  -13.217  6.469 0.0000000000
78145  -41.557  -10.776  7.430 0.0000000000
78138  -41.388  -10.246  9.326 0.0000000000
78132  -40.514  -10.156  10.247 0.0000000000
74613  -45.483  -15.049  11.733 0.0000000000
74579  -42.060  -14.753  15.465 0.0000000000
74587  -42.601  -14.615  14.678 0.0000000000
73673  -40.040  -15.873  14.412 0.0000000000
73692  -39.962  -16.235  13.109 0.0000000000
74594  -42.794  -14.777  14.044 0.0000000000
74595  -43.503  -14.597  13.812 0.0000000000
74602  -43.747  -14.917  13.151 0.0000000000
73708  -44.321  -15.220  12.319 0.0000000000
73719  -45.085  -15.404  11.009 0.0000000000
73729  -44.678  -15.554  10.435 0.0000000000
72898  -41.980  -16.254  9.886 0.0000000000
73741  -42.006  -16.046  9.278 0.0000000000
74651  -40.092  -14.026  7.925 0.0000000000
73737  -38.507  -15.564  9.192 0.0000000000
73748  -39.064  -15.127  8.750 0.0000000000
74640  -38.271  -14.503  8.812 0.0000000000
74641  -39.367  -14.304  8.353 0.0000000000
74650  -39.622  -13.750  8.063 0.0000000000
75527  -39.788  -13.288  7.839 0.0000000000
79756  -38.715  -8.222  10.198 0.0000000000
80627  -37.804  -6.947  8.859 0.0000000000
81524  -37.420  -6.770  8.786 0.0000000000
81523  -36.772  -6.774  8.864 0.0000000000
81535  -36.468  -6.136  8.610 0.0000000000
84094  -35.749  -4.082  9.500 0.0000000000
83264  -34.709  -4.500  9.776 0.0000000000
84838  -35.078  -2.854  10.458 0.0000000000
84830  -34.545  -2.196  10.780 0.0000000000
85573  -34.068  -1.435  11.141 0.0000000000
86360  -33.813  -0.674  11.542 0.0000000000
84829  -33.413  -2.668  10.873 0.0000000000
85572  -32.999  -1.445  11.347 0.0000000000
86352  -33.125  -0.243  11.877 0.0000000000
76541  -48.724  -12.418  -2.796 0.0000000000
75622  -49.138  -12.573  -1.952 0.0000000000
76551  -49.116  -11.752  -3.190 0.0000000000
77346  -46.075  -11.823  3.073 0.0000000000
77353  -46.299  -11.431  2.675 0.0000000000
77352  -45.981  -10.976  2.991 0.0000000000
79787  -46.134  -8.915  3.639 0.0000000000
78974  -46.808  -9.496  2.712 0.0000000000
79798  -47.276  -8.882  2.676 0.0000000000
78178  -47.353  -10.233  1.644 0.0000000000
78186  -47.507  -10.619  0.958 0.0000000000
78200  -48.521  -10.868  -0.451 0.0000000000
77380  -49.324  -11.119  -1.324 0.0000000000
78202  -49.695  -10.421  -1.317 0.0000000000
77392  -49.994  -10.710  -2.509 0.0000000000
77400  -49.909  -10.615  -2.800 0.0000000000
78224  -49.826  -10.475  -3.049 0.0000000000
79023  -49.958  -9.123  -2.999 0.0000000000
80712  -50.032  -8.069  -1.904 0.0000000000
80705  -49.809  -7.557  -1.663 0.0000000000
80676  -50.548  -6.906  2.626 0.0000000000
81599  -50.959  -6.566  1.046 0.0000000000
81616  -49.683  -6.337  -1.034 0.0000000000
82480  -49.514  -5.895  -0.776 0.0000000000
82470  -49.238  -5.473  -0.189 0.0000000000
80630  -40.207  -7.388  9.055 0.0000000000
81525  -41.406  -7.444  9.472 0.0000000000
81526  -41.979  -7.264  9.429 0.0000000000
80621  -43.397  -7.496  10.041 0.0000000000
80622  -44.229  -7.368  10.126 0.0000000000
84859  -42.021  -2.546  9.178 0.0000000000
84107  -42.572  -3.017  8.546 0.0000000000
83292  -42.720  -4.407  7.788 0.0000000000
84108  -43.616  -2.814  8.526 0.0000000000
82413  -43.223  -5.170  7.932 0.0000000000
82400  -43.734  -5.795  8.448 0.0000000000
81528  -43.859  -6.917  9.629 0.0000000000
80607  -44.851  -7.666  10.463 0.0000000000
81515  -45.411  -7.303  10.387 0.0000000000
81516  -45.971  -7.094  10.393 0.0000000000
80610  -46.927  -7.181  10.213 0.0000000000
82403  -46.322  -5.348  9.081 0.0000000000
81531  -47.022  -6.437  9.849 0.0000000000
80625  -47.147  -7.225  9.965 0.0000000000
81532  -47.462  -6.512  9.454 0.0000000000
81533  -48.193  -6.181  8.973 0.0000000000
82405  -48.687  -5.416  8.595 0.0000000000
85651  -40.387  -1.379  3.567 0.0000000000
85643  -41.882  -1.808  4.426 0.0000000000
85622  -44.096  -1.425  6.279 0.0000000000
86413  -44.601  -0.899  6.825 0.0000000000
86405  -44.989  -0.474  7.262 0.0000000000
85666  -45.043  -0.716  2.928 0.0000000000
85656  -45.155  -0.883  3.594 0.0000000000
85646  -44.713  -1.304  4.492 0.0000000000
85635  -45.159  -1.164  5.404 0.0000000000
87200  -45.643  -0.136  7.435 0.0000000000
87193  -46.388  -0.156  8.493 0.0000000000
85611  -46.931  -1.730  7.856 0.0000000000
84869  -47.522  -2.545  7.610 0.0000000000
85612  -47.669  -1.502  7.510 0.0000000000
84122  -48.258  -3.515  7.840 0.0000000000
84112  -48.639  -4.251  8.388 0.0000000000
82406  -49.174  -4.968  8.441 0.0000000000
82418  -49.342  -5.048  8.081 0.0000000000
84879  -49.487  -2.949  6.457 0.0000000000
83303  -48.954  -3.842  4.525 0.0000000000
86440  -48.435  -0.529  3.037 0.0000000000
86488  -46.333  -0.723  -1.504 0.0000000000
88083  -44.664  1.213  -3.634 0.0000000000
88769  -43.372  1.840  -5.133 0.0000000000
88106  -44.538  0.943  -5.367 0.0000000000
86545  -44.493  0.051  -5.596 0.0000000000
90079  -42.426  4.076  -6.730 0.0000000000
89437  -41.866  3.457  -7.137 0.0000000000
89438  -42.319  3.323  -6.973 0.0000000000
88114  -42.524  1.801  -6.640 0.0000000000
87330  -43.637  0.762  -6.117 0.0000000000
86544  -43.902  0.160  -5.877 0.0000000000
86534  -43.501  -0.269  -5.740 0.0000000000
85727  -43.144  -0.789  -5.377 0.0000000000
85726  -42.134  -0.804  -5.374 0.0000000000
85716  -42.852  -1.227  -4.817 0.0000000000
85706  -42.652  -1.580  -4.188 0.0000000000
85713  -39.729  -1.276  -4.599 0.0000000000
88065  -38.280  1.379  -2.842 0.0000000000
92092  -43.087  7.629  -3.182 0.0000000000
92083  -42.353  7.577  -3.224 0.0000000000
92082  -41.549  7.519  -3.210 0.0000000000
92081  -40.531  7.356  -3.310 0.0000000000
92080  -39.720  7.122  -3.319 0.0000000000
91406  -39.092  6.707  -3.136 0.0000000000
73696  -43.394  -14.991  13.285 0.0000000000
73704  -40.737  -16.296  12.265 0.0000000000
73726  -42.417  -16.226  10.093 0.0000000000
77317  -40.366  -11.733  7.841 0.0000000000
78233  -49.872  -10.197  -3.140 0.0000000000
78914  -36.400  -9.918  11.070 0.0000000000
78916  -37.661  -10.117  11.007 0.0000000000
78928  -43.815  -8.647  10.351 0.0000000000
78976  -48.146  -8.843  2.025 0.0000000000
78992  -49.624  -9.087  0.179 0.0000000000
79001  -50.396  -9.062  -0.785 0.0000000000
79740  -34.116  -8.244  10.646 0.0000000000
79810  -49.943  -8.057  1.062 0.0000000000
80597  -34.848  -7.664  9.868 0.0000000000
80608  -45.695  -7.686  10.399 0.0000000000
80609  -46.504  -7.522  10.214 0.0000000000
80617  -39.786  -7.849  9.639 0.0000000000
81517  -46.710  -6.932  10.286 0.0000000000
81518  -47.156  -6.876  10.069 0.0000000000
81536  -37.122  -6.197  8.523 0.0000000000
81544  -44.798  -6.100  9.319 0.0000000000
81552  -48.226  -5.786  7.997 0.0000000000
81568  -50.391  -6.047  3.660 0.0000000000
81622  -50.008  -7.218  -1.222 0.0000000000
82387  -45.846  -5.934  9.568 0.0000000000
82388  -46.720  -5.872  9.580 0.0000000000
83265  -35.362  -4.323  9.527 0.0000000000
83270  -37.339  -4.196  8.781 0.0000000000
83271  -48.128  -5.421  9.211 0.0000000000
83278  -39.664  -4.044  8.190 0.0000000000
83281  -45.264  -5.163  8.505 0.0000000000
83283  -46.833  -4.612  8.537 0.0000000000
83285  -48.894  -4.812  8.658 0.0000000000
83286  -49.381  -4.577  8.261 0.0000000000
83290  -40.809  -4.549  7.730 0.0000000000
83296  -46.570  -4.149  8.065 0.0000000000
83326  -50.573  -5.211  1.329 0.0000000000
84096  -37.445  -3.448  9.365 0.0000000000
84100  -41.154  -2.765  9.142 0.0000000000
84113  -49.163  -4.361  8.386 0.0000000000
84833  -37.109  -1.663  11.098 0.0000000000
84844  -41.540  -1.594  10.333 0.0000000000
84861  -44.336  -2.038  9.030 0.0000000000
84866  -44.453  -2.643  8.410 0.0000000000
84868  -46.209  -2.422  7.929 0.0000000000
85579  -39.551  -0.859  11.170 0.0000000000
85591  -44.218  -0.618  10.278 0.0000000000
85596  -45.430  -0.865  9.409 0.0000000000
85597  -45.903  -0.866  9.043 0.0000000000
85602  -46.978  -1.104  8.032 0.0000000000
85609  -41.789  -1.449  7.361 0.0000000000
85615  -37.670  -1.251  6.546 0.0000000000
85633  -43.512  -1.776  5.459 0.0000000000
85647  -45.452  -0.911  4.556 0.0000000000
85657  -45.689  -0.660  4.023 0.0000000000
85710  -46.253  -0.623  -4.124 0.0000000000
85720  -46.142  -0.443  -4.334 0.0000000000
86368  -40.875  -0.260  10.882 0.0000000000
86370  -42.460  -0.435  10.643 0.0000000000
86374  -44.067  -0.225  10.421 0.0000000000
86378  -40.725  0.156  9.395 0.0000000000
86380  -45.750  -0.449  9.242 0.0000000000
86388  -41.194  -0.241  8.905 0.0000000000
86392  -46.704  -0.623  8.381 0.0000000000
86401  -41.480  -0.886  8.135 0.0000000000
86412  -43.919  -1.070  7.051 0.0000000000
86414  -45.426  -0.659  6.407 0.0000000000
86415  -46.153  -0.363  6.009 0.0000000000
86437  -45.457  -0.461  2.941 0.0000000000
86439  -46.880  0.437  3.378 0.0000000000
86449  -44.174  -0.616  2.203 0.0000000000
86451  -45.997  0.142  2.409 0.0000000000
86516  -46.838  -0.200  -3.719 0.0000000000
86535  -44.276  -0.326  -5.512 0.0000000000
86537  -45.561  -0.236  -4.898 0.0000000000
87150  -36.519  0.452  12.017 0.0000000000
87151  -37.286  0.264  11.838 0.0000000000
87152  -37.857  0.177  11.728 0.0000000000
87156  -38.442  0.266  11.529 0.0000000000
87165  -43.964  0.190  10.306 0.0000000000
87173  -40.415  0.470  9.869 0.0000000000
87175  -42.729  0.309  9.691 0.0000000000
87176  -43.788  0.365  9.645 0.0000000000
87178  -45.694  -0.076  9.202 0.0000000000
87179  -46.040  -0.256  9.012 0.0000000000
87225  -47.960  1.312  3.474 0.0000000000
87230  -46.576  0.657  1.887 0.0000000000
87295  -41.214  1.150  -1.976 0.0000000000
87311  -46.098  0.291  -4.510 0.0000000000
87321  -45.573  0.162  -4.955 0.0000000000
87328  -42.120  0.911  -6.493 0.0000000000
87331  -44.244  0.527  -5.728 0.0000000000
87969  -37.536  0.748  11.471 0.0000000000
87970  -38.267  0.575  11.353 0.0000000000
87971  -38.731  0.460  11.314 0.0000000000
87984  -37.960  0.839  10.483 0.0000000000
87985  -38.838  0.702  10.546 0.0000000000
88001  -48.610  1.364  4.039 0.0000000000
88006  -48.557  1.400  3.676 0.0000000000
88022  -48.110  1.473  1.752 0.0000000000
