#!ascii label  , from subject msSRGRS20160210 vox2ras=TkReg
824
39262  -4.930  -50.559  48.226 0.0000000000
44791  -26.210  -45.457  30.420 0.0000000000
52574  -25.602  -39.383  27.458 0.0000000000
43624  -20.082  -45.504  36.238 0.0000000000
59861  -30.919  -30.225  19.406 0.0000000000
55377  -26.033  -35.149  20.997 0.0000000000
45787  -30.252  -44.935  35.355 0.0000000000
44684  -24.173  -44.343  34.656 0.0000000000
62750  -37.058  -26.573  23.417 0.0000000000
64667  -40.336  -23.911  20.428 0.0000000000
65631  -43.750  -23.922  17.231 0.0000000000
55278  -27.392  -35.226  28.868 0.0000000000
54429  -24.219  -36.689  24.723 0.0000000000
55328  -29.199  -33.918  24.808 0.0000000000
54521  -32.337  -34.852  21.548 0.0000000000
42541  -14.429  -47.233  38.236 0.0000000000
41285  -3.478  -49.486  52.079 0.0000000000
47718  -27.471  -42.872  28.305 0.0000000000
53446  -28.996  -37.504  31.763 0.0000000000
42592  -15.648  -46.757  35.236 0.0000000000
45826  -17.450  -44.877  33.046 0.0000000000
66573  -41.244  -23.070  12.436 0.0000000000
67498  -44.325  -21.643  15.266 0.0000000000
55437  -29.179  -34.301  18.300 0.0000000000
58914  -34.788  -31.831  22.251 0.0000000000
39276  -6.530  -50.411  44.680 0.0000000000
37306  -0.811  -53.665  52.814 0.0000000000
63684  -38.592  -24.999  22.025 0.0000000000
55303  -27.861  -34.514  26.694 0.0000000000
42524  -11.499  -47.897  38.103 0.0000000000
40227  -4.489  -50.146  50.355 0.0000000000
46854  -25.582  -44.930  26.936 0.0000000000
46835  -27.264  -44.946  28.701 0.0000000000
42595  -18.014  -45.970  36.438 0.0000000000
43682  -16.545  -45.978  34.218 0.0000000000
44703  -18.772  -44.549  34.732 0.0000000000
44731  -26.146  -44.770  32.837 0.0000000000
45831  -22.998  -43.045  32.739 0.0000000000
45869  -24.329  -44.030  30.070 0.0000000000
42542  -19.004  -45.861  37.616 0.0000000000
41475  -17.190  -46.820  37.125 0.0000000000
63747  -36.222  -25.294  16.532 0.0000000000
65662  -39.350  -24.807  13.477 0.0000000000
66543  -44.210  -22.919  15.846 0.0000000000
54463  -24.832  -35.857  22.390 0.0000000000
54542  -28.029  -34.916  18.869 0.0000000000
56261  -33.336  -33.884  21.449 0.0000000000
41360  -10.537  -48.287  41.567 0.0000000000
41334  -9.980  -48.987  43.011 0.0000000000
40286  -9.045  -49.202  44.549 0.0000000000
40299  -6.929  -50.495  43.112 0.0000000000
37312  -1.565  -53.835  51.617 0.0000000000
44733  -27.527  -46.031  32.456 0.0000000000
46791  -28.808  -44.218  31.752 0.0000000000
46764  -30.428  -43.420  33.845 0.0000000000
43602  -22.692  -44.486  36.420 0.0000000000
43665  -22.465  -44.626  35.443 0.0000000000
43629  -25.504  -44.638  35.603 0.0000000000
43669  -26.754  -45.118  34.604 0.0000000000
61805  -33.522  -27.800  21.695 0.0000000000
62784  -34.916  -26.268  20.179 0.0000000000
63713  -37.028  -25.138  18.734 0.0000000000
63750  -38.763  -24.517  17.316 0.0000000000
64725  -40.147  -24.552  15.468 0.0000000000
64682  -42.080  -23.643  18.488 0.0000000000
53466  -26.379  -37.091  29.102 0.0000000000
53502  -24.490  -37.837  26.084 0.0000000000
55301  -25.528  -35.533  26.763 0.0000000000
55326  -26.678  -34.346  24.367 0.0000000000
55358  -27.317  -34.147  22.313 0.0000000000
54485  -28.504  -34.425  20.909 0.0000000000
54447  -30.523  -34.467  23.156 0.0000000000
42512  -13.648  -47.480  39.692 0.0000000000
42494  -11.039  -47.871  39.883 0.0000000000
69341  -44.738  -20.332  11.719 0.0000000000
42427  -2.808  -48.770  52.894 0.0000000000
47726  -26.228  -43.329  26.209 0.0000000000
49568  -26.835  -41.831  27.971 0.0000000000
48591  -29.223  -42.046  30.373 0.0000000000
51597  -28.328  -40.401  29.823 0.0000000000
53468  -27.122  -38.963  29.847 0.0000000000
54353  -27.846  -36.396  30.769 0.0000000000
45811  -21.388  -43.691  34.218 0.0000000000
41442  -17.076  -47.178  38.410 0.0000000000
42574  -15.172  -46.980  35.948 0.0000000000
65653  -41.179  -23.776  14.558 0.0000000000
67505  -42.835  -22.117  13.578 0.0000000000
68439  -43.437  -21.234  12.235 0.0000000000
69329  -45.397  -19.778  14.809 0.0000000000
39269  -4.275  -52.035  46.724 0.0000000000
38299  -3.441  -52.237  49.030 0.0000000000
57100  -29.989  -33.141  18.732 0.0000000000
54544  -30.360  -34.364  20.160 0.0000000000
57102  -31.064  -33.381  19.986 0.0000000000
59864  -32.695  -31.359  21.196 0.0000000000
60764  -35.157  -29.082  23.229 0.0000000000
39266  -5.836  -50.323  46.673 0.0000000000
38292  -3.161  -51.821  50.701 0.0000000000
39243  -2.329  -51.310  52.294 0.0000000000
40212  -1.182  -50.420  53.363 0.0000000000
39253  -4.972  -50.043  49.462 0.0000000000
45889  -24.690  -45.080  29.481 0.0000000000
45907  -25.334  -45.290  28.634 0.0000000000
45891  -26.776  -45.542  29.711 0.0000000000
43640  -18.941  -45.757  36.353 0.0000000000
44679  -18.863  -44.965  35.350 0.0000000000
43663  -20.400  -45.125  35.661 0.0000000000
44776  -25.886  -44.698  31.442 0.0000000000
45850  -24.790  -43.843  31.296 0.0000000000
45870  -25.409  -44.690  30.626 0.0000000000
45888  -23.482  -44.733  29.018 0.0000000000
43613  -20.926  -45.007  36.678 0.0000000000
43600  -19.864  -45.127  37.503 0.0000000000
42562  -19.801  -45.516  36.962 0.0000000000
42578  -18.510  -46.134  36.802 0.0000000000
50639  -25.764  -40.854  26.707 0.0000000000
51632  -25.494  -40.466  26.013 0.0000000000
55356  -25.425  -35.426  21.682 0.0000000000
55402  -25.499  -36.098  20.426 0.0000000000
54516  -27.229  -35.081  19.509 0.0000000000
41344  -8.831  -49.299  41.941 0.0000000000
41345  -9.822  -48.842  42.172 0.0000000000
40317  -8.562  -49.494  42.789 0.0000000000
40316  -7.852  -49.936  42.264 0.0000000000
44688  -29.059  -45.447  34.257 0.0000000000
45815  -29.737  -44.564  33.582 0.0000000000
45797  -30.189  -44.818  34.474 0.0000000000
44630  -24.348  -43.826  36.650 0.0000000000
43615  -23.589  -44.646  36.053 0.0000000000
43605  -25.418  -44.325  36.287 0.0000000000
44664  -28.862  -44.746  35.944 0.0000000000
44663  -27.719  -44.891  35.587 0.0000000000
44672  -28.514  -45.411  35.185 0.0000000000
44711  -27.224  -45.857  33.545 0.0000000000
61792  -35.583  -27.193  22.879 0.0000000000
62772  -34.253  -26.811  20.841 0.0000000000
62761  -36.152  -26.277  22.206 0.0000000000
64661  -39.411  -24.450  21.279 0.0000000000
63692  -37.886  -25.138  20.914 0.0000000000
63704  -38.704  -24.588  20.144 0.0000000000
63731  -37.855  -24.735  17.995 0.0000000000
63716  -39.588  -24.270  18.613 0.0000000000
64691  -40.379  -24.190  17.518 0.0000000000
64673  -41.292  -23.674  19.436 0.0000000000
55277  -26.689  -35.795  29.029 0.0000000000
55290  -25.457  -36.005  27.657 0.0000000000
55291  -26.346  -35.393  27.956 0.0000000000
55314  -28.431  -34.127  25.718 0.0000000000
55313  -27.148  -34.361  25.626 0.0000000000
55327  -27.941  -33.914  24.654 0.0000000000
55344  -28.891  -33.846  23.769 0.0000000000
55359  -28.700  -33.916  22.580 0.0000000000
55345  -30.149  -34.116  23.981 0.0000000000
41439  -15.007  -47.161  38.821 0.0000000000
41420  -14.651  -47.347  39.478 0.0000000000
42527  -14.472  -47.173  38.879 0.0000000000
42509  -10.742  -48.009  38.906 0.0000000000
70208  -45.213  -19.813  11.926 0.0000000000
70209  -45.866  -19.054  12.117 0.0000000000
41280  -2.979  -49.435  52.704 0.0000000000
46845  -27.029  -44.014  27.756 0.0000000000
46855  -26.170  -44.277  26.699 0.0000000000
46856  -26.715  -43.552  26.980 0.0000000000
48621  -26.618  -42.491  27.010 0.0000000000
48609  -26.951  -42.449  27.793 0.0000000000
47669  -29.719  -42.692  32.305 0.0000000000
47684  -29.120  -42.606  31.234 0.0000000000
49519  -30.569  -41.589  31.315 0.0000000000
53454  -29.250  -38.557  31.691 0.0000000000
51579  -29.467  -40.264  30.629 0.0000000000
52540  -28.809  -39.217  31.158 0.0000000000
52556  -27.402  -39.856  29.715 0.0000000000
53460  -27.498  -38.265  30.245 0.0000000000
53452  -27.654  -37.275  30.659 0.0000000000
53445  -28.297  -36.990  31.316 0.0000000000
45807  -17.268  -45.228  33.692 0.0000000000
44683  -22.988  -44.342  34.921 0.0000000000
44682  -21.840  -44.409  35.141 0.0000000000
44706  -22.234  -44.024  34.612 0.0000000000
46789  -21.196  -42.488  31.788 0.0000000000
41425  -17.934  -46.758  38.661 0.0000000000
42576  -17.154  -46.491  36.637 0.0000000000
42558  -16.394  -46.950  37.116 0.0000000000
42573  -14.042  -47.486  35.528 0.0000000000
64727  -41.476  -24.396  16.378 0.0000000000
65643  -41.155  -24.244  15.308 0.0000000000
65644  -42.055  -24.065  15.840 0.0000000000
67490  -44.355  -22.261  15.597 0.0000000000
66565  -43.319  -22.635  14.598 0.0000000000
67506  -43.580  -21.918  14.207 0.0000000000
67515  -43.225  -21.647  13.383 0.0000000000
68433  -43.909  -21.151  13.702 0.0000000000
68441  -44.326  -20.667  13.254 0.0000000000
69325  -44.994  -20.481  15.280 0.0000000000
54417  -24.406  -37.022  25.852 0.0000000000
52580  -24.444  -38.818  25.454 0.0000000000
56278  -29.321  -33.784  17.591 0.0000000000
56268  -29.616  -33.634  18.283 0.0000000000
54519  -30.570  -34.641  20.916 0.0000000000
54518  -29.495  -34.468  20.397 0.0000000000
54545  -31.239  -34.495  20.736 0.0000000000
57978  -33.772  -32.716  21.549 0.0000000000
57091  -32.550  -33.343  20.973 0.0000000000
57993  -33.041  -32.738  21.248 0.0000000000
58941  -32.159  -31.955  20.781 0.0000000000
59852  -33.967  -31.338  22.066 0.0000000000
59836  -33.829  -30.149  22.254 0.0000000000
59818  -35.118  -30.238  23.095 0.0000000000
40285  -7.987  -49.597  44.410 0.0000000000
40271  -6.926  -50.104  45.246 0.0000000000
40259  -6.339  -50.149  46.187 0.0000000000
40270  -6.185  -50.374  45.684 0.0000000000
39270  -4.893  -51.500  46.187 0.0000000000
39275  -5.886  -50.865  45.172 0.0000000000
37322  -2.945  -53.219  48.878 0.0000000000
38296  -3.014  -52.364  50.182 0.0000000000
37317  -2.242  -53.449  50.261 0.0000000000
37309  -1.308  -53.584  52.299 0.0000000000
37310  -1.888  -53.068  51.718 0.0000000000
38287  -1.321  -53.033  52.610 0.0000000000
39241  -1.867  -51.390  52.790 0.0000000000
38283  -1.220  -52.483  52.883 0.0000000000
44633  -26.854  -43.412  36.488 0.0000000000
63674  -38.026  -25.881  23.801 0.0000000000
63677  -37.252  -25.772  22.497 0.0000000000
64652  -39.403  -24.827  23.211 0.0000000000
55292  -27.498  -34.893  27.768 0.0000000000
42555  -13.257  -47.695  36.451 0.0000000000
42540  -13.515  -47.486  37.717 0.0000000000
41289  -4.701  -49.106  50.778 0.0000000000
40222  -4.008  -50.172  50.963 0.0000000000
45922  -25.203  -45.214  27.550 0.0000000000
46844  -26.218  -44.933  27.725 0.0000000000
46836  -27.778  -43.901  28.751 0.0000000000
54343  -29.755  -36.325  32.282 0.0000000000
42593  -16.498  -46.260  35.803 0.0000000000
43659  -16.048  -46.394  34.661 0.0000000000
43660  -16.891  -45.791  35.275 0.0000000000
44702  -17.650  -44.990  34.319 0.0000000000
45808  -18.013  -44.653  33.954 0.0000000000
44708  -24.795  -44.021  34.032 0.0000000000
45813  -23.588  -43.500  33.429 0.0000000000
45832  -24.308  -43.560  32.476 0.0000000000
45849  -23.565  -43.097  31.154 0.0000000000
46818  -22.746  -44.468  28.684 0.0000000000
42528  -18.837  -45.867  38.268 0.0000000000
41444  -18.149  -46.567  38.027 0.0000000000
41461  -18.394  -46.416  37.573 0.0000000000
42577  -17.869  -46.435  36.858 0.0000000000
63728  -35.332  -25.623  17.256 0.0000000000
66572  -40.587  -23.670  12.442 0.0000000000
66517  -44.393  -22.983  18.266 0.0000000000
66530  -43.838  -23.570  16.256 0.0000000000
54445  -24.271  -36.429  23.322 0.0000000000
54541  -27.046  -35.753  18.603 0.0000000000
54555  -28.580  -34.664  18.502 0.0000000000
55407  -33.782  -34.538  22.027 0.0000000000
55405  -32.539  -34.532  21.348 0.0000000000
56247  -33.957  -33.959  21.756 0.0000000000
41361  -11.660  -48.220  41.744 0.0000000000
41346  -10.809  -48.607  42.429 0.0000000000
40302  -10.021  -49.059  43.821 0.0000000000
40301  -8.963  -49.280  43.555 0.0000000000
40284  -7.059  -50.111  44.163 0.0000000000
39282  -6.337  -50.743  44.118 0.0000000000
39286  -6.237  -51.218  43.439 0.0000000000
44756  -26.824  -45.695  31.668 0.0000000000
45873  -27.860  -45.548  30.489 0.0000000000
45834  -28.884  -45.540  32.216 0.0000000000
46776  -29.434  -43.551  32.812 0.0000000000
43625  -20.898  -45.190  36.450 0.0000000000
43643  -21.854  -45.078  35.876 0.0000000000
43627  -23.280  -44.712  35.897 0.0000000000
43645  -24.083  -44.659  35.457 0.0000000000
43667  -24.866  -44.586  34.905 0.0000000000
43618  -26.438  -44.527  35.874 0.0000000000
43647  -26.237  -44.741  35.125 0.0000000000
43685  -25.674  -44.565  34.449 0.0000000000
44710  -26.502  -45.193  33.497 0.0000000000
44732  -26.684  -45.537  32.675 0.0000000000
44641  -21.893  -44.327  36.925 0.0000000000
60806  -31.917  -29.603  20.361 0.0000000000
60821  -31.394  -29.004  19.029 0.0000000000
61818  -32.498  -28.203  19.974 0.0000000000
62782  -33.352  -27.168  19.382 0.0000000000
63699  -34.739  -26.174  18.791 0.0000000000
63681  -36.512  -25.788  21.318 0.0000000000
63701  -36.229  -25.508  19.474 0.0000000000
63711  -35.424  -25.764  18.240 0.0000000000
63730  -37.011  -25.049  17.773 0.0000000000
63749  -37.894  -24.678  17.027 0.0000000000
64724  -38.978  -24.793  15.341 0.0000000000
64740  -39.687  -24.748  14.720 0.0000000000
64708  -39.903  -24.420  16.872 0.0000000000
64709  -40.982  -24.309  16.809 0.0000000000
64693  -42.199  -23.874  17.493 0.0000000000
65610  -42.431  -23.513  19.830 0.0000000000
65616  -43.784  -23.225  18.796 0.0000000000
53491  -25.420  -38.583  27.463 0.0000000000
52573  -25.165  -39.026  26.620 0.0000000000
53476  -25.199  -37.217  27.434 0.0000000000
54407  -24.927  -36.665  26.854 0.0000000000
54418  -24.769  -35.984  25.713 0.0000000000
55302  -26.652  -34.948  26.707 0.0000000000
55312  -25.801  -35.041  25.375 0.0000000000
54430  -24.801  -35.678  24.409 0.0000000000
55325  -25.614  -34.953  23.894 0.0000000000
55342  -26.434  -34.472  23.123 0.0000000000
55357  -26.259  -34.749  21.993 0.0000000000
55378  -27.156  -34.544  21.180 0.0000000000
55379  -28.144  -34.162  21.706 0.0000000000
54465  -30.011  -34.407  22.292 0.0000000000
54488  -31.809  -35.156  21.985 0.0000000000
54467  -32.143  -35.380  22.839 0.0000000000
54489  -32.686  -35.435  22.230 0.0000000000
41400  -13.043  -47.746  40.467 0.0000000000
42525  -12.634  -47.623  38.481 0.0000000000
42511  -12.922  -47.618  39.707 0.0000000000
42495  -12.037  -47.799  40.159 0.0000000000
41380  -10.215  -48.073  40.549 0.0000000000
49581  -26.112  -41.840  26.420 0.0000000000
51621  -25.962  -40.264  27.749 0.0000000000
46804  -28.352  -44.650  30.480 0.0000000000
47697  -28.251  -43.419  29.535 0.0000000000
47710  -28.401  -42.752  29.462 0.0000000000
49541  -29.124  -41.414  29.708 0.0000000000
49556  -28.086  -41.629  29.006 0.0000000000
50622  -27.906  -40.875  29.312 0.0000000000
52566  -26.810  -39.824  29.228 0.0000000000
52565  -26.306  -39.674  28.625 0.0000000000
53467  -26.587  -38.151  29.366 0.0000000000
54360  -26.892  -36.586  29.536 0.0000000000
55258  -27.455  -35.742  29.847 0.0000000000
55229  -28.693  -35.880  31.450 0.0000000000
55239  -29.225  -34.867  30.697 0.0000000000
44681  -20.773  -44.581  35.198 0.0000000000
44704  -19.969  -44.367  34.817 0.0000000000
45828  -19.313  -43.725  33.566 0.0000000000
45830  -21.714  -43.120  33.357 0.0000000000
46771  -19.521  -43.187  32.668 0.0000000000
41423  -16.857  -47.379  39.125 0.0000000000
41457  -15.737  -47.097  37.842 0.0000000000
41459  -17.229  -46.995  37.728 0.0000000000
41458  -16.534  -47.068  37.701 0.0000000000
42556  -14.640  -47.234  37.066 0.0000000000
65652  -40.395  -24.302  14.428 0.0000000000
65664  -40.745  -23.823  13.986 0.0000000000
66562  -41.157  -23.270  13.540 0.0000000000
66541  -42.631  -23.535  15.318 0.0000000000
66563  -42.114  -22.744  13.617 0.0000000000
66574  -41.617  -22.826  13.017 0.0000000000
67513  -41.967  -22.400  12.449 0.0000000000
67524  -42.580  -22.090  11.515 0.0000000000
68447  -43.275  -21.448  11.592 0.0000000000
68448  -43.967  -20.925  11.831 0.0000000000
69334  -44.980  -20.049  12.582 0.0000000000
39264  -4.355  -51.645  47.249 0.0000000000
38300  -3.948  -51.667  48.577 0.0000000000
38305  -3.896  -52.030  48.082 0.0000000000
51630  -24.589  -39.545  25.215 0.0000000000
58954  -30.311  -31.691  19.124 0.0000000000
54517  -28.322  -34.576  19.844 0.0000000000
54543  -29.263  -34.388  19.298 0.0000000000
55423  -29.747  -34.144  19.050 0.0000000000
55426  -31.931  -34.280  20.829 0.0000000000
55439  -30.811  -34.001  19.757 0.0000000000
56270  -30.705  -33.775  19.499 0.0000000000
57101  -30.559  -33.300  19.303 0.0000000000
58940  -31.340  -31.714  20.238 0.0000000000
59862  -31.398  -30.533  20.006 0.0000000000
60793  -33.104  -29.325  21.696 0.0000000000
60780  -33.904  -28.827  22.384 0.0000000000
61780  -36.476  -27.555  23.675 0.0000000000
40240  -5.765  -50.036  48.246 0.0000000000
40250  -6.197  -49.979  47.127 0.0000000000
40249  -5.522  -50.307  47.724 0.0000000000
38315  -4.704  -52.104  45.682 0.0000000000
39256  -3.578  -51.798  49.640 0.0000000000
39251  -3.674  -51.366  50.179 0.0000000000
40221  -3.388  -50.470  51.535 0.0000000000
37313  -2.094  -53.240  51.095 0.0000000000
39246  -2.596  -51.627  51.753 0.0000000000
40217  -2.991  -50.323  52.152 0.0000000000
40213  -2.103  -50.449  52.995 0.0000000000
41279  -1.996  -49.446  53.190 0.0000000000
37305  -0.259  -53.522  53.091 0.0000000000
39239  -0.373  -51.355  53.221 0.0000000000
40233  -5.508  -49.806  49.081 0.0000000000
39258  -4.914  -50.274  49.003 0.0000000000
45890  -25.834  -45.411  29.777 0.0000000000
44792  -26.404  -45.555  30.121 0.0000000000
43641  -19.826  -45.529  36.316 0.0000000000
43662  -19.379  -45.334  35.785 0.0000000000
44777  -26.237  -45.155  31.020 0.0000000000
45871  -25.872  -45.232  30.489 0.0000000000
42563  -20.361  -45.460  36.801 0.0000000000
42580  -19.583  -45.664  36.821 0.0000000000
64739  -38.931  -24.989  14.417 0.0000000000
51620  -25.490  -39.865  26.673 0.0000000000
55376  -25.420  -35.843  20.781 0.0000000000
55403  -25.803  -35.770  20.329 0.0000000000
54515  -26.285  -35.868  19.556 0.0000000000
55404  -26.629  -35.152  20.279 0.0000000000
41343  -8.201  -49.704  41.435 0.0000000000
44689  -29.773  -45.170  34.759 0.0000000000
45796  -29.670  -45.194  34.305 0.0000000000
45733  -25.632  -43.217  36.654 0.0000000000
44644  -25.027  -44.138  36.477 0.0000000000
44631  -25.335  -43.737  36.579 0.0000000000
44665  -29.491  -44.873  35.935 0.0000000000
44673  -29.465  -45.135  35.375 0.0000000000
46701  -24.973  -42.868  36.814 0.0000000000
62760  -35.301  -26.749  22.127 0.0000000000
62762  -36.707  -26.159  22.622 0.0000000000
64666  -39.480  -24.281  20.319 0.0000000000
63715  -38.937  -24.460  19.018 0.0000000000
64672  -40.349  -23.916  19.420 0.0000000000
40218  -3.768  -49.784  51.544 0.0000000000
41281  -3.767  -48.737  52.109 0.0000000000
47717  -27.099  -43.007  27.634 0.0000000000
48610  -27.502  -42.324  28.382 0.0000000000
48568  -30.219  -41.926  31.554 0.0000000000
49520  -31.002  -41.461  31.523 0.0000000000
53461  -28.141  -38.974  30.687 0.0000000000
53453  -28.320  -38.126  31.131 0.0000000000
42591  -14.714  -47.396  34.547 0.0000000000
43658  -15.325  -47.049  34.115 0.0000000000
44707  -23.547  -43.895  34.241 0.0000000000
42575  -16.326  -46.705  36.538 0.0000000000
67522  -41.429  -23.044  11.799 0.0000000000
65629  -42.533  -24.199  16.696 0.0000000000
65645  -42.811  -24.001  16.256 0.0000000000
67497  -44.010  -22.204  15.153 0.0000000000
67507  -44.033  -21.706  14.724 0.0000000000
68434  -44.254  -21.036  14.285 0.0000000000
68428  -44.594  -20.925  15.013 0.0000000000
53513  -24.086  -37.764  25.082 0.0000000000
53524  -23.935  -37.608  23.836 0.0000000000
55436  -28.639  -34.893  17.563 0.0000000000
54520  -31.476  -34.803  21.313 0.0000000000
54546  -31.790  -34.631  21.098 0.0000000000
58931  -34.147  -32.139  21.821 0.0000000000
58930  -33.396  -31.929  21.537 0.0000000000
59837  -34.546  -30.777  22.582 0.0000000000
59838  -35.188  -31.177  22.768 0.0000000000
37318  -2.832  -53.004  49.574 0.0000000000
55280  -29.536  -34.606  28.399 0.0000000000
40223  -4.757  -49.522  50.457 0.0000000000
40219  -4.342  -49.480  51.048 0.0000000000
45906  -24.293  -45.235  28.322 0.0000000000
45908  -26.378  -45.342  28.708 0.0000000000
45923  -25.772  -45.218  28.108 0.0000000000
46834  -26.652  -45.132  28.329 0.0000000000
42594  -17.384  -45.994  36.228 0.0000000000
43684  -18.080  -44.920  35.024 0.0000000000
44730  -25.270  -44.108  32.995 0.0000000000
44729  -24.359  -43.728  33.492 0.0000000000
45868  -23.294  -43.685  29.618 0.0000000000
46803  -22.693  -42.925  30.062 0.0000000000
45887  -22.979  -44.141  28.972 0.0000000000
42543  -19.692  -45.360  37.336 0.0000000000
42529  -19.419  -45.500  37.711 0.0000000000
43599  -19.197  -45.572  38.007 0.0000000000
41445  -18.591  -46.241  37.715 0.0000000000
54446  -24.898  -35.521  23.341 0.0000000000
55408  -34.509  -34.397  22.376 0.0000000000
57963  -35.233  -32.442  22.183 0.0000000000
41333  -9.254  -49.223  42.710 0.0000000000
40300  -7.855  -49.725  43.388 0.0000000000
44757  -27.719  -45.817  31.317 0.0000000000
44734  -28.476  -45.827  32.235 0.0000000000
46756  -30.350  -44.141  34.105 0.0000000000
45836  -29.405  -44.283  32.995 0.0000000000
46763  -29.910  -43.922  33.455 0.0000000000
43614  -22.353  -44.763  36.287 0.0000000000
43626  -22.103  -44.994  36.161 0.0000000000
43616  -24.680  -44.631  36.008 0.0000000000
43628  -24.420  -44.674  35.713 0.0000000000
43646  -25.207  -44.668  35.271 0.0000000000
45753  -27.900  -43.613  36.447 0.0000000000
44646  -27.210  -43.789  36.342 0.0000000000
43648  -27.132  -44.999  35.132 0.0000000000
43631  -27.195  -44.832  35.436 0.0000000000
43668  -25.906  -44.716  34.758 0.0000000000
43686  -26.277  -44.945  34.190 0.0000000000
43687  -26.713  -45.505  34.057 0.0000000000
44712  -28.270  -45.884  33.328 0.0000000000
44642  -23.067  -44.108  36.611 0.0000000000
60792  -32.479  -29.095  20.939 0.0000000000
61804  -32.846  -28.271  21.054 0.0000000000
62773  -35.196  -26.286  21.038 0.0000000000
62783  -34.295  -26.603  19.663 0.0000000000
63683  -37.873  -25.325  21.822 0.0000000000
63682  -37.076  -25.667  21.693 0.0000000000
63703  -37.874  -24.847  19.939 0.0000000000
63702  -37.027  -25.185  19.729 0.0000000000
63712  -36.222  -25.478  18.503 0.0000000000
63729  -36.215  -25.378  17.530 0.0000000000
64706  -38.005  -24.859  16.072 0.0000000000
64707  -38.962  -24.622  16.328 0.0000000000
64681  -41.229  -23.764  18.447 0.0000000000
64692  -41.139  -23.942  17.496 0.0000000000
64694  -42.584  -23.740  17.960 0.0000000000
53477  -25.758  -37.726  28.144 0.0000000000
54392  -25.413  -36.762  27.740 0.0000000000
55293  -28.659  -34.639  27.592 0.0000000000
55343  -27.592  -33.904  23.461 0.0000000000
55360  -29.711  -34.066  23.128 0.0000000000
54487  -30.839  -34.794  21.712 0.0000000000
54466  -31.174  -34.857  22.605 0.0000000000
54449  -32.593  -35.501  23.725 0.0000000000
54468  -33.061  -35.615  22.998 0.0000000000
54490  -33.456  -35.292  22.608 0.0000000000
41419  -14.077  -47.447  39.747 0.0000000000
41402  -14.433  -47.591  40.186 0.0000000000
41401  -13.695  -47.626  40.265 0.0000000000
42539  -12.390  -47.890  37.303 0.0000000000
42510  -11.813  -47.849  39.200 0.0000000000
41381  -11.322  -47.864  40.862 0.0000000000
42421  -2.427  -48.404  52.966 0.0000000000
46864  -25.476  -44.784  26.199 0.0000000000
49582  -26.398  -41.900  27.220 0.0000000000
50640  -26.202  -41.306  27.430 0.0000000000
45875  -28.622  -44.858  31.268 0.0000000000
45874  -28.372  -45.039  30.703 0.0000000000
46805  -28.532  -44.216  31.004 0.0000000000
47699  -29.131  -42.236  30.661 0.0000000000
46821  -28.435  -43.643  30.246 0.0000000000
47698  -28.761  -42.668  30.152 0.0000000000
48590  -29.114  -41.984  29.935 0.0000000000
51578  -28.878  -40.301  30.186 0.0000000000
50600  -29.062  -40.700  29.941 0.0000000000
49557  -28.776  -41.524  29.194 0.0000000000
50623  -28.674  -41.035  29.351 0.0000000000
52555  -26.659  -39.214  29.324 0.0000000000
53478  -26.160  -38.736  28.755 0.0000000000
53451  -27.413  -36.678  30.292 0.0000000000
53459  -27.001  -37.148  29.830 0.0000000000
54352  -27.502  -36.211  30.258 0.0000000000
55237  -27.745  -35.951  30.442 0.0000000000
55223  -29.640  -35.796  32.103 0.0000000000
54342  -29.379  -35.963  32.024 0.0000000000
55230  -29.302  -35.505  31.659 0.0000000000
55259  -28.296  -35.109  29.760 0.0000000000
43681  -15.760  -46.673  33.462 0.0000000000
43664  -21.420  -44.881  35.559 0.0000000000
44705  -21.068  -44.179  34.800 0.0000000000
45810  -20.197  -43.908  34.405 0.0000000000
45809  -19.070  -44.179  34.257 0.0000000000
45812  -22.581  -43.541  33.856 0.0000000000
46773  -21.986  -42.631  32.376 0.0000000000
41441  -16.419  -47.236  38.514 0.0000000000
41460  -17.838  -46.707  37.521 0.0000000000
41443  -17.629  -46.891  38.268 0.0000000000
42557  -15.820  -46.980  37.020 0.0000000000
66551  -41.658  -23.255  14.126 0.0000000000
66542  -43.225  -23.509  15.783 0.0000000000
66564  -42.933  -22.744  14.225 0.0000000000
67504  -42.413  -22.174  13.092 0.0000000000
68440  -43.700  -21.161  12.972 0.0000000000
67514  -42.856  -21.666  12.598 0.0000000000
69331  -44.785  -20.149  13.595 0.0000000000
69335  -45.347  -19.530  13.105 0.0000000000
69332  -45.297  -19.556  13.939 0.0000000000
38310  -3.861  -52.625  47.300 0.0000000000
53503  -24.773  -38.475  26.208 0.0000000000
52581  -24.914  -38.942  25.994 0.0000000000
57099  -29.644  -33.017  17.977 0.0000000000
58003  -29.898  -32.326  18.559 0.0000000000
54484  -27.536  -34.693  20.311 0.0000000000
55424  -30.283  -34.182  19.559 0.0000000000
55427  -32.809  -34.288  21.347 0.0000000000
56260  -32.661  -33.860  21.111 0.0000000000
57090  -31.807  -33.359  20.544 0.0000000000
56271  -31.313  -33.830  20.220 0.0000000000
59863  -32.033  -30.910  20.642 0.0000000000
59850  -32.554  -30.206  21.136 0.0000000000
60781  -34.523  -29.561  22.802 0.0000000000
61778  -35.220  -28.513  23.249 0.0000000000
61779  -35.767  -28.314  23.497 0.0000000000
39265  -5.179  -50.719  47.179 0.0000000000
39274  -5.156  -51.821  45.185 0.0000000000
39257  -4.126  -51.174  49.081 0.0000000000
39247  -3.282  -51.166  51.103 0.0000000000
37316  -1.722  -53.932  50.936 0.0000000000
38288  -1.890  -52.412  52.223 0.0000000000
39244  -2.915  -50.966  51.792 0.0000000000
40214  -2.728  -50.159  52.632 0.0000000000
40216  -2.401  -50.705  52.599 0.0000000000
39240  -1.190  -51.423  53.126 0.0000000000
41278  -1.312  -49.802  53.429 0.0000000000
37304  0.421  -53.345  53.166 0.0000000000
38282  -0.346  -52.403  53.163 0.0000000000
39252  -4.481  -50.502  49.816 0.0000000000
45909  -27.052  -45.422  29.116 0.0000000000
43639  -18.396  -45.828  36.357 0.0000000000
43661  -18.147  -45.510  35.786 0.0000000000
44680  -19.745  -44.714  35.256 0.0000000000
44754  -25.735  -44.515  32.139 0.0000000000
45833  -25.160  -44.055  32.084 0.0000000000
45851  -25.460  -44.307  31.505 0.0000000000
43601  -21.395  -44.691  36.789 0.0000000000
43612  -20.214  -45.251  37.015 0.0000000000
42561  -18.988  -45.972  37.237 0.0000000000
42579  -19.111  -45.897  36.858 0.0000000000
64705  -37.131  -25.146  15.880 0.0000000000
49594  -25.749  -41.897  25.723 0.0000000000
54483  -24.946  -36.214  21.334 0.0000000000
41359  -9.473  -48.639  41.214 0.0000000000
40315  -7.065  -50.778  41.904 0.0000000000
44713  -28.917  -45.507  33.095 0.0000000000
45814  -29.473  -45.109  33.722 0.0000000000
44643  -24.125  -44.155  36.520 0.0000000000
43603  -23.848  -44.440  36.300 0.0000000000
43604  -24.820  -44.411  36.286 0.0000000000
43617  -25.745  -44.517  36.016 0.0000000000
44655  -27.968  -44.304  36.099 0.0000000000
44671  -27.730  -45.451  35.105 0.0000000000
43670  -27.328  -45.509  34.780 0.0000000000
44686  -27.172  -45.697  34.338 0.0000000000
44687  -27.958  -45.835  34.410 0.0000000000
45732  -24.595  -43.374  36.751 0.0000000000
61790  -34.103  -27.898  22.354 0.0000000000
62759  -34.495  -27.163  21.891 0.0000000000
62774  -35.862  -26.073  21.461 0.0000000000
63693  -38.650  -24.829  21.096 0.0000000000
63714  -37.887  -24.787  18.934 0.0000000000
63732  -38.708  -24.499  18.150 0.0000000000
63733  -39.575  -24.302  18.031 0.0000000000
63751  -39.247  -24.413  17.586 0.0000000000
64680  -40.188  -24.060  18.476 0.0000000000
54393  -25.977  -36.394  28.479 0.0000000000
55304  -29.041  -34.371  26.596 0.0000000000
41421  -15.514  -47.426  39.489 0.0000000000
42526  -13.785  -47.311  38.992 0.0000000000
42493  -10.122  -48.048  39.608 0.0000000000
69347  -44.705  -20.221  10.910 0.0000000000
70212  -45.228  -19.724  11.262 0.0000000000
70213  -45.848  -19.110  10.706 0.0000000000
47727  -26.715  -43.095  26.915 0.0000000000
46792  -28.970  -43.545  31.863 0.0000000000
46806  -28.674  -43.374  31.284 0.0000000000
48577  -29.655  -41.972  30.828 0.0000000000
52541  -29.781  -39.582  31.402 0.0000000000
52548  -29.160  -39.789  30.949 0.0000000000
52547  -28.577  -39.817  30.465 0.0000000000
52557  -28.017  -39.936  30.110 0.0000000000
52546  -27.765  -39.317  30.223 0.0000000000
55231  -29.923  -35.106  31.879 0.0000000000
45806  -16.866  -45.568  33.556 0.0000000000
46774  -22.797  -42.652  31.918 0.0000000000
64726  -40.992  -24.444  16.092 0.0000000000
65654  -41.652  -23.917  15.102 0.0000000000
66554  -43.611  -22.736  15.074 0.0000000000
69328  -44.838  -20.294  14.484 0.0000000000
38314  -4.252  -52.593  46.226 0.0000000000
52584  -24.074  -38.695  24.295 0.0000000000
55448  -28.870  -34.527  17.225 0.0000000000
54486  -29.771  -34.543  21.315 0.0000000000
57075  -33.969  -33.346  21.616 0.0000000000
57092  -33.235  -33.343  21.330 0.0000000000
57992  -32.355  -32.744  20.866 0.0000000000
57991  -31.585  -32.695  20.431 0.0000000000
58942  -32.753  -32.178  21.171 0.0000000000
59851  -33.238  -30.765  21.675 0.0000000000
60765  -35.703  -29.652  23.495 0.0000000000
40272  -8.101  -49.559  45.349 0.0000000000
40260  -7.187  -49.740  46.180 0.0000000000
39271  -5.711  -50.641  46.186 0.0000000000
38284  -1.846  -51.906  52.610 0.0000000000
45734  -26.490  -43.149  36.576 0.0000000000
45768  -29.320  -44.286  36.468 0.0000000000
62751  -37.551  -26.234  23.656 0.0000000000
63679  -38.609  -25.162  22.998 0.0000000000
64662  -40.222  -24.057  21.486 0.0000000000
64668  -41.426  -23.657  20.535 0.0000000000
55279  -28.407  -34.871  28.666 0.0000000000
55329  -30.198  -34.104  24.898 0.0000000000
46843  -25.666  -45.065  27.329 0.0000000000
46846  -27.475  -43.330  28.253 0.0000000000
43683  -17.295  -45.360  34.750 0.0000000000
44701  -17.009  -45.571  33.960 0.0000000000
45827  -18.339  -44.258  33.359 0.0000000000
41426  -18.434  -46.310  38.211 0.0000000000
42560  -18.678  -46.199  37.238 0.0000000000
42559  -18.309  -46.443  37.241 0.0000000000
41476  -17.564  -46.697  37.046 0.0000000000
65630  -43.360  -23.995  16.702 0.0000000000
66523  -44.520  -23.156  17.532 0.0000000000
66531  -44.243  -23.456  16.841 0.0000000000
68424  -44.842  -21.256  15.690 0.0000000000
55406  -33.026  -34.653  21.602 0.0000000000
55428  -33.367  -34.306  21.630 0.0000000000
57979  -34.610  -32.685  21.842 0.0000000000
58915  -35.641  -31.869  22.595 0.0000000000
36382  -0.669  -54.626  52.687 0.0000000000
44778  -26.861  -45.627  30.625 0.0000000000
45852  -28.217  -45.531  31.124 0.0000000000
45854  -28.883  -44.703  31.731 0.0000000000
45835  -29.153  -45.038  32.616 0.0000000000
46775  -29.084  -44.256  32.300 0.0000000000
47658  -29.795  -42.951  32.969 0.0000000000
46749  -31.446  -43.867  35.183 0.0000000000
43642  -21.013  -45.316  35.746 0.0000000000
43644  -22.925  -44.705  35.699 0.0000000000
43666  -23.606  -44.545  35.173 0.0000000000
44632  -26.280  -43.563  36.498 0.0000000000
44645  -26.050  -44.121  36.306 0.0000000000
44653  -26.317  -44.410  36.050 0.0000000000
44662  -27.149  -44.699  35.622 0.0000000000
43630  -26.586  -44.654  35.563 0.0000000000
44685  -25.123  -44.364  34.434 0.0000000000
44709  -25.787  -44.503  33.796 0.0000000000
44755  -26.210  -45.131  31.971 0.0000000000
45751  -22.419  -43.894  37.168 0.0000000000
60805  -31.287  -29.643  19.524 0.0000000000
61817  -31.760  -28.869  19.579 0.0000000000
62771  -33.419  -27.409  20.449 0.0000000000
63691  -37.123  -25.422  20.692 0.0000000000
63690  -36.227  -25.695  20.550 0.0000000000
63689  -35.561  -25.869  20.109 0.0000000000
63700  -35.341  -25.927  19.277 0.0000000000
63748  -37.035  -24.991  16.792 0.0000000000
64723  -38.019  -25.027  15.184 0.0000000000
64710  -41.766  -24.304  16.782 0.0000000000
65620  -42.833  -24.100  17.120 0.0000000000
64669  -42.098  -23.553  20.029 0.0000000000
64674  -42.263  -23.514  19.373 0.0000000000
65615  -43.295  -23.529  18.463 0.0000000000
65621  -43.126  -23.846  17.615 0.0000000000
65622  -43.935  -23.587  17.796 0.0000000000
53490  -24.991  -37.823  26.846 0.0000000000
54406  -24.656  -37.385  26.428 0.0000000000
55341  -25.511  -35.100  22.728 0.0000000000
54464  -29.052  -34.286  21.739 0.0000000000
55346  -30.718  -34.307  24.381 0.0000000000
54448  -31.402  -34.782  23.888 0.0000000000
54522  -33.169  -35.029  22.027 0.0000000000
54523  -33.741  -34.941  22.403 0.0000000000
42496  -12.632  -47.762  40.332 0.0000000000
70210  -46.584  -18.364  12.326 0.0000000000
48620  -26.228  -42.559  26.240 0.0000000000
45872  -27.318  -45.631  30.186 0.0000000000
45892  -27.584  -45.323  29.624 0.0000000000
46819  -27.758  -45.050  29.315 0.0000000000
46820  -28.135  -44.597  29.792 0.0000000000
47709  -27.989  -42.869  28.834 0.0000000000
49542  -29.548  -41.628  30.346 0.0000000000
50601  -29.660  -41.001  30.357 0.0000000000
48602  -28.630  -42.128  29.327 0.0000000000
48601  -28.084  -42.225  28.878 0.0000000000
49569  -27.440  -41.780  28.572 0.0000000000
50631  -27.307  -41.263  28.764 0.0000000000
51596  -27.692  -40.417  29.536 0.0000000000
51610  -27.021  -40.426  29.064 0.0000000000
50630  -26.564  -40.932  28.310 0.0000000000
51609  -26.425  -40.327  28.482 0.0000000000
52575  -25.855  -39.593  28.039 0.0000000000
52564  -25.804  -38.950  28.117 0.0000000000
54376  -26.585  -36.450  29.177 0.0000000000
55257  -26.934  -36.171  29.503 0.0000000000
54348  -29.003  -36.409  31.801 0.0000000000
54347  -28.360  -36.221  31.295 0.0000000000
55238  -28.318  -35.633  30.780 0.0000000000
45829  -20.469  -43.330  33.603 0.0000000000
46770  -18.636  -43.897  32.670 0.0000000000
41422  -16.258  -47.432  39.268 0.0000000000
41440  -15.717  -47.240  38.679 0.0000000000
41456  -15.122  -47.154  38.109 0.0000000000
41474  -16.775  -46.955  37.242 0.0000000000
65651  -39.778  -24.640  14.063 0.0000000000
65642  -40.771  -24.321  14.907 0.0000000000
65663  -40.304  -23.989  13.422 0.0000000000
66561  -40.782  -23.426  12.956 0.0000000000
66552  -42.173  -23.396  14.716 0.0000000000
66553  -43.006  -23.077  14.946 0.0000000000
67512  -41.597  -22.752  11.987 0.0000000000
67523  -41.888  -22.860  11.449 0.0000000000
68456  -43.788  -21.197  10.884 0.0000000000
68449  -44.366  -20.618  12.456 0.0000000000
70205  -45.933  -18.991  13.348 0.0000000000
39261  -4.350  -51.250  48.064 0.0000000000
38304  -3.449  -52.824  48.214 0.0000000000
51619  -25.266  -39.493  26.363 0.0000000000
51631  -25.034  -39.665  25.818 0.0000000000
59875  -30.394  -30.714  18.992 0.0000000000
55425  -31.009  -34.167  20.183 0.0000000000
56259  -32.044  -33.783  20.738 0.0000000000
55440  -31.241  -34.044  20.235 0.0000000000
55438  -30.141  -34.006  19.190 0.0000000000
56269  -30.023  -33.725  18.921 0.0000000000
58004  -30.369  -32.580  19.213 0.0000000000
58005  -30.859  -32.703  19.874 0.0000000000
58955  -30.681  -31.990  19.687 0.0000000000
58939  -30.820  -31.137  19.634 0.0000000000
61791  -34.801  -28.077  22.903 0.0000000000
59819  -35.824  -30.871  23.201 0.0000000000
39281  -5.651  -51.705  44.198 0.0000000000
39248  -3.998  -50.672  50.516 0.0000000000
38295  -2.493  -52.847  50.705 0.0000000000
38291  -2.573  -52.324  51.218 0.0000000000
41284  -3.036  -49.856  52.444 0.0000000000
41274  -1.810  -48.915  53.194 0.0000000000
41462  -18.659  -46.225  37.477 0.0000000000
42544  -20.583  -45.206  37.215 0.0000000000
44629  -23.587  -43.868  36.690 0.0000000000
44654  -26.963  -44.394  35.927 0.0000000000
44735  -28.901  -45.547  32.516 0.0000000000
44758  -28.330  -45.726  31.541 0.0000000000
44779  -27.447  -45.706  30.636 0.0000000000
45735  -27.316  -43.283  36.523 0.0000000000
45798  -30.740  -44.198  34.755 0.0000000000
45853  -28.670  -45.338  31.650 0.0000000000
45893  -28.097  -45.239  30.076 0.0000000000
47683  -28.561  -43.254  30.796 0.0000000000
53458  -26.704  -36.798  29.409 0.0000000000
53489  -24.686  -37.653  26.448 0.0000000000
54361  -27.178  -36.406  29.880 0.0000000000
60804  -30.993  -29.827  19.240 0.0000000000
62749  -36.214  -26.938  23.147 0.0000000000
63678  -37.802  -25.644  22.871 0.0000000000
64671  -39.550  -24.246  19.391 0.0000000000
64679  -39.583  -24.259  18.888 0.0000000000
64683  -42.749  -23.605  18.423 0.0000000000
