#!ascii label  , from subject msSRGRS20160210 vox2ras=TkReg
724
33363  -10.480  -57.467  43.532 0.0000000000
45759  -35.557  -45.188  38.443 0.0000000000
48565  -40.410  -43.285  32.155 0.0000000000
47762  -46.680  -43.426  23.635 0.0000000000
43592  -30.989  -47.966  38.908 0.0000000000
46860  -43.478  -45.094  26.581 0.0000000000
57035  -44.318  -33.280  24.332 0.0000000000
61770  -47.441  -28.634  23.625 0.0000000000
44668  -37.614  -46.887  36.588 0.0000000000
44741  -40.110  -46.351  32.741 0.0000000000
48524  -38.058  -43.354  35.756 0.0000000000
35446  -13.512  -55.611  46.647 0.0000000000
34434  -16.677  -56.995  44.667 0.0000000000
33360  -20.639  -57.923  43.283 0.0000000000
34455  -24.079  -56.719  42.212 0.0000000000
36486  -27.890  -54.196  40.728 0.0000000000
38366  -31.234  -52.212  40.138 0.0000000000
40373  -34.841  -49.494  38.828 0.0000000000
40523  -42.060  -50.152  28.001 0.0000000000
62755  -49.707  -28.409  22.107 0.0000000000
46710  -36.957  -45.677  38.172 0.0000000000
45775  -38.539  -44.943  36.649 0.0000000000
47607  -36.624  -44.150  37.363 0.0000000000
37347  -13.583  -54.312  45.194 0.0000000000
35456  -14.808  -56.016  45.758 0.0000000000
39308  -27.593  -51.605  40.624 0.0000000000
37415  -29.142  -53.160  40.727 0.0000000000
40337  -29.304  -51.148  40.723 0.0000000000
44650  -33.413  -46.487  38.714 0.0000000000
42487  -32.761  -48.510  40.193 0.0000000000
44622  -35.434  -47.036  39.571 0.0000000000
42548  -36.589  -48.630  37.935 0.0000000000
46767  -41.274  -44.909  33.170 0.0000000000
43733  -41.299  -47.823  30.375 0.0000000000
45880  -42.095  -46.312  31.013 0.0000000000
46880  -45.830  -44.646  24.820 0.0000000000
44850  -45.237  -46.515  25.589 0.0000000000
46887  -46.647  -45.020  23.890 0.0000000000
47782  -47.295  -43.376  21.851 0.0000000000
57023  -47.498  -33.519  25.161 0.0000000000
54441  -47.254  -36.134  24.605 0.0000000000
41409  -29.423  -49.408  38.976 0.0000000000
48667  -44.603  -42.838  23.638 0.0000000000
59798  -45.234  -30.403  24.486 0.0000000000
59788  -47.632  -30.475  24.553 0.0000000000
60800  -50.456  -29.294  20.770 0.0000000000
42629  -36.248  -48.290  32.818 0.0000000000
44694  -38.568  -45.761  34.830 0.0000000000
46753  -39.756  -44.413  35.217 0.0000000000
33323  -12.680  -56.927  46.430 0.0000000000
32256  -17.604  -59.021  43.034 0.0000000000
33357  -18.446  -57.729  44.092 0.0000000000
31142  -19.466  -59.091  42.684 0.0000000000
31145  -21.886  -58.850  42.118 0.0000000000
31147  -23.554  -58.409  41.622 0.0000000000
32291  -25.198  -57.861  41.032 0.0000000000
35497  -26.205  -55.701  41.365 0.0000000000
36509  -28.097  -55.049  38.936 0.0000000000
41367  -31.050  -49.622  40.478 0.0000000000
40357  -32.745  -50.511  39.860 0.0000000000
39349  -33.720  -51.263  36.661 0.0000000000
39373  -35.259  -50.363  36.399 0.0000000000
41499  -36.039  -49.625  35.121 0.0000000000
44822  -43.576  -47.149  27.698 0.0000000000
52600  -47.105  -38.444  23.540 0.0000000000
49655  -47.846  -41.515  22.337 0.0000000000
33332  -11.267  -57.488  46.270 0.0000000000
46708  -36.140  -45.312  38.471 0.0000000000
46721  -36.979  -44.912  37.923 0.0000000000
47598  -36.148  -44.412  37.857 0.0000000000
40370  -27.552  -51.032  39.868 0.0000000000
39309  -28.214  -51.529  40.766 0.0000000000
40371  -28.373  -50.628  39.835 0.0000000000
45758  -34.744  -45.532  38.566 0.0000000000
44636  -34.298  -46.683  39.455 0.0000000000
45740  -35.652  -45.813  39.030 0.0000000000
45721  -36.537  -46.428  39.087 0.0000000000
45858  -41.816  -45.922  31.784 0.0000000000
46808  -41.613  -44.963  31.488 0.0000000000
47751  -46.236  -44.064  24.244 0.0000000000
46881  -46.461  -44.901  24.434 0.0000000000
47753  -47.069  -44.223  23.686 0.0000000000
46899  -47.227  -44.082  22.833 0.0000000000
47763  -47.214  -43.634  23.266 0.0000000000
57029  -47.570  -33.504  24.556 0.0000000000
56201  -47.645  -34.735  24.508 0.0000000000
55370  -47.783  -35.697  23.398 0.0000000000
61768  -44.998  -29.184  23.340 0.0000000000
60754  -46.035  -29.399  24.271 0.0000000000
59800  -46.745  -30.471  25.067 0.0000000000
60742  -47.388  -29.533  24.408 0.0000000000
59802  -48.049  -30.107  24.126 0.0000000000
60755  -48.420  -29.363  23.452 0.0000000000
61800  -50.381  -28.544  21.709 0.0000000000
43674  -36.667  -47.710  34.925 0.0000000000
44716  -37.214  -46.722  34.133 0.0000000000
44675  -37.706  -46.638  35.870 0.0000000000
47610  -38.446  -44.274  36.558 0.0000000000
46745  -39.187  -44.421  35.806 0.0000000000
48526  -39.167  -43.670  35.637 0.0000000000
48534  -39.979  -43.628  34.635 0.0000000000
49487  -38.487  -42.703  34.473 0.0000000000
33335  -13.587  -57.037  45.629 0.0000000000
34423  -14.123  -56.580  45.891 0.0000000000
34433  -15.889  -56.884  44.877 0.0000000000
34449  -20.074  -56.920  43.311 0.0000000000
33358  -19.220  -57.743  43.701 0.0000000000
31122  -19.010  -58.820  43.331 0.0000000000
32258  -20.128  -58.451  43.195 0.0000000000
31162  -20.800  -59.246  41.799 0.0000000000
32259  -20.849  -58.245  43.028 0.0000000000
33380  -23.758  -57.444  42.218 0.0000000000
32290  -24.646  -58.261  41.175 0.0000000000
33382  -25.206  -57.108  41.621 0.0000000000
37412  -26.741  -53.766  41.037 0.0000000000
36484  -26.270  -54.542  41.253 0.0000000000
36485  -27.094  -54.590  41.133 0.0000000000
35502  -26.445  -55.900  41.133 0.0000000000
35506  -27.367  -55.594  40.510 0.0000000000
35510  -27.500  -55.816  39.935 0.0000000000
36496  -28.074  -54.669  40.448 0.0000000000
37438  -30.188  -53.089  40.377 0.0000000000
37452  -29.996  -53.717  39.455 0.0000000000
37453  -30.764  -53.116  39.528 0.0000000000
38385  -31.414  -52.604  39.036 0.0000000000
41389  -29.873  -49.696  40.144 0.0000000000
42485  -31.091  -48.930  40.219 0.0000000000
41371  -34.134  -49.151  39.608 0.0000000000
41369  -33.049  -49.313  40.251 0.0000000000
39324  -33.694  -50.368  39.218 0.0000000000
39323  -33.054  -51.028  38.979 0.0000000000
39336  -34.122  -50.358  38.241 0.0000000000
40386  -35.287  -49.593  38.203 0.0000000000
43636  -37.223  -47.755  36.881 0.0000000000
42566  -36.601  -48.680  37.010 0.0000000000
43652  -36.739  -48.157  35.869 0.0000000000
42610  -36.178  -48.486  33.994 0.0000000000
36413  -12.613  -54.873  46.614 0.0000000000
35436  -12.556  -55.650  47.367 0.0000000000
34403  -12.696  -56.078  47.321 0.0000000000
44740  -39.041  -46.217  32.924 0.0000000000
44784  -39.240  -46.623  30.868 0.0000000000
41563  -41.677  -49.753  29.138 0.0000000000
46849  -42.490  -44.913  27.904 0.0000000000
45913  -42.574  -45.964  28.394 0.0000000000
45928  -43.505  -46.172  27.302 0.0000000000
44880  -45.424  -46.323  24.354 0.0000000000
43807  -44.593  -47.212  25.783 0.0000000000
53536  -48.053  -37.268  23.706 0.0000000000
53521  -46.991  -36.883  24.423 0.0000000000
52601  -47.863  -38.373  23.380 0.0000000000
51663  -47.488  -39.383  23.000 0.0000000000
50684  -48.186  -39.923  22.408 0.0000000000
49656  -48.173  -41.420  21.977 0.0000000000
62740  -47.218  -28.251  22.872 0.0000000000
62742  -48.953  -28.442  22.855 0.0000000000
62753  -48.067  -28.144  22.095 0.0000000000
62766  -49.930  -27.706  21.325 0.0000000000
44659  -37.563  -46.512  37.454 0.0000000000
44669  -37.957  -46.044  36.666 0.0000000000
45761  -37.595  -45.320  37.504 0.0000000000
47609  -37.928  -44.274  36.922 0.0000000000
47619  -37.677  -43.724  36.490 0.0000000000
36415  -13.759  -55.486  46.403 0.0000000000
35447  -13.905  -55.842  46.458 0.0000000000
35467  -16.189  -55.829  44.674 0.0000000000
38343  -27.921  -52.729  41.043 0.0000000000
36487  -28.467  -53.611  40.657 0.0000000000
38344  -28.651  -52.535  41.070 0.0000000000
38345  -29.455  -52.362  40.988 0.0000000000
39298  -29.754  -51.619  40.856 0.0000000000
43594  -32.311  -47.339  39.243 0.0000000000
43581  -32.016  -47.805  39.723 0.0000000000
44619  -33.401  -47.213  39.573 0.0000000000
43584  -34.112  -47.668  39.694 0.0000000000
42504  -35.505  -48.093  39.519 0.0000000000
41411  -35.903  -48.807  38.742 0.0000000000
43595  -36.495  -47.807  39.157 0.0000000000
44651  -37.135  -46.666  38.412 0.0000000000
36422  -12.775  -54.398  45.753 0.0000000000
44720  -40.803  -45.976  33.366 0.0000000000
43717  -40.967  -47.107  31.527 0.0000000000
44743  -41.460  -46.270  32.291 0.0000000000
43720  -42.097  -47.368  30.680 0.0000000000
42661  -42.339  -48.348  29.572 0.0000000000
46870  -44.763  -44.964  25.699 0.0000000000
45940  -44.717  -45.909  26.208 0.0000000000
45951  -45.571  -45.780  25.503 0.0000000000
44881  -45.914  -46.148  24.577 0.0000000000
57021  -46.631  -33.621  25.576 0.0000000000
55320  -46.293  -34.795  25.250 0.0000000000
55322  -47.200  -34.570  25.219 0.0000000000
54460  -48.215  -36.421  23.803 0.0000000000
45772  -34.331  -45.297  37.448 0.0000000000
44658  -33.136  -46.536  37.769 0.0000000000
47703  -41.420  -43.968  30.084 0.0000000000
47731  -43.530  -44.639  26.023 0.0000000000
47739  -43.908  -44.357  25.373 0.0000000000
47750  -44.965  -43.867  24.457 0.0000000000
47761  -45.888  -43.315  23.816 0.0000000000
58881  -44.941  -31.452  24.533 0.0000000000
58872  -46.506  -31.715  25.374 0.0000000000
57925  -47.491  -32.485  25.062 0.0000000000
57932  -47.523  -32.278  24.468 0.0000000000
61785  -49.519  -28.778  22.610 0.0000000000
60786  -49.778  -29.341  21.925 0.0000000000
43701  -36.539  -47.196  32.588 0.0000000000
44739  -37.989  -46.211  33.120 0.0000000000
45819  -39.523  -45.607  34.137 0.0000000000
45783  -38.477  -45.391  36.382 0.0000000000
45801  -39.191  -45.333  34.954 0.0000000000
44695  -40.254  -45.457  34.027 0.0000000000
46760  -40.669  -44.665  34.101 0.0000000000
47653  -40.545  -43.886  33.802 0.0000000000
46744  -35.419  -44.094  36.477 0.0000000000
47631  -36.671  -43.217  35.562 0.0000000000
49493  -37.327  -42.144  34.076 0.0000000000
33333  -12.093  -57.337  46.054 0.0000000000
33353  -12.296  -57.522  44.359 0.0000000000
32287  -17.989  -58.892  41.468 0.0000000000
36447  -16.396  -55.001  43.576 0.0000000000
34441  -17.280  -56.839  44.509 0.0000000000
33356  -17.697  -57.735  44.351 0.0000000000
31141  -18.715  -59.167  42.908 0.0000000000
31181  -22.150  -59.225  40.923 0.0000000000
31165  -23.319  -58.788  41.152 0.0000000000
36465  -24.980  -55.428  41.634 0.0000000000
36483  -25.401  -54.725  41.256 0.0000000000
35496  -25.360  -55.893  41.735 0.0000000000
33383  -25.727  -56.816  41.412 0.0000000000
33394  -26.068  -57.012  41.015 0.0000000000
36503  -28.849  -54.444  39.630 0.0000000000
41388  -28.988  -50.410  40.085 0.0000000000
40338  -30.019  -50.720  40.682 0.0000000000
40339  -30.860  -50.580  40.610 0.0000000000
41368  -32.146  -49.468  40.402 0.0000000000
39301  -31.968  -50.732  40.240 0.0000000000
39310  -31.665  -51.582  40.095 0.0000000000
38387  -32.540  -51.468  39.044 0.0000000000
38423  -32.963  -51.477  37.068 0.0000000000
39389  -35.643  -51.180  35.185 0.0000000000
41450  -36.085  -49.216  37.438 0.0000000000
40410  -35.638  -50.139  36.009 0.0000000000
39400  -36.234  -51.219  34.245 0.0000000000
40455  -36.359  -50.410  33.668 0.0000000000
33322  -12.153  -57.087  46.874 0.0000000000
45898  -42.031  -45.845  29.883 0.0000000000
44799  -42.557  -46.956  29.244 0.0000000000
41583  -42.898  -48.872  28.126 0.0000000000
43795  -44.370  -47.248  26.337 0.0000000000
42717  -43.436  -48.188  26.758 0.0000000000
42716  -42.644  -48.722  26.832 0.0000000000
49629  -44.900  -42.033  23.044 0.0000000000
48669  -46.323  -42.561  23.314 0.0000000000
54440  -46.377  -36.163  24.701 0.0000000000
53533  -45.356  -37.175  23.990 0.0000000000
51662  -46.640  -39.412  23.089 0.0000000000
49631  -46.655  -41.592  22.858 0.0000000000
48670  -47.053  -42.557  23.125 0.0000000000
48681  -47.986  -42.067  22.086 0.0000000000
33351  -10.349  -57.543  44.526 0.0000000000
46719  -35.988  -44.595  38.019 0.0000000000
41407  -28.023  -50.580  39.261 0.0000000000
48566  -40.801  -43.872  32.488 0.0000000000
47673  -41.280  -44.422  32.089 0.0000000000
48574  -40.837  -43.657  31.624 0.0000000000
47752  -46.846  -44.072  23.985 0.0000000000
57037  -47.375  -33.303  23.856 0.0000000000
56210  -47.688  -34.688  23.913 0.0000000000
61769  -46.291  -28.939  23.688 0.0000000000
61757  -47.003  -29.072  24.185 0.0000000000
61758  -47.576  -29.127  23.938 0.0000000000
60743  -47.880  -29.553  24.043 0.0000000000
61771  -48.245  -28.804  23.516 0.0000000000
43653  -37.226  -47.375  35.901 0.0000000000
43675  -37.263  -47.046  35.242 0.0000000000
47620  -38.363  -43.826  36.356 0.0000000000
47621  -38.978  -43.978  36.145 0.0000000000
48525  -38.740  -43.515  35.700 0.0000000000
48533  -39.293  -43.287  34.890 0.0000000000
48532  -38.376  -43.023  35.063 0.0000000000
35438  -13.392  -56.035  46.794 0.0000000000
34413  -13.537  -56.259  46.497 0.0000000000
35458  -16.229  -56.583  44.774 0.0000000000
33347  -16.249  -57.434  44.593 0.0000000000
34445  -20.276  -57.352  43.372 0.0000000000
34444  -19.602  -57.314  43.536 0.0000000000
33359  -20.065  -57.773  43.455 0.0000000000
32249  -19.684  -58.178  43.483 0.0000000000
32250  -20.288  -58.146  43.324 0.0000000000
31124  -20.575  -58.657  42.754 0.0000000000
33381  -24.521  -57.244  41.958 0.0000000000
34456  -24.893  -56.558  41.925 0.0000000000
37413  -27.559  -53.580  40.931 0.0000000000
35504  -27.459  -54.812  40.939 0.0000000000
35507  -27.663  -54.995  40.733 0.0000000000
38365  -30.652  -52.610  40.406 0.0000000000
37439  -30.751  -52.792  40.207 0.0000000000
42500  -30.650  -48.794  39.804 0.0000000000
42517  -30.995  -48.187  39.420 0.0000000000
41391  -34.389  -49.298  39.381 0.0000000000
40343  -33.742  -49.463  39.752 0.0000000000
40360  -34.452  -49.514  39.198 0.0000000000
40372  -34.321  -49.936  38.970 0.0000000000
40385  -34.686  -49.866  38.478 0.0000000000
39337  -34.791  -50.013  38.093 0.0000000000
36414  -13.261  -55.309  46.643 0.0000000000
36406  -12.777  -55.513  47.112 0.0000000000
35437  -13.047  -55.773  46.973 0.0000000000
44764  -39.191  -46.433  31.887 0.0000000000
41564  -42.166  -49.715  29.012 0.0000000000
40507  -41.363  -50.682  28.532 0.0000000000
39457  -41.653  -50.721  28.209 0.0000000000
40540  -41.901  -50.071  27.682 0.0000000000
46850  -42.991  -45.304  27.282 0.0000000000
45927  -42.864  -45.589  27.688 0.0000000000
52602  -48.359  -38.310  22.988 0.0000000000
51664  -48.061  -39.290  22.750 0.0000000000
45760  -37.288  -45.840  37.972 0.0000000000
45773  -37.693  -45.723  37.452 0.0000000000
47600  -36.893  -44.472  37.628 0.0000000000
47601  -37.397  -44.531  37.367 0.0000000000
47608  -37.251  -44.134  37.117 0.0000000000
47618  -36.847  -43.662  36.555 0.0000000000
36423  -13.449  -54.733  45.926 0.0000000000
36435  -15.642  -55.278  44.710 0.0000000000
39321  -27.019  -51.440  40.179 0.0000000000
39295  -27.556  -52.236  40.875 0.0000000000
38342  -27.117  -52.868  40.848 0.0000000000
39296  -28.126  -52.033  41.036 0.0000000000
40355  -28.551  -51.005  40.475 0.0000000000
39297  -28.854  -51.724  41.006 0.0000000000
44649  -32.700  -46.899  38.563 0.0000000000
44634  -33.017  -46.951  39.307 0.0000000000
45718  -35.148  -46.660  39.521 0.0000000000
44621  -34.684  -47.029  39.596 0.0000000000
43585  -34.905  -47.888  39.644 0.0000000000
42519  -35.836  -48.393  39.229 0.0000000000
43586  -35.967  -47.527  39.499 0.0000000000
45742  -36.837  -46.128  38.630 0.0000000000
44637  -36.807  -46.748  39.086 0.0000000000
45821  -41.148  -45.437  33.374 0.0000000000
44721  -41.312  -46.022  32.960 0.0000000000
45839  -41.487  -45.552  32.688 0.0000000000
45859  -41.987  -46.537  31.465 0.0000000000
44768  -42.121  -46.945  31.158 0.0000000000
44786  -42.263  -46.890  30.405 0.0000000000
46871  -45.527  -45.101  25.374 0.0000000000
45950  -45.206  -45.446  25.684 0.0000000000
46872  -46.001  -45.241  25.048 0.0000000000
45961  -46.213  -45.606  24.484 0.0000000000
45972  -46.107  -45.698  23.883 0.0000000000
46898  -46.403  -44.819  22.943 0.0000000000
57022  -47.116  -33.511  25.554 0.0000000000
56192  -47.013  -34.170  25.534 0.0000000000
56193  -47.369  -34.289  25.199 0.0000000000
45781  -33.567  -46.037  36.776 0.0000000000
48654  -44.003  -43.261  24.094 0.0000000000
47760  -45.260  -43.199  23.795 0.0000000000
60739  -45.251  -29.802  24.143 0.0000000000
59810  -44.518  -30.551  24.067 0.0000000000
58882  -45.707  -31.251  25.003 0.0000000000
57931  -45.773  -32.210  25.129 0.0000000000
59787  -47.189  -30.641  25.061 0.0000000000
58873  -47.179  -31.632  25.311 0.0000000000
58874  -47.520  -31.424  24.866 0.0000000000
57940  -47.353  -31.958  23.767 0.0000000000
58883  -47.712  -31.054  24.260 0.0000000000
59812  -48.482  -29.845  23.144 0.0000000000
60788  -50.864  -28.932  20.953 0.0000000000
60772  -50.165  -28.817  21.989 0.0000000000
42646  -36.498  -48.047  31.524 0.0000000000
44717  -37.893  -46.229  34.047 0.0000000000
44718  -38.898  -45.852  33.890 0.0000000000
45774  -38.159  -45.329  37.118 0.0000000000
45792  -39.390  -44.918  35.298 0.0000000000
45802  -39.803  -45.326  34.462 0.0000000000
45793  -39.960  -44.858  34.781 0.0000000000
45803  -40.462  -45.132  34.175 0.0000000000
46754  -40.262  -44.502  34.637 0.0000000000
48544  -39.923  -43.348  34.013 0.0000000000
47644  -40.437  -44.009  34.383 0.0000000000
33343  -12.162  -57.457  45.237 0.0000000000
33334  -12.852  -57.147  45.826 0.0000000000
34432  -15.094  -56.773  45.322 0.0000000000
32255  -16.896  -58.763  43.303 0.0000000000
32270  -17.291  -58.858  42.295 0.0000000000
36436  -16.645  -55.646  44.215 0.0000000000
34442  -17.954  -57.122  44.362 0.0000000000
32247  -18.105  -58.284  44.112 0.0000000000
31160  -19.166  -59.224  42.358 0.0000000000
32272  -18.787  -59.211  42.405 0.0000000000
32289  -19.572  -59.260  41.526 0.0000000000
31144  -21.086  -58.940  42.255 0.0000000000
31163  -21.627  -59.160  41.647 0.0000000000
32273  -23.291  -58.050  42.126 0.0000000000
31146  -22.698  -58.536  41.934 0.0000000000
31166  -24.226  -58.612  41.035 0.0000000000
31167  -24.889  -58.475  40.748 0.0000000000
31185  -25.549  -58.526  40.107 0.0000000000
32310  -25.550  -58.082  40.516 0.0000000000
36466  -25.822  -55.246  41.455 0.0000000000
34457  -25.590  -56.389  41.594 0.0000000000
34465  -26.947  -55.954  40.629 0.0000000000
34464  -26.545  -56.255  40.877 0.0000000000
33404  -26.519  -56.937  40.411 0.0000000000
35518  -27.884  -55.365  39.690 0.0000000000
35517  -27.431  -55.822  39.035 0.0000000000
36497  -28.602  -54.083  40.367 0.0000000000
37437  -29.415  -53.802  40.067 0.0000000000
41408  -28.828  -50.185  39.297 0.0000000000
41390  -30.662  -49.241  40.220 0.0000000000
41366  -30.445  -50.133  40.568 0.0000000000
42502  -32.130  -48.186  40.069 0.0000000000
40341  -32.574  -50.201  40.188 0.0000000000
39311  -32.268  -51.092  39.828 0.0000000000
38386  -32.028  -51.795  39.300 0.0000000000
39322  -32.465  -51.361  39.314 0.0000000000
39335  -33.420  -51.036  37.741 0.0000000000
39351  -34.888  -50.213  37.315 0.0000000000
42533  -36.462  -48.323  38.705 0.0000000000
41431  -35.985  -49.061  38.213 0.0000000000
42583  -36.282  -48.957  35.995 0.0000000000
41467  -35.990  -49.428  36.565 0.0000000000
41482  -35.915  -49.726  35.779 0.0000000000
40425  -35.884  -50.396  35.137 0.0000000000
40442  -36.079  -50.278  34.480 0.0000000000
41518  -36.123  -49.517  34.246 0.0000000000
34412  -12.829  -56.385  46.927 0.0000000000
34411  -12.332  -56.701  47.292 0.0000000000
43732  -40.738  -47.315  30.884 0.0000000000
43750  -40.963  -48.234  29.831 0.0000000000
46825  -41.670  -44.789  29.833 0.0000000000
45914  -42.970  -46.482  28.108 0.0000000000
44810  -42.781  -46.640  28.507 0.0000000000
44811  -43.072  -47.093  28.344 0.0000000000
43752  -43.022  -47.892  28.806 0.0000000000
43768  -43.397  -47.766  28.212 0.0000000000
44838  -45.022  -46.371  25.981 0.0000000000
44837  -44.589  -46.747  26.351 0.0000000000
44849  -44.776  -46.975  26.012 0.0000000000
42738  -43.949  -47.792  25.953 0.0000000000
42737  -43.278  -48.070  26.288 0.0000000000
49630  -45.777  -41.696  22.908 0.0000000000
55336  -46.705  -35.411  25.016 0.0000000000
55335  -45.653  -35.309  25.025 0.0000000000
53534  -46.583  -37.534  23.973 0.0000000000
53520  -46.070  -36.826  24.366 0.0000000000
52599  -46.071  -38.398  23.489 0.0000000000
51661  -45.599  -39.367  22.972 0.0000000000
50683  -47.823  -40.459  22.517 0.0000000000
50682  -47.055  -40.473  22.762 0.0000000000
49632  -47.347  -41.538  22.648 0.0000000000
48680  -47.539  -42.516  22.540 0.0000000000
46709  -36.644  -45.529  38.309 0.0000000000
46720  -36.526  -44.859  37.975 0.0000000000
47599  -36.375  -44.421  37.776 0.0000000000
40354  -27.967  -51.267  40.482 0.0000000000
45757  -34.070  -46.100  39.008 0.0000000000
44635  -33.771  -46.685  39.327 0.0000000000
45739  -34.798  -46.270  39.356 0.0000000000
45719  -35.575  -46.457  39.439 0.0000000000
44623  -36.072  -46.830  39.482 0.0000000000
45720  -36.164  -46.375  39.272 0.0000000000
45741  -36.362  -45.955  38.854 0.0000000000
46780  -41.432  -44.898  32.657 0.0000000000
46795  -41.603  -45.164  32.203 0.0000000000
45879  -41.811  -45.505  30.892 0.0000000000
46882  -46.863  -44.525  23.891 0.0000000000
46888  -47.017  -44.419  23.471 0.0000000000
47767  -47.445  -43.378  22.482 0.0000000000
55352  -48.022  -35.553  23.799 0.0000000000
60753  -45.469  -29.423  23.956 0.0000000000
60740  -45.787  -29.830  24.493 0.0000000000
59799  -46.203  -30.583  25.024 0.0000000000
60741  -46.671  -29.695  24.638 0.0000000000
60725  -47.144  -29.951  24.725 0.0000000000
59801  -47.839  -30.549  24.358 0.0000000000
60727  -47.888  -29.953  24.306 0.0000000000
62767  -50.679  -27.980  21.324 0.0000000000
62756  -50.177  -28.381  21.831 0.0000000000
61801  -50.832  -28.519  21.281 0.0000000000
60801  -50.947  -29.139  20.256 0.0000000000
43690  -36.525  -47.356  33.773 0.0000000000
44692  -37.027  -47.038  34.597 0.0000000000
44693  -37.693  -46.459  34.935 0.0000000000
44676  -38.244  -45.934  35.759 0.0000000000
46734  -38.682  -44.521  36.380 0.0000000000
47632  -39.525  -43.907  35.589 0.0000000000
47633  -40.072  -43.897  35.057 0.0000000000
48543  -39.353  -42.996  34.151 0.0000000000
34422  -13.282  -56.664  46.209 0.0000000000
31105  -17.228  -58.652  44.035 0.0000000000
32248  -18.895  -58.292  43.717 0.0000000000
32257  -19.501  -58.522  43.356 0.0000000000
31123  -19.828  -58.798  43.003 0.0000000000
31143  -20.263  -59.014  42.417 0.0000000000
31125  -21.343  -58.553  42.575 0.0000000000
32274  -24.284  -57.998  41.703 0.0000000000
32275  -24.794  -57.556  41.618 0.0000000000
37411  -25.803  -53.827  40.881 0.0000000000
36467  -26.533  -55.099  41.324 0.0000000000
35511  -27.864  -55.225  40.288 0.0000000000
36502  -28.362  -54.902  39.993 0.0000000000
37416  -29.813  -52.729  40.797 0.0000000000
38405  -31.351  -52.734  38.180 0.0000000000
42499  -30.028  -48.947  39.357 0.0000000000
42488  -33.524  -48.670  39.998 0.0000000000
41370  -33.663  -49.186  39.918 0.0000000000
40342  -33.357  -49.711  39.957 0.0000000000
39312  -33.058  -50.575  39.579 0.0000000000
39350  -34.204  -50.808  36.969 0.0000000000
39352  -35.251  -50.019  37.090 0.0000000000
42567  -36.986  -48.133  37.662 0.0000000000
43635  -36.744  -48.402  36.449 0.0000000000
42598  -36.276  -48.739  35.033 0.0000000000
36405  -12.328  -55.373  47.364 0.0000000000
35427  -12.098  -55.776  47.813 0.0000000000
42659  -41.629  -48.102  30.019 0.0000000000
41562  -41.159  -49.918  29.069 0.0000000000
46839  -42.070  -44.938  28.953 0.0000000000
44865  -45.356  -46.695  25.070 0.0000000000
43808  -45.072  -46.872  25.440 0.0000000000
53522  -47.650  -36.837  24.274 0.0000000000
53535  -47.467  -37.539  23.909 0.0000000000
50709  -48.048  -41.011  22.241 0.0000000000
62741  -48.191  -28.160  23.021 0.0000000000
62754  -48.970  -28.207  22.148 0.0000000000
62765  -48.893  -27.802  21.279 0.0000000000
44660  -37.984  -46.014  37.046 0.0000000000
46722  -37.800  -44.823  37.310 0.0000000000
46733  -38.307  -44.678  36.888 0.0000000000
36424  -14.371  -55.201  45.664 0.0000000000
36425  -15.164  -55.640  45.362 0.0000000000
35457  -15.728  -56.152  45.061 0.0000000000
37414  -28.300  -53.270  40.895 0.0000000000
38346  -30.353  -52.263  40.707 0.0000000000
38347  -30.896  -51.804  40.552 0.0000000000
43593  -31.547  -47.762  39.183 0.0000000000
43582  -32.772  -47.673  39.798 0.0000000000
43575  -33.132  -47.989  39.926 0.0000000000
44620  -33.968  -47.146  39.582 0.0000000000
43583  -33.485  -47.641  39.747 0.0000000000
43576  -33.510  -48.119  39.878 0.0000000000
43578  -34.402  -48.323  39.666 0.0000000000
42490  -34.562  -48.601  39.569 0.0000000000
41392  -34.894  -49.090  39.211 0.0000000000
41410  -35.421  -49.054  38.881 0.0000000000
43609  -36.741  -47.901  38.949 0.0000000000
43596  -36.567  -47.200  39.331 0.0000000000
43610  -36.938  -47.489  38.853 0.0000000000
42549  -36.901  -48.011  38.358 0.0000000000
43621  -37.180  -47.429  37.984 0.0000000000
44742  -40.979  -46.474  32.579 0.0000000000
44766  -41.222  -46.806  31.898 0.0000000000
43718  -41.356  -47.220  31.290 0.0000000000
44767  -41.727  -46.744  31.600 0.0000000000
43719  -41.812  -47.372  31.019 0.0000000000
43734  -41.867  -47.782  30.392 0.0000000000
42676  -42.073  -49.014  29.452 0.0000000000
42677  -42.709  -48.757  29.047 0.0000000000
46861  -44.229  -45.285  26.212 0.0000000000
45939  -44.000  -45.631  26.545 0.0000000000
45941  -45.237  -46.172  25.834 0.0000000000
44851  -45.823  -46.064  25.284 0.0000000000
45952  -46.091  -45.659  24.972 0.0000000000
44866  -45.941  -46.188  25.023 0.0000000000
57028  -45.857  -33.352  25.347 0.0000000000
57027  -45.070  -33.609  24.968 0.0000000000
56191  -46.415  -34.182  25.480 0.0000000000
55321  -46.899  -34.725  25.286 0.0000000000
55337  -47.401  -35.217  24.786 0.0000000000
55338  -47.976  -35.660  24.242 0.0000000000
54442  -47.891  -36.267  24.307 0.0000000000
46718  -35.157  -44.850  37.865 0.0000000000
46731  -34.826  -44.621  36.921 0.0000000000
43607  -31.326  -47.888  38.217 0.0000000000
45771  -33.847  -45.942  38.082 0.0000000000
48573  -40.334  -43.060  31.231 0.0000000000
48581  -40.797  -43.360  30.618 0.0000000000
48595  -41.378  -43.783  29.487 0.0000000000
46859  -42.675  -44.755  27.037 0.0000000000
46869  -44.014  -44.839  26.004 0.0000000000
46879  -45.213  -44.615  25.119 0.0000000000
47740  -44.738  -44.468  25.156 0.0000000000
58889  -43.620  -31.324  23.517 0.0000000000
57930  -45.030  -32.664  24.749 0.0000000000
57923  -46.541  -32.834  25.526 0.0000000000
57924  -47.150  -32.604  25.492 0.0000000000
59786  -46.800  -30.981  25.319 0.0000000000
58884  -47.940  -30.647  24.070 0.0000000000
61772  -49.019  -28.814  23.127 0.0000000000
60756  -49.158  -29.219  22.995 0.0000000000
61786  -49.980  -28.677  22.102 0.0000000000
60771  -49.774  -29.095  22.384 0.0000000000
44738  -37.134  -46.630  33.358 0.0000000000
44762  -37.219  -46.562  32.540 0.0000000000
44719  -39.944  -45.835  33.709 0.0000000000
45791  -38.820  -45.346  35.600 0.0000000000
45784  -38.826  -44.885  36.058 0.0000000000
45818  -39.231  -45.536  34.471 0.0000000000
44696  -40.528  -45.567  33.783 0.0000000000
45804  -40.868  -45.121  33.806 0.0000000000
46761  -40.998  -44.811  33.665 0.0000000000
47645  -40.734  -44.342  33.878 0.0000000000
46732  -35.596  -44.302  37.392 0.0000000000
47617  -36.109  -43.908  37.003 0.0000000000
47630  -36.062  -43.630  36.048 0.0000000000
48523  -37.356  -43.281  35.731 0.0000000000
48531  -37.644  -42.808  34.864 0.0000000000
49486  -37.936  -42.518  34.494 0.0000000000
48564  -39.969  -42.821  31.822 0.0000000000
33342  -11.223  -57.446  45.358 0.0000000000
33352  -11.297  -57.445  44.428 0.0000000000
35468  -16.708  -56.313  44.541 0.0000000000
34435  -17.323  -57.258  44.501 0.0000000000
31106  -17.811  -58.692  43.986 0.0000000000
31107  -18.393  -58.619  43.756 0.0000000000
31140  -18.073  -59.098  43.183 0.0000000000
32271  -18.212  -59.111  42.467 0.0000000000
31179  -20.571  -59.313  41.259 0.0000000000
32260  -21.676  -58.145  42.759 0.0000000000
31126  -22.014  -58.472  42.424 0.0000000000
31164  -22.443  -58.955  41.398 0.0000000000
31184  -24.879  -59.003  40.199 0.0000000000
36464  -24.161  -55.574  41.779 0.0000000000
35495  -24.505  -56.036  42.023 0.0000000000
33393  -25.576  -57.252  41.247 0.0000000000
34458  -26.127  -56.343  41.302 0.0000000000
32292  -25.691  -57.484  40.941 0.0000000000
32311  -25.936  -57.807  40.304 0.0000000000
40356  -29.350  -50.601  40.438 0.0000000000
39299  -30.560  -51.399  40.689 0.0000000000
42501  -31.431  -48.313  39.899 0.0000000000
42486  -31.751  -48.815  40.297 0.0000000000
40340  -31.676  -50.329  40.449 0.0000000000
39300  -31.417  -51.254  40.415 0.0000000000
38367  -31.792  -51.691  39.903 0.0000000000
38406  -31.854  -52.233  38.300 0.0000000000
38407  -32.588  -51.585  38.317 0.0000000000
41430  -35.658  -49.124  38.519 0.0000000000
40387  -35.671  -49.521  37.708 0.0000000000
40398  -35.576  -49.778  36.991 0.0000000000
40464  -36.559  -50.398  32.601 0.0000000000
41537  -36.307  -49.418  33.212 0.0000000000
44765  -40.354  -46.752  31.635 0.0000000000
47687  -41.314  -44.121  31.100 0.0000000000
45897  -41.729  -45.203  30.317 0.0000000000
43751  -42.671  -47.881  29.335 0.0000000000
41582  -42.489  -49.441  28.354 0.0000000000
45929  -44.248  -46.481  26.709 0.0000000000
44823  -43.998  -46.955  27.101 0.0000000000
43783  -43.941  -47.238  27.130 0.0000000000
42703  -43.937  -47.658  26.708 0.0000000000
42702  -43.640  -48.029  27.291 0.0000000000
42695  -43.308  -48.366  27.999 0.0000000000
41599  -42.950  -48.765  27.649 0.0000000000
41598  -42.332  -49.516  27.725 0.0000000000
48668  -45.495  -42.626  23.415 0.0000000000
56199  -44.712  -34.417  24.844 0.0000000000
55334  -44.608  -35.432  24.714 0.0000000000
54438  -44.592  -36.015  24.550 0.0000000000
54439  -45.298  -36.326  24.502 0.0000000000
54458  -44.399  -36.433  24.250 0.0000000000
50681  -46.144  -40.514  22.798 0.0000000000
48689  -47.791  -42.712  21.885 0.0000000000
31120  -17.564  -58.913  43.666 0.0000000000
32306  -19.867  -59.123  40.915 0.0000000000
33368  -20.640  -57.589  43.296 0.0000000000
35498  -26.666  -55.324  41.213 0.0000000000
36468  -26.871  -55.122  41.237 0.0000000000
39313  -33.450  -50.245  39.575 0.0000000000
39472  -41.297  -50.873  27.779 0.0000000000
39473  -41.707  -50.723  27.965 0.0000000000
40358  -33.184  -50.193  39.832 0.0000000000
40359  -33.866  -49.783  39.536 0.0000000000
40397  -35.340  -49.820  37.504 0.0000000000
40487  -41.362  -50.458  28.750 0.0000000000
40488  -41.779  -50.191  28.933 0.0000000000
40508  -41.779  -50.398  28.560 0.0000000000
40522  -41.695  -50.532  27.796 0.0000000000
40539  -41.480  -50.312  27.444 0.0000000000
41372  -34.663  -48.985  39.377 0.0000000000
41617  -42.669  -48.918  27.262 0.0000000000
42489  -34.052  -48.685  39.735 0.0000000000
42503  -35.128  -48.551  39.434 0.0000000000
42518  -35.332  -48.761  39.206 0.0000000000
42534  -36.821  -47.943  38.756 0.0000000000
42660  -41.933  -48.293  29.859 0.0000000000
42675  -41.330  -48.800  29.546 0.0000000000
42678  -43.102  -48.337  28.542 0.0000000000
42694  -42.897  -48.777  28.441 0.0000000000
42718  -44.142  -47.582  26.189 0.0000000000
42739  -44.280  -47.479  25.874 0.0000000000
43577  -34.035  -48.154  39.762 0.0000000000
43587  -36.353  -47.029  39.430 0.0000000000
43735  -42.264  -47.676  29.987 0.0000000000
43782  -43.682  -47.612  27.553 0.0000000000
43828  -44.935  -47.009  25.417 0.0000000000
44624  -36.463  -46.763  39.343 0.0000000000
44800  -42.802  -47.485  28.935 0.0000000000
45738  -34.240  -46.419  39.321 0.0000000000
45820  -40.806  -45.444  33.676 0.0000000000
46824  -41.581  -44.724  30.629 0.0000000000
47606  -36.168  -44.247  37.662 0.0000000000
48572  -39.990  -42.804  31.341 0.0000000000
49485  -37.657  -42.498  34.464 0.0000000000
53519  -45.597  -36.772  24.299 0.0000000000
54459  -45.022  -36.637  24.250 0.0000000000
55351  -44.175  -35.756  24.498 0.0000000000
56200  -45.646  -34.300  25.250 0.0000000000
56202  -47.989  -35.460  24.176 0.0000000000
56211  -47.954  -35.312  24.069 0.0000000000
57938  -44.301  -32.053  24.096 0.0000000000
58890  -44.199  -31.116  23.990 0.0000000000
58893  -48.007  -30.473  23.902 0.0000000000
59789  -47.814  -30.133  24.400 0.0000000000
59809  -43.854  -30.304  23.540 0.0000000000
60726  -47.686  -29.942  24.452 0.0000000000
60752  -44.558  -29.675  23.602 0.0000000000
60787  -50.387  -29.014  21.623 0.0000000000
61756  -46.678  -29.188  24.235 0.0000000000
61767  -44.524  -29.276  23.256 0.0000000000
62743  -49.301  -28.610  22.694 0.0000000000
