#!ascii label  , from subject msSRGRS20160210 vox2ras=TkReg
2087
33278  -0.548  -57.532  53.861 0.3333329856
32188  -1.331  -58.208  53.364 0.3333329856
32191  -1.405  -58.295  52.532 0.3333329856
33283  -1.076  -57.410  52.652 0.4444440007
33285  -1.038  -57.556  51.697 0.3333329856
32194  -1.371  -58.509  51.588 0.4444440007
33288  -1.049  -57.844  50.577 0.4444440007
33293  -1.394  -57.800  49.346 0.5555559993
33294  -2.030  -58.135  48.767 0.6666669846
33304  -2.408  -57.830  47.910 0.7777780294
35404  0.991  -55.656  52.965 0.3333329856
34375  0.432  -56.614  53.335 0.4444440007
34380  -0.361  -56.605  53.300 0.4444440007
33281  -0.955  -57.394  53.439 0.3333329856
34382  -0.745  -56.521  52.686 0.4444440007
34384  -0.898  -56.536  51.864 0.4444440007
34389  -1.029  -56.682  49.777 0.6666669846
33303  -1.758  -57.405  48.493 0.7777780294
34395  -1.441  -56.496  48.764 0.7777780294
33314  -2.949  -57.511  47.173 0.5555559993
36379  1.065  -54.372  52.882 0.2222220004
35401  0.598  -55.885  53.097 0.4444440007
34379  -0.104  -56.179  53.307 0.4444440007
34387  -0.797  -56.649  50.852 0.6666669846
35414  -1.086  -55.668  50.156 0.6666669846
35416  -1.389  -55.608  49.287 0.6666669846
34396  -1.982  -56.645  47.984 0.7777780294
35422  -1.953  -55.648  48.253 0.7777780294
34406  -2.474  -56.741  47.233 0.6666669846
35440  -3.507  -55.825  45.973 0.5555559993
34416  -4.015  -57.032  45.937 0.5555559993
33339  -5.640  -57.137  45.570 0.3333329856
35430  -2.293  -55.763  47.512 0.6666669846
35431  -2.815  -55.772  46.774 0.7777780294
35450  -4.086  -56.139  45.493 0.5555559993
35451  -4.644  -55.801  44.867 0.5555559993
35452  -5.267  -56.336  44.758 0.3333329856
35462  -5.548  -55.861  44.022 0.4444440007
35461  -4.907  -55.361  44.265 0.7777780294
35473  -5.726  -55.442  43.536 0.5555559993
37308  1.597  -53.328  52.571 0.1111110002
36376  0.728  -55.105  52.962 0.2222220004
35403  -0.012  -55.832  53.226 0.3333329856
36381  -0.098  -54.801  53.023 0.2222220004
35405  -0.248  -55.610  53.035 0.3333329856
35406  -0.618  -55.579  52.653 0.5555559993
36383  2.042  -53.903  51.956 0.1111110002
35411  -0.974  -55.570  51.097 0.6666669846
35421  -1.581  -55.715  48.728 0.7777780294
35441  -4.027  -55.457  45.394 0.7777780294
36418  -4.231  -54.821  45.004 0.7777780294
35464  -7.610  -55.991  43.959 0.5555559993
36428  -4.615  -54.850  44.450 0.7777780294
35474  -6.147  -55.395  43.230 0.6666669846
35475  -7.053  -55.701  43.149 0.6666669846
35476  -7.949  -55.570  43.137 0.5555559993
36429  -5.070  -54.879  43.896 0.7777780294
36440  -5.579  -55.087  43.424 0.7777780294
35487  -6.730  -55.132  42.661 0.6666669846
37304  0.421  -53.345  53.166 0.2222220004
36380  0.400  -54.406  53.047 0.2222220004
36382  -0.669  -54.626  52.687 0.6666669846
35408  -0.957  -55.564  52.007 0.7777780294
38285  2.097  -52.746  51.663 0.1111110002
36388  -1.265  -54.652  51.364 0.7777780294
35417  -1.857  -55.236  48.776 0.7777780294
36396  -2.385  -54.622  48.270 0.7777780294
36401  -2.346  -55.183  47.840 0.7777780294
36402  -2.821  -54.762  47.342 0.7777780294
36408  -3.301  -54.824  46.465 0.7777780294
36409  -3.833  -54.733  45.706 0.7777780294
37366  -5.420  -54.122  43.373 0.7777780294
35488  -7.394  -55.294  42.634 0.6666669846
36441  -5.955  -54.653  42.922 0.7777780294
35486  -6.307  -54.909  42.767 0.6666669846
36454  -8.092  -55.014  42.284 0.6666669846
36452  -6.473  -54.443  42.339 0.7777780294
36472  -6.953  -54.170  41.774 0.6666669846
36473  -7.683  -54.428  41.564 0.5555559993
37305  -0.259  -53.522  53.091 0.3333329856
38286  1.738  -52.254  52.212 0.2222220004
37306  -0.811  -53.665  52.814 0.4444440007
36385  -1.094  -54.625  52.153 0.6666669846
36390  -1.516  -54.586  50.322 0.6666669846
36393  -1.446  -55.095  49.756 0.7777780294
37321  -2.388  -53.688  49.438 0.7777780294
37318  -2.832  -53.004  49.574 0.4444440007
36394  -1.931  -54.594  49.309 0.7777780294
37325  -2.527  -53.942  48.811 0.7777780294
37322  -2.945  -53.219  48.878 0.6666669846
36397  -2.908  -54.172  47.775 0.8888890147
37326  -3.020  -53.660  48.156 0.7777780294
37331  -3.840  -53.150  46.791 0.7777780294
37337  -3.829  -53.767  46.295 0.7777780294
37343  -4.322  -53.818  45.181 0.8888890147
37354  -4.467  -54.335  44.705 0.8888890147
37355  -4.823  -53.924  44.236 0.7777780294
37380  -6.363  -53.818  42.149 0.7777780294
37396  -7.287  -53.557  41.154 0.6666669846
38299  -3.441  -52.237  49.030 0.2222220004
38300  -3.948  -51.667  48.577 0.1111110002
38304  -3.449  -52.824  48.214 0.5555559993
38310  -3.861  -52.625  47.300 0.2222220004
38309  -3.430  -53.184  47.749 0.7777780294
38314  -4.252  -52.593  46.226 0.6666669846
38318  -4.278  -53.198  45.731 0.8888890147
38319  -4.722  -52.709  45.200 0.6666669846
38325  -5.261  -53.448  43.719 0.7777780294
37397  -8.211  -53.951  41.035 0.6666669846
37423  -8.734  -53.494  40.431 0.6666669846
38351  -7.599  -52.731  40.528 0.7777780294
38353  -9.224  -53.030  39.716 0.6666669846
39270  -4.893  -51.500  46.187 0.1111110002
38315  -4.704  -52.104  45.682 0.4444440007
38322  -5.199  -52.810  44.191 0.8888890147
38326  -5.666  -52.979  43.126 0.8888890147
39293  -6.407  -52.548  41.843 0.8888890147
38335  -7.154  -52.696  40.954 0.8888890147
38352  -8.179  -52.566  40.025 0.7777780294
38370  -8.222  -51.971  39.613 0.7777780294
38372  -9.751  -52.613  38.769 0.6666669846
38391  -10.593  -52.513  38.192 0.6666669846
39275  -5.886  -50.865  45.172 0.4444440007
39281  -5.651  -51.705  44.198 0.5555559993
39280  -5.190  -52.242  44.701 0.5555559993
39286  -6.237  -51.218  43.439 0.6666669846
38323  -5.610  -52.344  43.680 0.7777780294
39290  -6.192  -52.300  42.371 0.6666669846
40315  -7.065  -50.778  41.904 0.6666669846
39294  -6.725  -51.923  41.502 0.7777780294
39304  -7.377  -51.995  40.515 0.7777780294
38371  -8.743  -52.213  39.282 0.7777780294
38390  -9.999  -52.181  38.231 0.6666669846
39328  -11.310  -52.162  37.555 0.7777780294
39330  -13.029  -52.377  37.919 0.6666669846
39329  -12.420  -52.376  37.746 0.7777780294
39342  -13.397  -52.203  37.315 0.6666669846
39265  -5.179  -50.719  47.179 0.1111110002
39266  -5.836  -50.323  46.673 0.1111110002
39271  -5.711  -50.641  46.186 0.1111110002
40270  -6.185  -50.374  45.684 0.1111110002
39276  -6.530  -50.411  44.680 0.4444440007
39282  -6.337  -50.743  44.118 0.4444440007
40299  -6.929  -50.495  43.112 0.4444440007
39291  -6.449  -51.393  42.563 0.6666669846
40329  -7.372  -51.147  40.962 0.7777780294
39305  -7.853  -51.649  39.976 0.7777780294
39315  -8.294  -51.400  39.434 0.8888890147
39316  -9.118  -51.431  38.678 0.7777780294
39326  -9.384  -50.878  38.235 0.8888890147
39327  -10.071  -51.462  37.818 0.7777780294
40376  -9.513  -50.233  37.890 0.8888890147
39340  -11.131  -51.226  36.871 0.8888890147
39341  -12.237  -51.844  36.954 0.7777780294
41535  -28.181  -50.345  32.568 0.2222220004
39356  -12.134  -51.095  36.146 0.7777780294
39357  -13.138  -51.749  36.246 0.7777780294
41547  -27.714  -50.112  31.920 0.3333329856
39376  -12.425  -50.836  35.647 0.7777780294
41546  -26.951  -49.996  31.602 0.3333329856
41545  -25.910  -49.892  31.573 0.3333329856
41554  -26.447  -49.745  30.924 0.3333329856
41552  -24.722  -49.402  30.670 0.5555559993
42651  -24.359  -49.063  30.002 0.4444440007
40250  -6.197  -49.979  47.127 0.1111110002
40260  -7.187  -49.740  46.180 0.1111110002
40271  -6.926  -50.104  45.246 0.1111110002
40284  -7.059  -50.111  44.163 0.3333329856
40330  -7.654  -50.276  41.241 0.7777780294
40348  -7.861  -50.682  40.221 0.7777780294
40364  -8.987  -50.300  38.620 0.8888890147
42608  -30.127  -49.304  33.645 0.1111110002
40377  -10.078  -50.595  37.415 0.8888890147
39339  -10.430  -50.943  37.222 0.8888890147
40393  -11.186  -50.606  36.489 0.8888890147
42607  -29.653  -49.682  33.483 0.1111110002
40403  -11.642  -50.407  36.031 0.8888890147
42625  -28.736  -49.931  32.479 0.3333329856
41536  -28.828  -50.099  32.972 0.2222220004
40404  -12.147  -50.619  35.736 0.8888890147
40415  -12.507  -50.463  35.268 0.8888890147
39378  -13.872  -51.623  35.431 0.7777780294
42643  -28.469  -49.651  31.738 0.3333329856
42626  -29.413  -49.583  32.756 0.3333329856
39392  -13.559  -51.002  34.844 0.8888890147
42642  -27.672  -49.831  31.447 0.3333329856
42654  -27.453  -49.370  30.692 0.3333329856
42653  -26.271  -49.310  30.211 0.3333329856
42668  -26.881  -48.719  29.642 0.3333329856
42666  -24.945  -48.786  29.270 0.4444440007
42667  -25.883  -48.807  29.426 0.4444440007
42684  -24.673  -48.380  28.574 0.5555559993
44790  -21.256  -46.747  29.137 0.8888890147
43739  -21.838  -47.340  29.093 0.8888890147
43755  -22.244  -47.317  28.453 0.8888890147
40285  -7.987  -49.597  44.410 0.1111110002
40300  -7.855  -49.725  43.388 0.4444440007
40316  -7.852  -49.936  42.264 0.4444440007
41343  -8.201  -49.704  41.435 0.3333329856
41357  -8.060  -49.844  40.760 0.7777780294
41358  -8.634  -49.249  40.890 0.4444440007
41378  -8.315  -49.651  40.011 0.7777780294
41398  -8.615  -49.561  39.191 0.7777780294
40391  -9.995  -49.874  37.348 0.8888890147
41454  -10.862  -49.634  36.485 0.7777780294
41455  -11.351  -49.733  36.053 0.8888890147
41472  -11.826  -49.810  35.657 0.8888890147
41473  -12.192  -49.906  35.296 0.8888890147
39393  -14.374  -51.307  34.635 0.6666669846
42644  -29.422  -48.725  31.811 0.2222220004
41487  -12.588  -49.843  34.930 0.8888890147
40429  -12.895  -50.263  34.787 0.8888890147
40431  -13.924  -50.583  34.265 0.8888890147
40432  -14.650  -50.878  34.022 0.8888890147
39403  -16.068  -51.410  33.533 0.6666669846
40448  -16.339  -50.910  32.906 0.7777780294
42655  -28.637  -48.631  30.845 0.2222220004
40447  -15.179  -50.623  33.260 0.8888890147
40460  -16.692  -50.279  32.230 0.6666669846
42669  -27.948  -48.306  29.762 0.2222220004
41524  -17.074  -49.274  31.596 0.8888890147
41541  -17.822  -48.861  31.330 0.8888890147
42618  -16.928  -48.319  31.440 0.8888890147
42634  -17.602  -48.026  31.243 0.8888890147
44752  -18.974  -46.664  30.735 0.7777780294
42685  -25.482  -48.388  28.664 0.5555559993
44772  -18.940  -45.855  30.629 0.8888890147
45885  -19.793  -44.702  29.751 0.8888890147
45886  -20.133  -45.340  29.487 0.8888890147
44789  -20.672  -46.193  29.232 0.8888890147
44805  -22.297  -47.087  28.025 0.8888890147
43741  -23.306  -48.071  28.677 0.7777780294
46830  -20.640  -44.705  28.935 0.8888890147
45902  -20.854  -45.476  28.732 0.8888890147
44804  -21.836  -46.660  28.297 0.8888890147
41379  -9.131  -48.655  39.863 0.4444440007
41399  -9.197  -49.198  38.563 0.7777780294
41437  -10.072  -49.384  37.385 0.7777780294
42537  -10.653  -48.814  36.982 0.7777780294
42553  -11.286  -48.979  36.226 0.7777780294
42570  -11.672  -49.408  35.820 0.7777780294
42588  -12.772  -49.453  34.764 0.8888890147
43698  -30.699  -47.991  32.477 0.1111110002
41488  -13.138  -49.818  34.438 0.8888890147
41504  -13.727  -49.807  33.981 0.8888890147
42656  -29.600  -47.841  30.954 0.2222220004
42657  -30.255  -47.629  31.331 0.2222220004
41505  -14.337  -49.621  33.328 0.8888890147
40459  -15.792  -50.162  32.549 0.8888890147
41523  -15.953  -49.308  32.165 0.8888890147
42670  -28.936  -47.901  30.165 0.2222220004
47666  -20.245  -42.673  31.334 0.6666669846
46774  -22.797  -42.652  31.918 0.3333329856
45868  -23.294  -43.685  29.618 0.3333329856
45888  -23.482  -44.733  29.018 0.4444440007
43706  -17.471  -46.900  31.221 0.8888890147
44751  -18.237  -46.139  31.035 0.7777780294
45865  -18.647  -45.171  30.806 0.7777780294
47680  -20.444  -42.906  30.298 0.7777780294
46803  -22.693  -42.925  30.062 0.3333329856
46832  -22.200  -44.783  28.353 0.6666669846
45904  -22.516  -45.444  27.987 0.6666669846
44816  -23.151  -46.687  27.147 0.8888890147
43790  -23.809  -46.898  26.772 0.8888890147
42687  -27.298  -48.098  29.064 0.4444440007
43742  -28.031  -47.883  29.260 0.2222220004
44750  -17.419  -45.921  31.513 0.8888890147
46814  -19.532  -44.173  29.980 0.7777780294
46815  -20.166  -44.198  29.398 0.8888890147
46816  -21.059  -43.916  28.994 0.7777780294
45919  -22.283  -46.055  27.823 0.8888890147
43774  -22.958  -47.090  27.397 0.8888890147
43776  -24.566  -47.501  27.251 0.8888890147
43759  -25.952  -47.874  28.097 0.5555559993
43760  -26.902  -47.720  28.275 0.4444440007
45903  -21.696  -45.680  28.184 0.8888890147
42508  -9.775  -48.345  38.818 0.5555559993
42523  -10.393  -48.430  37.876 0.4444440007
42524  -11.499  -47.897  38.103 0.5555559993
41418  -10.182  -49.003  37.369 0.6666669846
43666  -23.606  -44.545  35.173 0.1111110002
42571  -12.250  -49.177  35.344 0.7777780294
44684  -24.173  -44.343  34.656 0.1111110002
45810  -20.197  -43.908  34.405 0.4444440007
44705  -21.068  -44.179  34.800 0.3333329856
45811  -21.388  -43.691  34.218 0.2222220004
44706  -22.234  -44.024  34.612 0.2222220004
44707  -23.547  -43.895  34.241 0.1111110002
43712  -30.766  -47.540  31.812 0.1111110002
42589  -13.144  -49.043  34.455 0.8888890147
42604  -13.513  -49.333  34.085 0.8888890147
45812  -22.581  -43.541  33.856 0.2222220004
45813  -23.588  -43.500  33.429 0.2222220004
42616  -15.330  -48.392  32.593 0.8888890147
42617  -16.104  -48.140  31.848 0.8888890147
45829  -20.469  -43.330  33.603 0.4444440007
45830  -21.714  -43.120  33.357 0.4444440007
46773  -21.986  -42.631  32.376 0.4444440007
45923  -25.772  -45.218  28.108 0.2222220004
43744  -29.567  -47.382  29.712 0.2222220004
43727  -29.796  -47.518  30.400 0.2222220004
46789  -21.196  -42.488  31.788 0.5555559993
45922  -25.203  -45.214  27.550 0.5555559993
45921  -24.047  -45.412  27.306 0.5555559993
43762  -28.937  -47.254  28.755 0.2222220004
42671  -29.456  -47.646  30.306 0.2222220004
43705  -16.862  -46.561  31.646 0.8888890147
45848  -17.985  -45.128  31.326 0.7777780294
47678  -18.748  -43.813  31.191 0.7777780294
47665  -19.319  -43.213  31.722 0.7777780294
45933  -23.963  -45.925  26.689 0.7777780294
44830  -23.955  -46.518  26.654 0.8888890147
43761  -27.931  -47.603  28.666 0.2222220004
43743  -28.543  -47.716  29.387 0.2222220004
44831  -24.784  -46.239  26.253 0.7777780294
43792  -25.146  -47.037  26.635 0.8888890147
43778  -26.445  -47.423  27.477 0.5555559993
42509  -10.742  -48.009  38.906 0.4444440007
42538  -11.337  -48.289  37.059 0.5555559993
42554  -12.173  -48.265  36.187 0.5555559993
44682  -21.840  -44.409  35.141 0.1111110002
43665  -22.465  -44.626  35.443 0.1111110002
44683  -22.988  -44.342  34.921 0.2222220004
42572  -13.017  -48.198  35.276 0.7777780294
44704  -19.969  -44.367  34.817 0.3333329856
43729  -31.423  -46.873  30.925 0.1111110002
42590  -13.820  -48.197  34.414 0.7777780294
45809  -19.070  -44.179  34.257 0.4444440007
43728  -30.601  -47.206  30.651 0.2222220004
43713  -31.626  -46.985  31.679 0.1111110002
42605  -13.763  -49.026  33.823 0.8888890147
42606  -14.541  -48.354  33.422 0.8888890147
45828  -19.313  -43.725  33.566 0.6666669846
46771  -19.521  -43.187  32.668 0.4444440007
43697  -16.180  -46.687  32.269 0.8888890147
43745  -30.439  -46.882  29.499 0.2222220004
44780  -30.960  -46.794  29.915 0.1111110002
44749  -16.869  -45.902  32.083 0.7777780294
45847  -17.404  -44.966  32.048 0.7777780294
46786  -18.149  -44.196  31.806 0.7777780294
47664  -18.732  -43.696  31.681 0.7777780294
45934  -24.921  -45.423  26.502 0.6666669846
43780  -28.554  -47.003  27.969 0.5555559993
43763  -29.885  -46.851  28.595 0.2222220004
44845  -25.115  -45.667  25.932 0.7777780294
44832  -25.829  -46.508  26.147 0.8888890147
43794  -26.752  -47.095  27.009 0.7777780294
43779  -27.470  -47.131  27.445 0.5555559993
44833  -26.999  -46.658  26.396 0.8888890147
42540  -13.515  -47.486  37.717 0.3333329856
42539  -12.390  -47.890  37.303 0.5555559993
42555  -13.257  -47.695  36.451 0.4444440007
43663  -20.400  -45.125  35.661 0.2222220004
43664  -21.420  -44.881  35.559 0.1111110002
43644  -22.925  -44.705  35.699 0.1111110002
42573  -14.042  -47.486  35.528 0.3333329856
44680  -19.745  -44.714  35.256 0.2222220004
44681  -20.773  -44.581  35.198 0.2222220004
44703  -18.772  -44.549  34.732 0.3333329856
42591  -14.714  -47.396  34.547 0.6666669846
45808  -18.013  -44.653  33.954 0.5555559993
43657  -14.868  -47.564  33.771 0.8888890147
43680  -15.139  -47.562  33.253 0.8888890147
45826  -17.450  -44.877  33.046 0.7777780294
46855  -26.170  -44.277  26.699 0.4444440007
43696  -15.546  -47.464  32.589 0.7777780294
44700  -16.428  -45.925  33.321 0.7777780294
45825  -16.883  -45.474  33.139 0.7777780294
46770  -18.636  -43.897  32.670 0.6666669846
46854  -25.582  -44.930  26.936 0.4444440007
46785  -17.768  -44.510  32.103 0.7777780294
46865  -25.747  -44.398  25.561 0.5555559993
46864  -25.476  -44.784  26.199 0.5555559993
43781  -29.199  -46.920  28.222 0.3333329856
43764  -30.579  -46.716  28.874 0.2222220004
44793  -31.228  -46.598  29.176 0.1111110002
47735  -25.663  -43.670  25.102 0.6666669846
45944  -25.456  -45.211  25.721 0.7777780294
44846  -25.605  -45.833  25.675 0.7777780294
44817  -27.763  -46.711  26.768 0.7777780294
44818  -28.426  -46.696  27.075 0.5555559993
44819  -29.476  -46.614  27.545 0.5555559993
46875  -26.125  -44.437  24.557 0.7777780294
45945  -26.249  -45.207  25.061 0.7777780294
44847  -26.517  -46.051  25.538 0.8888890147
44848  -27.418  -46.016  25.638 0.8888890147
44834  -28.134  -46.238  26.218 0.8888890147
44835  -29.091  -46.193  26.625 0.7777780294
45946  -27.180  -45.558  25.029 0.8888890147
44836  -29.881  -46.012  26.811 0.6666669846
42556  -14.640  -47.234  37.066 0.2222220004
42557  -15.820  -46.980  37.020 0.2222220004
42574  -15.172  -46.980  35.948 0.2222220004
43662  -19.379  -45.334  35.785 0.1111110002
42593  -16.498  -46.260  35.803 0.4444440007
43660  -16.891  -45.791  35.275 0.2222220004
43684  -18.080  -44.920  35.024 0.2222220004
42592  -15.648  -46.757  35.236 0.4444440007
43659  -16.048  -46.394  34.661 0.4444440007
43683  -17.295  -45.360  34.750 0.2222220004
43658  -15.325  -47.049  34.115 0.4444440007
43682  -16.545  -45.978  34.218 0.4444440007
44701  -17.009  -45.571  33.960 0.3333329856
44702  -17.650  -44.990  34.319 0.5555559993
47717  -27.099  -43.007  27.634 0.2222220004
47718  -27.471  -42.872  28.305 0.2222220004
43681  -15.760  -46.673  33.462 0.6666669846
45806  -16.866  -45.568  33.556 0.6666669846
45807  -17.268  -45.228  33.692 0.5555559993
47727  -26.715  -43.095  26.915 0.2222220004
46856  -26.715  -43.552  26.980 0.3333329856
47726  -26.228  -43.329  26.209 0.3333329856
44821  -31.301  -45.984  27.589 0.2222220004
45955  -26.568  -44.859  24.519 0.7777780294
45937  -30.633  -45.313  26.388 0.6666669846
44820  -30.511  -46.153  27.330 0.3333329856
47745  -25.789  -43.776  24.188 0.7777780294
46884  -26.409  -44.135  23.910 0.7777780294
45956  -27.069  -45.090  24.514 0.8888890147
45947  -28.250  -45.351  25.220 0.8888890147
45948  -29.366  -45.183  25.601 0.7777780294
45936  -29.652  -45.619  26.218 0.7777780294
47744  -25.495  -43.160  23.962 0.7777780294
46877  -28.013  -44.524  24.311 0.8888890147
49569  -27.440  -41.780  28.572 0.2222220004
49568  -26.835  -41.831  27.971 0.2222220004
48609  -26.951  -42.449  27.793 0.2222220004
49582  -26.398  -41.900  27.220 0.4444440007
49581  -26.112  -41.840  26.420 0.5555559993
48620  -26.228  -42.559  26.240 0.5555559993
50651  -25.645  -41.286  25.861 0.7777780294
49594  -25.749  -41.897  25.723 0.5555559993
48632  -25.737  -42.593  25.479 0.6666669846
48631  -25.414  -42.368  25.145 0.6666669846
48644  -25.507  -43.183  24.674 0.6666669846
50650  -24.996  -40.894  25.318 0.7777780294
48643  -25.258  -42.534  24.672 0.6666669846
46866  -28.440  -44.823  24.815 0.8888890147
49606  -24.804  -41.688  24.423 0.7777780294
48657  -25.211  -42.470  23.645 0.8888890147
47756  -25.658  -43.011  23.474 0.7777780294
47757  -26.262  -43.470  23.413 0.7777780294
46885  -27.136  -44.070  23.657 1.0000000000
46886  -27.843  -43.764  23.641 0.8888890147
46878  -28.995  -43.898  24.316 0.8888890147
49605  -24.497  -41.128  24.007 1.0000000000
49617  -24.835  -41.492  23.303 0.8888890147
48658  -25.818  -42.759  23.030 0.8888890147
47758  -27.365  -43.389  23.230 1.0000000000
47759  -28.003  -43.332  23.368 1.0000000000
47747  -29.288  -43.372  24.130 0.8888890147
48646  -29.537  -42.639  23.923 1.0000000000
48633  -30.179  -42.647  24.440 0.8888890147
49641  -25.589  -41.639  22.703 1.0000000000
48678  -26.027  -42.195  22.655 1.0000000000
48679  -26.580  -42.016  22.546 1.0000000000
48660  -28.051  -42.656  23.065 1.0000000000
49607  -29.006  -41.953  23.235 1.0000000000
49608  -29.715  -41.680  23.790 0.8888890147
50673  -25.500  -40.873  22.627 1.0000000000
49642  -26.154  -41.680  22.536 1.0000000000
49643  -26.635  -41.616  22.514 1.0000000000
49618  -27.281  -41.889  22.543 0.8888890147
50676  -28.677  -41.295  22.853 1.0000000000
50696  -26.878  -41.310  22.493 1.0000000000
50674  -26.538  -40.819  22.379 1.0000000000
50675  -27.658  -41.141  22.460 1.0000000000
50631  -27.307  -41.263  28.764 0.2222220004
51610  -27.021  -40.426  29.064 0.3333329856
50640  -26.202  -41.306  27.430 0.5555559993
50630  -26.564  -40.932  28.310 0.3333329856
52566  -26.810  -39.824  29.228 0.3333329856
51621  -25.962  -40.264  27.749 0.5555559993
50639  -25.764  -40.854  26.707 0.6666669846
51632  -25.494  -40.466  26.013 0.8888890147
50663  -24.593  -40.879  24.582 0.7777780294
48634  -30.777  -42.605  25.052 0.8888890147
49595  -30.233  -41.828  24.436 1.0000000000
49616  -24.519  -40.903  23.657 1.0000000000
50672  -24.678  -40.517  23.323 1.0000000000
50665  -29.963  -41.143  24.127 0.8888890147
50695  -26.258  -41.262  22.492 1.0000000000
50664  -29.450  -41.100  23.411 1.0000000000
51642  -29.550  -40.740  23.297 0.8888890147
51643  -30.049  -40.517  23.967 0.7777780294
51651  -24.990  -39.763  22.864 1.0000000000
51653  -27.034  -40.426  22.039 1.0000000000
51654  -28.833  -40.735  22.653 1.0000000000
52591  -27.686  -40.331  21.789 1.0000000000
52574  -25.602  -39.383  27.458 0.5555559993
51631  -25.034  -39.665  25.818 0.7777780294
50649  -24.620  -40.168  24.958 0.8888890147
50662  -24.432  -40.409  24.116 1.0000000000
51650  -24.402  -39.613  23.693 1.0000000000
51652  -25.886  -40.123  22.344 1.0000000000
51655  -29.548  -40.218  22.999 1.0000000000
52590  -24.959  -39.183  22.627 1.0000000000
51672  -25.423  -39.456  22.461 1.0000000000
51673  -26.036  -39.619  22.064 1.0000000000
51674  -26.686  -39.901  21.697 1.0000000000
52592  -28.843  -40.320  22.134 1.0000000000
52593  -29.630  -39.912  22.608 0.8888890147
52585  -30.149  -39.801  23.563 0.6666669846
52609  -25.174  -38.871  22.175 1.0000000000
52610  -26.067  -39.223  21.694 1.0000000000
52611  -26.844  -39.771  21.400 1.0000000000
52612  -27.834  -40.254  21.394 1.0000000000
52613  -28.894  -40.169  21.730 1.0000000000
52634  -27.862  -40.138  20.960 1.0000000000
52581  -24.914  -38.942  25.994 0.7777780294
52573  -25.165  -39.026  26.620 0.4444440007
51630  -24.589  -39.545  25.215 0.7777780294
53503  -24.773  -38.475  26.208 0.5555559993
52580  -24.444  -38.818  25.454 0.8888890147
53502  -24.490  -37.837  26.084 0.5555559993
51641  -24.370  -39.544  24.631 1.0000000000
52584  -24.074  -38.695  24.295 0.8888890147
52589  -24.373  -38.704  23.008 0.8888890147
52608  -24.497  -38.200  22.226 0.7777780294
52594  -30.334  -39.495  22.993 0.5555559993
52631  -25.312  -38.606  21.330 1.0000000000
52632  -26.177  -39.083  21.164 1.0000000000
52633  -26.951  -39.603  20.987 1.0000000000
52614  -29.771  -39.790  22.063 0.7777780294
52595  -31.147  -39.379  23.241 0.4444440007
52652  -25.585  -38.686  20.763 0.8888890147
52653  -26.214  -39.001  20.547 1.0000000000
52654  -26.946  -39.530  20.321 1.0000000000
52636  -30.117  -40.043  21.263 0.7777780294
52615  -30.716  -39.648  22.318 0.5555559993
52637  -31.090  -39.929  21.639 0.4444440007
51676  -33.043  -40.017  22.540 0.3333329856
52655  -27.909  -40.126  20.176 1.0000000000
51694  -30.943  -40.220  20.757 0.6666669846
51696  -32.663  -40.300  21.560 0.4444440007
51697  -33.354  -40.742  21.784 0.3333329856
52656  -29.185  -40.293  20.115 0.8888890147
52657  -30.201  -40.264  20.318 0.7777780294
51695  -31.811  -40.164  21.186 0.5555559993
51717  -32.584  -40.629  20.442 0.4444440007
53490  -24.991  -37.823  26.846 0.3333329856
53513  -24.086  -37.764  25.082 0.5555559993
53524  -23.935  -37.608  23.836 0.6666669846
53538  -24.141  -37.523  22.646 0.6666669846
53553  -24.526  -37.580  21.706 0.8888890147
53571  -24.798  -37.518  21.074 0.8888890147
54513  -24.935  -37.257  20.726 0.7777780294
53572  -25.027  -37.933  20.582 0.8888890147
52675  -25.563  -38.532  20.227 1.0000000000
53589  -25.390  -37.905  19.743 1.0000000000
52676  -26.102  -38.788  19.704 1.0000000000
52677  -27.034  -39.351  19.411 1.0000000000
51718  -33.323  -40.767  20.815 0.3333329856
52693  -26.429  -38.643  18.948 1.0000000000
52678  -28.146  -39.784  19.039 1.0000000000
52679  -29.178  -40.039  19.116 1.0000000000
51741  -31.555  -40.368  19.054 0.6666669846
52694  -27.170  -38.847  18.404 1.0000000000
51738  -28.923  -39.653  18.366 1.0000000000
51763  -30.505  -39.847  17.945 1.0000000000
51740  -30.666  -40.134  18.832 0.7777780294
53476  -25.199  -37.217  27.434 0.2222220004
54417  -24.406  -37.022  25.852 0.4444440007
54407  -24.927  -36.665  26.854 0.4444440007
54429  -24.219  -36.689  24.723 0.4444440007
54445  -24.271  -36.429  23.322 0.5555559993
54462  -24.435  -36.715  22.048 0.5555559993
54482  -24.727  -36.967  21.132 0.6666669846
55402  -25.499  -36.098  20.426 0.5555559993
54514  -25.299  -36.688  20.163 0.6666669846
54539  -25.647  -37.353  19.412 0.8888890147
53602  -26.457  -37.962  18.452 1.0000000000
53603  -27.096  -37.874  17.922 1.0000000000
52706  -27.638  -38.466  17.722 1.0000000000
52696  -28.805  -39.062  17.564 1.0000000000
51774  -30.416  -39.310  17.269 1.0000000000
51775  -31.308  -39.499  17.445 1.0000000000
52709  -30.237  -38.616  16.966 1.0000000000
52710  -31.148  -38.765  16.979 1.0000000000
54418  -24.769  -35.984  25.713 0.3333329856
54430  -24.801  -35.678  24.409 0.4444440007
55312  -25.801  -35.041  25.375 0.2222220004
54446  -24.898  -35.521  23.341 0.3333329856
55325  -25.614  -34.953  23.894 0.3333329856
54463  -24.832  -35.857  22.390 0.5555559993
55341  -25.511  -35.100  22.728 0.3333329856
55342  -26.434  -34.472  23.123 0.3333329856
54483  -24.946  -36.214  21.334 0.5555559993
55356  -25.425  -35.426  21.682 0.3333329856
55376  -25.420  -35.843  20.781 0.5555559993
55377  -26.033  -35.149  20.997 0.3333329856
55403  -25.803  -35.770  20.329 0.5555559993
54515  -26.285  -35.868  19.556 0.5555559993
54540  -26.192  -36.927  18.797 0.7777780294
54552  -26.722  -37.379  18.214 1.0000000000
54553  -27.278  -36.774  17.753 1.0000000000
53612  -27.755  -37.711  17.376 1.0000000000
52708  -29.297  -38.602  17.152 1.0000000000
53613  -28.709  -37.439  16.914 1.0000000000
53629  -30.606  -37.068  16.478 1.0000000000
53615  -30.897  -37.936  16.731 1.0000000000
53630  -31.610  -37.218  16.490 1.0000000000
55329  -30.198  -34.104  24.898 0.1111110002
55330  -30.975  -34.323  24.872 0.1111110002
54431  -31.659  -34.625  25.048 0.1111110002
55326  -26.678  -34.346  24.367 0.3333329856
55327  -27.941  -33.914  24.654 0.1111110002
55344  -28.891  -33.846  23.769 0.1111110002
55345  -30.149  -34.116  23.981 0.1111110002
55346  -30.718  -34.307  24.381 0.1111110002
55343  -27.592  -33.904  23.461 0.2222220004
55360  -29.711  -34.066  23.128 0.2222220004
55358  -27.317  -34.147  22.313 0.2222220004
55359  -28.700  -33.916  22.580 0.1111110002
55357  -26.259  -34.749  21.993 0.2222220004
55379  -28.144  -34.162  21.706 0.2222220004
55404  -26.629  -35.152  20.279 0.2222220004
54484  -27.536  -34.693  20.311 0.2222220004
54516  -27.229  -35.081  19.509 0.3333329856
54541  -27.046  -35.753  18.603 0.4444440007
54563  -28.310  -36.257  16.988 0.8888890147
53628  -29.632  -36.855  16.527 1.0000000000
54573  -29.446  -36.039  16.280 1.0000000000
54574  -30.307  -36.257  16.117 0.8888890147
55458  -30.948  -35.593  15.749 0.8888890147
55459  -32.052  -35.466  15.760 1.0000000000
55469  -31.925  -34.922  15.581 0.8888890147
55460  -33.178  -35.666  16.079 0.8888890147
56288  -33.858  -34.748  15.991 0.7777780294
54448  -31.402  -34.782  23.888 0.2222220004
54447  -30.523  -34.467  23.156 0.2222220004
54465  -30.011  -34.407  22.292 0.2222220004
54464  -29.052  -34.286  21.739 0.2222220004
54486  -29.771  -34.543  21.315 0.2222220004
54485  -28.504  -34.425  20.909 0.2222220004
54542  -28.029  -34.916  18.869 0.3333329856
54554  -28.094  -35.325  17.839 0.7777780294
55455  -28.731  -35.667  16.756 0.8888890147
54572  -28.902  -35.926  16.593 1.0000000000
55456  -29.196  -35.069  16.426 0.8888890147
55457  -29.993  -35.457  15.856 0.8888890147
55467  -30.605  -34.850  15.631 0.8888890147
56294  -31.128  -34.250  15.502 0.8888890147
57129  -32.527  -33.908  15.443 0.8888890147
57119  -33.478  -33.861  15.599 0.8888890147
58039  -33.030  -33.179  15.431 0.8888890147
58028  -34.941  -32.879  16.158 0.8888890147
54518  -29.495  -34.468  20.397 0.2222220004
54544  -30.360  -34.364  20.160 0.3333329856
55424  -30.283  -34.182  19.559 0.3333329856
54517  -28.322  -34.576  19.844 0.3333329856
55423  -29.747  -34.144  19.050 0.3333329856
55438  -30.141  -34.006  19.190 0.3333329856
54555  -28.580  -34.664  18.502 0.3333329856
55436  -28.639  -34.893  17.563 0.4444440007
55437  -29.179  -34.301  18.300 0.4444440007
55448  -28.870  -34.527  17.225 0.4444440007
56292  -29.700  -33.939  16.083 0.8888890147
57126  -30.166  -33.256  15.865 0.8888890147
58037  -31.317  -32.765  15.613 0.8888890147
58981  -34.680  -31.929  16.065 0.8888890147
58978  -31.427  -31.637  15.851 0.8888890147
58979  -32.500  -31.562  15.618 0.8888890147
58980  -33.561  -31.705  15.664 0.8888890147
59898  -32.147  -30.738  15.754 0.8888890147
56269  -30.023  -33.725  18.921 0.4444440007
56270  -30.705  -33.775  19.499 0.3333329856
56268  -29.616  -33.634  18.283 0.3333329856
57099  -29.644  -33.017  17.977 0.6666669846
56278  -29.321  -33.784  17.591 0.6666669846
57109  -29.497  -33.029  17.195 0.7777780294
57118  -30.072  -32.738  16.072 0.8888890147
58023  -30.057  -32.264  16.371 0.8888890147
59900  -34.288  -30.853  15.723 0.8888890147
58025  -31.189  -32.246  15.777 0.8888890147
59897  -31.284  -30.458  16.132 0.8888890147
59910  -32.699  -30.055  15.629 0.8888890147
59909  -31.961  -30.027  15.817 0.8888890147
61873  -32.698  -28.501  15.436 0.8888890147
63759  -33.263  -27.378  15.309 0.8888890147
63760  -33.536  -27.174  15.109 0.8888890147
63761  -34.141  -26.477  15.072 0.8888890147
63762  -34.902  -25.893  15.111 0.8888890147
64748  -36.160  -26.080  13.901 0.8888890147
63792  -37.878  -26.327  12.969 0.8888890147
58002  -29.700  -32.052  17.708 0.6666669846
58014  -29.727  -32.242  16.880 0.6666669846
58976  -29.988  -31.779  16.682 0.8888890147
58966  -29.889  -31.304  17.133 0.7777780294
58967  -30.185  -30.838  16.886 0.8888890147
59896  -30.554  -30.357  16.704 0.8888890147
60866  -31.605  -29.678  16.053 0.8888890147
60867  -32.221  -29.320  15.738 0.8888890147
61862  -31.367  -28.662  16.673 0.8888890147
62813  -31.904  -28.170  16.393 0.8888890147
61863  -31.993  -28.528  16.036 0.8888890147
62814  -32.460  -27.603  16.053 0.8888890147
63744  -33.344  -26.778  15.819 0.8888890147
63745  -34.185  -26.108  15.933 0.8888890147
64735  -35.400  -25.926  14.654 0.8888890147
64736  -36.005  -25.851  14.331 0.8888890147
64749  -36.795  -25.895  13.707 0.8888890147
64758  -37.591  -25.938  13.265 0.8888890147
64759  -38.402  -25.699  12.982 0.8888890147
63793  -38.597  -26.219  12.725 0.8888890147
63794  -39.348  -26.286  12.489 0.7777780294
62855  -38.599  -26.822  12.781 0.7777780294
62856  -39.433  -27.005  12.785 0.6666669846
62857  -40.291  -27.040  12.972 0.6666669846
58003  -29.898  -32.326  18.559 0.5555559993
58953  -29.907  -31.363  18.451 0.5555559993
59875  -30.394  -30.714  18.992 0.5555559993
59874  -30.078  -30.375  18.210 0.5555559993
60819  -30.382  -29.871  18.300 0.6666669846
60834  -30.425  -29.659  17.889 0.6666669846
61847  -30.921  -29.062  17.369 0.6666669846
61848  -31.507  -28.300  17.664 0.8888890147
62803  -31.829  -27.956  16.789 0.8888890147
62815  -32.983  -27.042  16.622 0.8888890147
63726  -33.587  -26.552  16.575 0.7777780294
63746  -35.328  -25.598  16.020 0.8888890147
64720  -35.628  -25.634  15.074 0.8888890147
64704  -36.343  -25.351  15.655 0.8888890147
64722  -37.118  -25.273  15.065 0.8888890147
64737  -36.974  -25.445  14.304 0.8888890147
64750  -37.920  -25.452  13.591 0.8888890147
60820  -30.757  -29.671  18.745 0.5555559993
61831  -31.280  -28.807  18.458 0.5555559993
60835  -30.942  -29.066  18.034 0.5555559993
61833  -32.709  -27.543  18.957 0.5555559993
61849  -32.059  -27.812  17.957 0.5555559993
62793  -33.315  -27.017  18.431 0.4444440007
62804  -32.334  -27.508  17.237 0.7777780294
62805  -33.286  -26.892  17.431 0.6666669846
62806  -33.863  -26.478  17.947 0.6666669846
63728  -35.332  -25.623  17.256 0.6666669846
63727  -34.284  -26.135  17.043 0.7777780294
63747  -36.222  -25.294  16.532 0.7777780294
63749  -37.894  -24.678  17.027 0.5555559993
64703  -35.907  -25.480  15.435 0.8888890147
64705  -37.131  -25.146  15.880 0.5555559993
64723  -38.019  -25.027  15.184 0.5555559993
64724  -38.978  -24.793  15.341 0.5555559993
64738  -37.909  -25.169  14.378 0.7777780294
64739  -38.931  -24.989  14.417 0.5555559993
64751  -38.574  -25.153  13.832 0.8888890147
65661  -38.718  -25.227  13.381 0.8888890147
64760  -39.289  -25.603  12.511 0.8888890147
64761  -39.878  -25.760  12.175 0.7777780294
63795  -40.366  -26.267  12.286 0.7777780294
60793  -33.104  -29.325  21.696 0.3333329856
60805  -31.287  -29.643  19.524 0.5555559993
60806  -31.917  -29.603  20.361 0.4444440007
60821  -31.394  -29.004  19.029 0.5555559993
61832  -31.929  -28.179  18.747 0.5555559993
62794  -34.024  -26.571  18.715 0.4444440007
63699  -34.739  -26.174  18.791 0.4444440007
63713  -37.028  -25.138  18.734 0.1111110002
63714  -37.887  -24.787  18.934 0.1111110002
63729  -36.215  -25.378  17.530 0.4444440007
63730  -37.011  -25.049  17.773 0.2222220004
63750  -38.763  -24.517  17.316 0.4444440007
64706  -38.005  -24.859  16.072 0.5555559993
64707  -38.962  -24.622  16.328 0.5555559993
64740  -39.687  -24.748  14.720 0.5555559993
65662  -39.350  -24.807  13.477 0.5555559993
65680  -39.688  -24.958  12.307 0.8888890147
65672  -39.118  -25.129  12.878 0.8888890147
64770  -39.920  -25.243  12.055 0.7777780294
63803  -40.897  -25.808  11.859 0.6666669846
63796  -41.236  -26.580  12.712 0.6666669846
60764  -35.157  -29.082  23.229 0.1111110002
60780  -33.904  -28.827  22.384 0.1111110002
60792  -32.479  -29.095  20.939 0.4444440007
61805  -33.522  -27.800  21.695 0.1111110002
61790  -34.103  -27.898  22.354 0.1111110002
61804  -32.846  -28.271  21.054 0.1111110002
61818  -32.498  -28.203  19.974 0.3333329856
62771  -33.419  -27.409  20.449 0.2222220004
62772  -34.253  -26.811  20.841 0.2222220004
62782  -33.352  -27.168  19.382 0.4444440007
62784  -34.916  -26.268  20.179 0.2222220004
63700  -35.341  -25.927  19.277 0.2222220004
63702  -37.027  -25.185  19.729 0.2222220004
63703  -37.874  -24.847  19.939 0.2222220004
63704  -38.704  -24.588  20.144 0.1111110002
64666  -39.480  -24.281  20.319 0.1111110002
64672  -40.349  -23.916  19.420 0.1111110002
63701  -36.229  -25.508  19.474 0.2222220004
63715  -38.937  -24.460  19.018 0.1111110002
63716  -39.588  -24.270  18.613 0.2222220004
64681  -41.229  -23.764  18.447 0.1111110002
63732  -38.708  -24.499  18.150 0.1111110002
63733  -39.575  -24.302  18.031 0.3333329856
64691  -40.379  -24.190  17.518 0.2222220004
64692  -41.139  -23.942  17.496 0.2222220004
64708  -39.903  -24.420  16.872 0.4444440007
64725  -40.147  -24.552  15.468 0.5555559993
65673  -39.936  -24.393  12.572 0.8888890147
65663  -40.304  -23.989  13.422 0.7777780294
65651  -39.778  -24.640  14.063 0.6666669846
65681  -40.375  -24.586  11.858 0.8888890147
64771  -40.552  -25.406  11.808 0.7777780294
64772  -41.353  -25.465  11.568 0.6666669846
63804  -41.327  -26.043  11.966 0.6666669846
63805  -41.789  -26.177  12.169 0.6666669846
63785  -41.759  -26.601  13.158 0.5555559993
61765  -36.547  -28.459  23.976 0.1111110002
61778  -35.220  -28.513  23.249 0.1111110002
61780  -36.476  -27.555  23.675 0.1111110002
61791  -34.801  -28.077  22.903 0.1111110002
61792  -35.583  -27.193  22.879 0.1111110002
62759  -34.495  -27.163  21.891 0.1111110002
62760  -35.301  -26.749  22.127 0.1111110002
62774  -35.862  -26.073  21.461 0.1111110002
62773  -35.196  -26.286  21.038 0.1111110002
63681  -36.512  -25.788  21.318 0.1111110002
63683  -37.873  -25.325  21.822 0.1111110002
63689  -35.561  -25.869  20.109 0.2222220004
63691  -37.123  -25.422  20.692 0.1111110002
63692  -37.886  -25.138  20.914 0.1111110002
64661  -39.411  -24.450  21.279 0.1111110002
64668  -41.426  -23.657  20.535 0.1111110002
64669  -42.098  -23.553  20.029 0.1111110002
64727  -41.476  -24.396  16.378 0.1111110002
64710  -41.766  -24.304  16.782 0.1111110002
65653  -41.179  -23.776  14.558 0.4444440007
65643  -41.155  -24.244  15.308 0.3333329856
64726  -40.992  -24.444  16.092 0.3333329856
65652  -40.395  -24.302  14.428 0.5555559993
66572  -40.587  -23.670  12.442 0.8888890147
66582  -40.431  -23.997  12.000 0.8888890147
65682  -41.212  -24.672  11.359 0.7777780294
64762  -42.503  -25.989  12.126 0.5555559993
62750  -37.058  -26.573  23.417 0.1111110002
62762  -36.707  -26.159  22.622 0.1111110002
62751  -37.551  -26.234  23.656 0.1111110002
62739  -38.488  -26.355  24.459 0.1111110002
62761  -36.152  -26.277  22.206 0.1111110002
63674  -38.026  -25.881  23.801 0.1111110002
63682  -37.076  -25.667  21.693 0.1111110002
63679  -38.609  -25.162  22.998 0.1111110002
63684  -38.592  -24.999  22.025 0.1111110002
64656  -39.380  -24.649  22.240 0.1111110002
64657  -40.144  -24.327  22.525 0.1111110002
63693  -38.650  -24.829  21.096 0.1111110002
64662  -40.222  -24.057  21.486 0.1111110002
65593  -41.705  -23.796  22.122 0.1111110002
65600  -42.418  -23.587  21.400 0.1111110002
64667  -40.336  -23.911  20.428 0.1111110002
65599  -41.747  -23.634  21.176 0.1111110002
64693  -42.199  -23.874  17.493 0.1111110002
64675  -42.879  -23.484  18.914 0.1111110002
66583  -41.190  -23.663  11.546 0.8888890147
65683  -41.828  -25.033  11.142 0.7777780294
65587  -41.731  -24.071  23.032 0.1111110002
66591  -41.522  -24.106  11.091 0.7777780294
34377  -0.268  -57.075  53.741 0.2222220004
32205  -1.478  -58.590  50.115 0.5555559993
34374  0.765  -56.524  53.151 0.2222220004
34376  0.021  -56.651  53.552 0.4444440007
35402  0.254  -55.989  53.209 0.3333329856
36377  0.361  -55.297  53.051 0.2222220004
34407  -3.107  -56.847  46.520 0.6666669846
34427  -4.482  -56.550  45.445 0.4444440007
34428  -5.088  -56.748  45.246 0.4444440007
34429  -5.976  -56.807  45.034 0.4444440007
34438  -6.449  -56.500  44.413 0.4444440007
35463  -6.632  -56.082  43.795 0.6666669846
36384  1.713  -54.550  52.291 0.1111110002
37303  1.006  -53.072  53.090 0.2222220004
37311  2.178  -53.413  51.425 0.1111110002
37307  2.062  -53.122  52.074 0.1111110002
38280  1.100  -52.038  52.893 0.2222220004
38289  2.148  -52.837  50.950 0.1111110002
37336  -3.328  -54.243  46.854 0.8888890147
36453  -7.193  -54.814  42.136 0.6666669846
37367  -5.986  -53.865  42.641 0.7777780294
36471  -6.603  -54.006  41.999 0.7777780294
36474  -8.476  -54.522  41.609 0.5555559993
36391  -2.025  -54.075  49.837 0.7777780294
37330  -3.362  -53.672  47.283 0.7777780294
37344  -4.749  -53.293  44.697 0.8888890147
37422  -7.897  -53.274  40.584 0.6666669846
38305  -3.896  -52.030  48.082 0.2222220004
39269  -4.275  -52.035  46.724 0.2222220004
39264  -4.355  -51.645  47.249 0.1111110002
39274  -5.156  -51.821  45.185 0.5555559993
38329  -6.201  -53.139  42.135 0.8888890147
37395  -6.642  -53.609  41.743 0.8888890147
37421  -7.471  -53.079  40.767 0.7777780294
38334  -6.663  -52.908  41.485 0.8888890147
38392  -11.714  -52.744  38.344 0.6666669846
39285  -5.965  -51.973  43.226 0.7777780294
40347  -7.617  -51.351  40.420 0.7777780294
39317  -9.696  -51.954  38.344 0.6666669846
40259  -6.339  -50.149  46.187 0.1111110002
39355  -11.521  -50.840  36.383 0.7777780294
39358  -14.430  -52.200  36.461 0.6666669846
39377  -12.925  -51.114  35.462 0.7777780294
42652  -25.295  -49.244  30.027 0.4444440007
40363  -8.387  -50.482  39.268 0.7777780294
40392  -10.575  -50.342  36.842 0.8888890147
40402  -11.099  -50.157  36.359 0.7777780294
40416  -13.031  -50.683  34.956 0.8888890147
42686  -26.396  -48.278  28.850 0.4444440007
42665  -23.982  -48.564  29.084 0.5555559993
43757  -23.980  -47.932  28.066 0.7777780294
40317  -8.562  -49.494  42.789 0.3333329856
41344  -8.831  -49.299  41.941 0.3333329856
41417  -9.778  -49.217  37.769 0.7777780294
41438  -10.390  -49.450  36.988 0.7777780294
42552  -10.754  -49.191  36.645 0.7777780294
42645  -30.110  -47.994  31.897 0.2222220004
41489  -13.524  -50.171  34.281 0.8888890147
39394  -15.380  -51.557  34.221 0.6666669846
39404  -17.027  -51.571  33.465 0.6666669846
41540  -17.328  -48.635  31.364 0.7777780294
42633  -16.762  -47.437  31.487 0.8888890147
43707  -18.368  -47.333  31.009 0.8888890147
45866  -19.404  -45.172  30.190 0.8888890147
46802  -18.958  -44.331  30.570 0.7777780294
43756  -22.875  -47.487  27.992 0.8888890147
44815  -22.507  -46.692  27.661 0.8888890147
43758  -25.020  -47.925  27.994 0.6666669846
44803  -21.178  -46.190  28.638 0.8888890147
45918  -21.954  -46.208  28.032 0.8888890147
41359  -9.473  -48.639  41.214 0.3333329856
42522  -9.735  -48.733  38.251 0.6666669846
40446  -14.347  -50.323  33.733 0.8888890147
41522  -15.086  -49.432  32.725 0.8888890147
47667  -21.255  -42.525  30.810 0.5555559993
47679  -19.463  -43.377  30.615 0.7777780294
46788  -20.537  -42.609  32.035 0.5555559993
46790  -22.269  -42.584  31.213 0.5555559993
45849  -23.565  -43.097  31.154 0.3333329856
45869  -24.329  -44.030  30.070 0.1111110002
45887  -22.979  -44.141  28.972 0.3333329856
46817  -22.218  -43.738  29.009 0.4444440007
46818  -22.746  -44.468  28.684 0.5555559993
46833  -22.805  -44.949  28.396 0.6666669846
46801  -18.455  -44.507  31.106 0.7777780294
47694  -20.706  -43.344  29.546 0.8888890147
47693  -19.968  -43.504  29.868 0.8888890147
47696  -21.931  -43.366  29.323 0.7777780294
47681  -21.327  -42.804  29.921 0.7777780294
46831  -21.378  -44.668  28.538 0.8888890147
45905  -23.310  -45.275  28.018 0.6666669846
45932  -23.502  -46.354  26.880 0.8888890147
45920  -23.067  -45.922  27.318 0.7777780294
44829  -23.566  -46.755  26.869 0.8888890147
43791  -24.269  -46.960  26.684 0.8888890147
43775  -23.604  -47.234  27.193 0.8888890147
42688  -27.783  -47.955  29.198 0.3333329856
47695  -21.546  -43.331  29.366 0.8888890147
43777  -25.527  -47.518  27.334 0.7777780294
44708  -24.795  -44.021  34.032 0.1111110002
46772  -20.760  -42.763  32.680 0.5555559993
45907  -25.334  -45.290  28.634 0.2222220004
45906  -24.293  -45.235  28.322 0.3333329856
47656  -19.556  -43.038  32.196 0.6666669846
43793  -26.103  -47.061  26.801 0.8888890147
46843  -25.666  -45.065  27.329 0.3333329856
45846  -17.019  -45.430  32.574 0.7777780294
45827  -18.339  -44.258  33.359 0.6666669846
46845  -27.029  -44.014  27.756 0.3333329856
44728  -16.623  -45.882  32.654 0.7777780294
46769  -17.890  -44.411  32.505 0.7777780294
44807  -30.819  -46.499  28.223 0.2222220004
44806  -30.183  -46.603  27.901 0.2222220004
45935  -28.906  -45.736  25.975 0.7777780294
42575  -16.326  -46.705  36.538 0.3333329856
44679  -18.863  -44.965  35.350 0.2222220004
48610  -27.502  -42.324  28.382 0.2222220004
48621  -26.618  -42.491  27.010 0.3333329856
45949  -29.980  -45.150  25.932 0.7777780294
46876  -26.862  -44.626  24.111 0.8888890147
45957  -27.624  -45.145  24.754 0.8888890147
49556  -28.086  -41.629  29.006 0.2222220004
49593  -25.323  -41.916  25.261 0.7777780294
46867  -29.050  -44.569  24.886 0.8888890147
47746  -28.623  -43.400  23.717 1.0000000000
46868  -30.254  -44.474  25.479 0.8888890147
47736  -29.876  -43.499  24.630 0.8888890147
48677  -25.403  -42.169  22.962 0.8888890147
48659  -26.778  -42.690  22.791 1.0000000000
48645  -28.850  -42.670  23.449 1.0000000000
49619  -28.185  -41.763  22.751 0.8888890147
51609  -26.425  -40.327  28.482 0.4444440007
51620  -25.490  -39.865  26.673 0.7777780294
52575  -25.855  -39.593  28.039 0.3333329856
51619  -25.266  -39.493  26.363 0.6666669846
52635  -28.967  -40.270  21.154 1.0000000000
54406  -24.656  -37.385  26.428 0.3333329856
52630  -24.784  -38.263  21.722 1.0000000000
53554  -24.783  -37.997  21.246 1.0000000000
51675  -31.895  -39.725  22.471 0.5555559993
51716  -31.680  -40.453  20.100 0.5555559993
51714  -29.966  -40.195  19.467 0.7777780294
51715  -30.822  -40.295  19.769 0.6666669846
53590  -25.889  -37.956  19.067 1.0000000000
51739  -29.780  -39.941  18.560 0.8888890147
51762  -29.509  -39.473  17.660 1.0000000000
51761  -28.841  -39.357  17.880 1.0000000000
51764  -31.425  -39.983  18.192 1.0000000000
52695  -28.200  -39.183  17.973 1.0000000000
52707  -28.344  -38.465  17.370 1.0000000000
53614  -29.882  -37.768  16.786 1.0000000000
52711  -32.117  -38.895  17.110 1.0000000000
55301  -25.528  -35.533  26.763 0.2222220004
55313  -27.148  -34.361  25.626 0.2222220004
54562  -27.931  -37.064  17.156 1.0000000000
53627  -28.961  -36.518  16.621 1.0000000000
53616  -31.864  -38.070  16.743 1.0000000000
54575  -31.320  -36.365  16.111 1.0000000000
54576  -32.374  -36.471  16.248 1.0000000000
53631  -32.553  -37.336  16.603 1.0000000000
55328  -29.199  -33.918  24.808 0.1111110002
55378  -27.156  -34.544  21.180 0.2222220004
55447  -28.589  -35.312  17.080 0.6666669846
55468  -31.436  -34.937  15.572 0.8888890147
56296  -32.392  -34.467  15.554 0.8888890147
56287  -32.837  -34.712  15.691 0.8888890147
56285  -29.284  -33.915  16.764 0.7777780294
55466  -29.890  -34.688  15.832 0.8888890147
56293  -30.337  -34.078  15.662 0.8888890147
57128  -31.663  -33.646  15.456 0.8888890147
57127  -30.860  -33.492  15.594 0.8888890147
58038  -32.228  -33.007  15.439 0.8888890147
57120  -34.408  -33.780  15.937 0.8888890147
58990  -31.956  -32.243  15.596 0.8888890147
58026  -32.870  -32.391  15.506 0.8888890147
58027  -33.889  -32.795  15.706 0.8888890147
57121  -35.248  -33.781  16.307 0.7777780294
54543  -29.263  -34.388  19.298 0.3333329856
55439  -30.811  -34.001  19.757 0.3333329856
57117  -29.731  -33.099  16.372 0.7777780294
58024  -30.632  -32.396  15.929 0.8888890147
59899  -33.117  -30.828  15.582 0.8888890147
58977  -30.458  -31.367  16.440 0.8888890147
59911  -33.597  -30.171  15.484 0.8888890147
60868  -33.147  -29.406  15.287 0.8888890147
63743  -33.129  -27.302  15.515 0.8888890147
63771  -33.827  -27.357  14.724 0.8888890147
58952  -29.802  -31.089  17.814 0.6666669846
59886  -30.118  -30.431  17.387 0.7777780294
61861  -30.929  -29.197  16.884 0.8888890147
60850  -31.074  -29.559  16.486 0.8888890147
60851  -31.601  -29.119  16.152 0.8888890147
64721  -36.326  -25.489  14.975 0.8888890147
65671  -38.559  -25.401  13.213 0.8888890147
59861  -30.919  -30.225  19.406 0.5555559993
62792  -32.585  -27.446  18.139 0.5555559993
63710  -34.578  -26.030  18.028 0.6666669846
63711  -35.424  -25.764  18.240 0.4444440007
63748  -37.035  -24.991  16.792 0.3333329856
61817  -31.760  -28.869  19.579 0.5555559993
62783  -34.295  -26.603  19.663 0.4444440007
63712  -36.222  -25.478  18.503 0.2222220004
63731  -37.855  -24.735  17.995 0.2222220004
63751  -39.247  -24.413  17.586 0.3333329856
61779  -35.767  -28.314  23.497 0.1111110002
64673  -41.292  -23.674  19.436 0.1111110002
64680  -40.188  -24.060  18.476 0.2222220004
64682  -42.080  -23.643  18.488 0.1111110002
64709  -40.982  -24.309  16.809 0.1111110002
65664  -40.745  -23.823  13.986 0.5555559993
62737  -37.020  -27.598  24.078 0.1111110002
63690  -36.227  -25.695  20.550 0.2222220004
65605  -41.795  -23.600  20.711 0.1111110002
65606  -42.257  -23.543  20.466 0.1111110002
64674  -42.263  -23.514  19.373 0.1111110002
64694  -42.584  -23.740  17.960 0.1111110002
65642  -40.771  -24.321  14.907 0.4444440007
63677  -37.252  -25.772  22.497 0.1111110002
64658  -40.920  -24.137  22.818 0.1111110002
64663  -40.978  -23.825  21.804 0.1111110002
65595  -43.344  -23.706  22.556 0.1111110002
65607  -43.100  -23.400  20.632 0.1111110002
38282  -0.346  -52.403  53.163 0.2222220004
38281  0.395  -52.250  53.131 0.1111110002
38287  -1.321  -53.033  52.610 0.4444440007
37309  -1.308  -53.584  52.299 0.5555559993
37312  -1.565  -53.835  51.617 0.6666669846
39245  1.513  -51.216  51.798 0.1111110002
39239  -0.373  -51.355  53.221 0.1111110002
39238  0.301  -51.206  53.076 0.1111110002
37310  -1.888  -53.068  51.718 0.6666669846
37313  -2.094  -53.240  51.095 0.5555559993
39242  1.190  -51.191  52.469 0.1111110002
40220  1.331  -50.189  51.358 0.1111110002
40225  1.187  -49.874  50.374 0.1111110002
39240  -1.190  -51.423  53.126 0.2222220004
39241  -1.867  -51.390  52.790 0.2222220004
38283  -1.220  -52.483  52.883 0.1111110002
38284  -1.846  -51.906  52.610 0.2222220004
39237  0.727  -50.977  52.828 0.1111110002
40209  0.759  -50.285  52.669 0.1111110002
37317  -2.242  -53.449  50.261 0.6666669846
40215  1.157  -50.307  52.139 0.1111110002
41276  0.248  -49.485  52.759 0.1111110002
39246  -2.596  -51.627  51.753 0.4444440007
38291  -2.573  -52.324  51.218 0.2222220004
41275  0.722  -49.528  52.327 0.1111110002
41527  -20.211  -49.588  32.165 0.5555559993
42621  -20.484  -48.927  31.808 0.6666669846
42622  -21.349  -48.829  31.767 0.6666669846
42637  -20.777  -48.246  31.309 0.7777780294
43710  -21.100  -47.663  30.737 0.7777780294
43726  -22.154  -47.801  29.929 0.7777780294
42636  -19.879  -48.331  31.330 0.6666669846
43724  -20.770  -47.085  30.296 0.7777780294
43725  -21.392  -47.288  29.948 0.7777780294
42635  -18.778  -48.567  31.279 0.7777780294
42620  -19.656  -49.117  31.711 0.6666669846
43708  -19.317  -47.544  30.984 0.7777780294
43709  -20.251  -47.430  30.819 0.7777780294
44775  -20.866  -46.721  29.750 0.7777780294
45867  -19.797  -45.775  30.014 0.7777780294
46846  -27.475  -43.330  28.253 0.1111110002
46857  -30.930  -44.483  26.004 0.6666669846
47728  -31.175  -43.576  25.762 0.7777780294
46844  -26.218  -44.933  27.725 0.2222220004
47709  -27.989  -42.869  28.834 0.1111110002
49557  -28.776  -41.524  29.194 0.1111110002
48591  -29.223  -42.046  30.373 0.1111110002
48601  -28.084  -42.225  28.878 0.1111110002
47710  -28.401  -42.752  29.462 0.1111110002
48623  -31.687  -42.645  26.409 0.4444440007
47729  -31.740  -43.585  26.322 0.5555559993
48622  -31.274  -42.599  25.740 0.5555559993
47737  -30.597  -43.575  25.152 0.7777780294
50600  -29.062  -40.700  29.941 0.1111110002
50622  -27.906  -40.875  29.312 0.1111110002
50623  -28.674  -41.035  29.351 0.2222220004
49541  -29.124  -41.414  29.708 0.1111110002
48577  -29.655  -41.972  30.828 0.1111110002
51777  -32.826  -39.721  17.875 0.7777780294
52712  -33.290  -39.035  17.433 0.6666669846
52713  -34.232  -38.333  17.420 0.6666669846
53468  -27.122  -38.963  29.847 0.2222220004
52565  -26.306  -39.674  28.625 0.2222220004
51596  -27.692  -40.417  29.536 0.2222220004
51597  -28.328  -40.401  29.823 0.2222220004
51776  -32.224  -39.624  17.654 0.8888890147
53632  -33.158  -37.426  16.747 0.6666669846
53618  -33.789  -37.571  16.991 0.6666669846
54564  -33.990  -36.836  16.783 0.6666669846
54566  -35.464  -36.828  17.574 0.5555559993
54578  -34.110  -36.491  16.666 0.6666669846
55450  -35.237  -35.730  16.995 0.6666669846
55461  -34.361  -35.791  16.475 0.5555559993
53453  -28.320  -38.126  31.131 0.1111110002
53460  -27.498  -38.265  30.245 0.1111110002
53461  -28.141  -38.974  30.687 0.1111110002
53491  -25.420  -38.583  27.463 0.2222220004
53478  -26.160  -38.736  28.755 0.2222220004
52564  -25.804  -38.950  28.117 0.2222220004
51765  -32.332  -40.089  18.347 0.6666669846
55451  -36.085  -35.950  17.636 0.6666669846
56289  -34.760  -34.673  16.258 0.6666669846
58982  -35.608  -32.203  16.537 0.7777780294
53467  -26.587  -38.151  29.366 0.1111110002
53452  -27.654  -37.275  30.659 0.1111110002
53477  -25.758  -37.726  28.144 0.1111110002
58015  -36.228  -32.685  17.044 0.7777780294
58968  -36.244  -31.738  16.977 0.5555559993
59902  -36.539  -31.061  16.657 0.5555559993
59887  -36.339  -31.410  16.845 0.3333329856
60852  -34.420  -30.313  15.534 0.7777780294
60853  -35.098  -30.454  15.686 0.7777780294
57992  -32.355  -32.744  20.866 0.2222220004
57993  -33.041  -32.738  21.248 0.2222220004
58930  -33.396  -31.929  21.537 0.2222220004
59852  -33.967  -31.338  22.066 0.1111110002
57102  -31.064  -33.381  19.986 0.2222220004
57991  -31.585  -32.695  20.431 0.2222220004
58942  -32.753  -32.178  21.171 0.2222220004
57101  -30.559  -33.300  19.303 0.2222220004
58941  -32.159  -31.955  20.781 0.2222220004
58940  -31.340  -31.714  20.238 0.3333329856
58955  -30.681  -31.990  19.687 0.4444440007
59862  -31.398  -30.533  20.006 0.3333329856
60854  -36.438  -30.610  16.190 0.5555559993
60869  -34.269  -29.751  15.237 0.7777780294
60870  -35.479  -29.810  15.249 0.7777780294
57092  -33.235  -33.343  21.330 0.1111110002
57978  -33.772  -32.716  21.549 0.1111110002
58931  -34.147  -32.139  21.821 0.1111110002
59864  -32.695  -31.359  21.196 0.3333329856
59851  -33.238  -30.765  21.675 0.2222220004
59850  -32.554  -30.206  21.136 0.3333329856
59836  -33.829  -30.149  22.254 0.3333329856
61875  -34.813  -29.019  14.603 0.7777780294
62858  -40.797  -26.994  13.237 0.5555559993
62849  -41.290  -27.016  13.704 0.3333329856
55440  -31.241  -34.044  20.235 0.2222220004
56271  -31.313  -33.830  20.220 0.2222220004
60781  -34.523  -29.561  22.802 0.1111110002
60886  -37.520  -29.195  14.567 0.6666669846
61874  -33.679  -28.555  14.832 0.7777780294
61876  -35.909  -29.244  14.564 0.7777780294
62847  -39.482  -27.794  13.486 0.5555559993
62835  -40.046  -27.935  14.038 0.5555559993
62848  -40.443  -27.449  13.578 0.5555559993
55426  -31.931  -34.280  20.829 0.1111110002
56260  -32.661  -33.860  21.111 0.1111110002
61889  -33.885  -28.008  14.544 0.7777780294
61891  -35.482  -28.254  13.911 0.7777780294
61892  -36.791  -28.839  14.099 0.6666669846
61893  -37.899  -28.744  14.082 0.6666669846
62832  -34.074  -27.613  14.487 0.7777780294
62833  -34.716  -27.465  14.106 0.7777780294
61908  -35.844  -27.641  13.667 0.7777780294
61909  -36.545  -27.761  13.535 0.7777780294
61911  -38.551  -28.261  13.643 0.6666669846
62834  -35.421  -27.312  13.780 0.7777780294
62845  -37.604  -27.113  13.077 0.7777780294
62846  -38.541  -27.561  13.136 0.7777780294
62844  -36.639  -27.007  13.342 0.7777780294
62854  -38.156  -26.623  12.848 0.7777780294
65693  -42.556  -24.658  10.754 0.6666669846
66592  -42.040  -23.722  10.813 0.6666669846
66600  -43.977  -23.484  9.735 0.5555559993
67541  -44.394  -22.426  9.160 0.6666669846
66601  -44.837  -23.397  9.327 0.4444440007
67543  -46.266  -22.754  8.851 0.4444440007
63772  -34.198  -27.042  14.578 0.7777780294
63773  -35.191  -26.506  14.254 0.7777780294
63782  -35.650  -26.851  13.773 0.7777780294
63783  -36.143  -26.505  13.692 0.7777780294
63784  -37.081  -26.452  13.282 0.7777780294
66584  -41.774  -23.338  11.137 0.6666669846
67531  -42.076  -23.162  10.958 0.7777780294
67532  -42.694  -22.802  10.689 0.7777780294
67540  -43.540  -22.747  9.976 0.7777780294
68463  -43.794  -21.673  9.893 0.7777780294
67542  -45.347  -22.693  8.844 0.5555559993
66561  -40.782  -23.426  12.956 0.4444440007
67512  -41.597  -22.752  11.987 0.5555559993
67522  -41.429  -23.044  11.799 0.6666669846
67524  -42.580  -22.090  11.515 0.6666669846
68462  -43.364  -22.326  10.337 0.6666669846
67553  -45.122  -21.994  8.526 0.6666669846
67554  -45.923  -22.016  8.312 0.4444440007
67564  -46.529  -21.707  7.859 0.4444440007
67552  -44.706  -21.791  8.702 0.7777780294
68471  -45.546  -21.592  8.230 0.4444440007
66574  -41.617  -22.826  13.017 0.4444440007
67513  -41.967  -22.400  12.449 0.5555559993
67523  -41.888  -22.860  11.449 0.5555559993
68455  -43.263  -21.941  10.787 0.6666669846
69351  -44.330  -20.821  9.453 0.7777780294
68469  -44.370  -21.445  8.951 0.7777780294
68470  -45.111  -21.268  8.343 0.7777780294
68473  -45.482  -20.861  7.973 0.4444440007
68475  -46.709  -21.497  7.433 0.4444440007
66551  -41.658  -23.255  14.126 0.3333329856
66563  -42.114  -22.744  13.617 0.4444440007
67505  -42.835  -22.117  13.578 0.3333329856
69354  -45.209  -20.544  8.251 0.7777780294
69356  -45.698  -20.443  7.798 0.5555559993
69357  -46.206  -20.324  7.309 0.5555559993
68478  -46.611  -20.682  6.939 0.4444440007
70223  -45.034  -20.161  8.680 0.7777780294
70224  -45.583  -19.899  8.271 0.6666669846
69359  -46.707  -20.161  6.890 0.5555559993
70225  -46.249  -19.567  8.034 0.6666669846
70228  -46.636  -19.676  7.405 0.5555559993
70235  -47.130  -19.845  6.842 0.5555559993
70236  -47.803  -19.799  6.666 0.5555559993
70237  -48.755  -19.853  6.441 0.4444440007
70239  -51.069  -19.621  6.421 0.2222220004
70240  -51.949  -19.363  6.327 0.3333329856
70220  -45.345  -19.722  9.099 0.7777780294
71097  -46.650  -19.410  7.891 0.3333329856
70229  -47.473  -19.461  7.274 0.4444440007
71099  -47.945  -19.018  7.905 0.3333329856
70230  -48.404  -19.335  7.180 0.3333329856
70231  -49.547  -19.259  7.141 0.3333329856
71101  -50.306  -18.642  7.850 0.2222220004
70232  -50.714  -19.219  7.069 0.2222220004
71102  -51.474  -18.637  7.460 0.2222220004
71103  -52.151  -18.181  7.235 0.1111110002
70238  -49.999  -19.733  6.473 0.3333329856
70233  -51.515  -19.154  6.851 0.2222220004
71105  -51.963  -18.812  6.884 0.1111110002
71106  -52.263  -18.483  6.422 0.1111110002
70241  -52.268  -19.151  5.789 0.1111110002
71109  -52.208  -18.454  5.408 0.1111110002
71108  -51.821  -17.971  5.199 0.1111110002
71120  -51.427  -18.263  4.567 0.1111110002
71135  -50.549  -18.353  3.466 0.1111110002
71089  -46.682  -19.248  8.350 0.6666669846
71098  -47.100  -19.236  7.862 0.3333329856
71100  -49.019  -18.812  7.886 0.3333329856
71092  -49.498  -18.264  8.541 0.2222220004
71094  -51.164  -18.062  8.240 0.2222220004
71095  -51.812  -17.908  7.827 0.1111110002
72902  -52.209  -16.322  8.058 0.1111110002
72022  -52.172  -17.296  7.648 0.1111110002
72024  -52.285  -17.486  6.900 0.1111110002
72904  -52.235  -16.455  7.241 0.1111110002
73766  -52.030  -15.412  6.583 0.1111110002
72031  -51.823  -17.516  5.649 0.1111110002
72906  -51.680  -16.327  6.157 0.1111110002
73765  -51.744  -15.929  6.311 0.1111110002
72045  -51.486  -17.649  5.183 0.1111110002
72030  -51.317  -17.147  5.476 0.1111110002
72914  -51.474  -16.660  5.849 0.1111110002
73772  -51.340  -15.404  5.626 0.1111110002
71119  -50.280  -17.789  4.274 0.1111110002
72913  -50.937  -16.447  5.495 0.1111110002
73771  -50.685  -15.774  5.240 0.1111110002
72020  -51.635  -17.070  8.512 0.1111110002
73763  -52.370  -15.435  7.577 0.1111110002
72926  -50.222  -16.332  5.098 0.1111110002
62836  -40.706  -27.738  14.236 0.4444440007
61895  -39.467  -28.455  14.264 0.4444440007
61894  -38.701  -28.685  14.209 0.5555559993
37316  -1.722  -53.932  50.936 0.6666669846
38409  -13.450  -52.438  38.068 0.3333329856
39343  -14.195  -52.330  37.228 0.3333329856
43740  -22.598  -47.865  29.033 0.7777780294
44773  -19.462  -46.145  30.327 0.7777780294
44774  -20.194  -46.445  30.061 0.7777780294
52556  -27.402  -39.856  29.715 0.2222220004
57100  -29.989  -33.141  18.732 0.3333329856
59901  -35.805  -31.282  16.423 0.6666669846
62822  -33.128  -27.709  15.233 0.7777780294
62823  -33.632  -27.715  14.778 0.7777780294
63774  -35.834  -26.206  14.017 0.7777780294
58954  -30.311  -31.691  19.124 0.4444440007
58939  -30.820  -31.137  19.634 0.4444440007
66573  -41.244  -23.070  12.436 0.6666669846
65692  -41.822  -24.444  10.977 0.6666669846
53617  -32.809  -38.081  16.884 0.7777780294
56279  -35.450  -34.666  16.632 0.5555559993
39249  1.286  -51.182  50.688 0.1111110002
38288  -1.890  -52.412  52.223 0.3333329856
40210  0.131  -50.180  53.094 0.1111110002
41528  -21.045  -49.436  32.270 0.6666669846
44753  -19.647  -46.844  30.608 0.7777780294
42619  -19.094  -49.298  31.658 0.6666669846
46836  -27.778  -43.901  28.751 0.2222220004
48602  -28.630  -42.128  29.327 0.1111110002
48590  -29.114  -41.984  29.935 0.1111110002
49542  -29.548  -41.628  30.346 0.1111110002
52697  -33.666  -39.395  17.829 0.5555559993
52546  -27.765  -39.317  30.223 0.1111110002
52555  -26.659  -39.214  29.324 0.2222220004
52557  -28.017  -39.936  30.110 0.2222220004
54577  -33.454  -36.705  16.553 0.6666669846
53620  -35.215  -37.581  17.683 0.5555559993
54565  -34.561  -36.595  16.952 0.6666669846
55462  -34.988  -35.231  16.550 0.5555559993
53459  -27.001  -37.148  29.830 0.1111110002
57090  -31.807  -33.359  20.544 0.2222220004
58004  -30.369  -32.580  19.213 0.3333329856
58005  -30.859  -32.703  19.874 0.2222220004
59863  -32.033  -30.910  20.642 0.3333329856
57091  -32.550  -33.343  20.973 0.1111110002
62837  -41.489  -27.638  14.617 0.3333329856
55425  -31.009  -34.167  20.183 0.2222220004
56259  -32.044  -33.783  20.738 0.1111110002
61878  -38.228  -29.113  14.747 0.5555559993
61912  -39.057  -28.346  13.852 0.5555559993
54545  -31.239  -34.495  20.736 0.1111110002
61890  -34.391  -28.167  14.345 0.7777780294
61910  -37.636  -28.105  13.498 0.7777780294
62843  -36.004  -27.178  13.557 0.7777780294
66593  -43.060  -23.671  10.290 0.6666669846
67555  -46.794  -22.169  8.362 0.4444440007
66562  -41.157  -23.270  13.540 0.4444440007
69353  -44.686  -20.715  8.751 0.7777780294
67504  -42.413  -22.174  13.092 0.5555559993
68447  -43.275  -21.448  11.592 0.5555559993
68474  -46.055  -21.172  7.664 0.5555559993
66552  -42.173  -23.396  14.716 0.2222220004
70227  -46.005  -19.929  7.697 0.6666669846
72032  -52.151  -17.624  6.195 0.1111110002
72044  -50.768  -17.315  5.031 0.1111110002
72907  -52.007  -16.627  6.553 0.1111110002
74667  -52.371  -14.468  7.100 0.1111110002
72915  -51.852  -16.983  6.129 0.1111110002
73773  -51.744  -14.837  6.020 0.1111110002
71118  -49.698  -17.571  4.179 0.1111110002
61897  -40.802  -28.137  14.869 0.3333329856
61879  -38.975  -28.933  14.881 0.3333329856
32198  -1.944  -59.161  50.534 0.1111110002
32195  -1.946  -59.183  51.430 0.1111110002
32197  -1.467  -58.721  50.836 0.1111110002
32183  -0.415  -58.313  54.133 0.1111110002
32184  -1.051  -58.395  54.028 0.2222220004
31063  -2.451  -59.466  50.331 0.1111110002
33277  -0.142  -57.505  53.942 0.1111110002
31073  -2.705  -59.513  50.000 0.1111110002
31082  -4.030  -59.307  48.790 0.1111110002
32216  -2.531  -58.618  48.653 0.3333329856
32218  -4.473  -59.020  48.321 0.1111110002
32217  -3.336  -58.809  48.303 0.2222220004
33276  0.395  -57.443  53.688 0.3333329856
32224  -4.650  -58.572  47.514 0.1111110002
33305  -3.230  -58.150  47.544 0.2222220004
33315  -3.819  -57.865  46.892 0.2222220004
33316  -4.809  -58.137  46.808 0.1111110002
33327  -4.913  -57.663  46.103 0.2222220004
34417  -4.704  -57.071  45.660 0.3333329856
35442  -8.220  -55.975  45.462 0.1111110002
35454  -8.731  -55.643  45.087 0.1111110002
36419  -10.243  -54.887  45.179 0.1111110002
36444  -10.284  -54.418  43.331 0.1111110002
35455  -9.446  -55.257  45.305 0.1111110002
36431  -9.586  -54.968  44.225 0.1111110002
35466  -9.092  -55.345  44.681 0.1111110002
37368  -10.981  -53.945  43.022 0.1111110002
35465  -8.643  -55.547  44.052 0.1111110002
36430  -9.100  -55.130  43.636 0.2222220004
36443  -9.452  -54.828  43.176 0.2222220004
37382  -10.532  -53.985  42.269 0.1111110002
36456  -9.841  -54.448  42.583 0.2222220004
36442  -8.740  -55.177  43.070 0.3333329856
36455  -9.122  -54.724  42.221 0.3333329856
37381  -9.807  -54.290  41.898 0.2222220004
37398  -9.200  -54.139  41.227 0.3333329856
37399  -10.212  -53.929  41.263 0.2222220004
37424  -9.729  -53.630  40.446 0.3333329856
37425  -10.613  -53.603  40.549 0.2222220004
38355  -11.416  -53.234  40.153 0.2222220004
38354  -10.307  -53.296  39.729 0.5555559993
39243  -2.329  -51.310  52.294 0.1111110002
38373  -10.992  -52.991  39.060 0.3333329856
38374  -12.106  -52.907  39.293 0.2222220004
38375  -13.122  -52.723  39.447 0.2222220004
38396  -15.758  -52.836  38.739 0.1111110002
38393  -12.810  -52.595  38.509 0.2222220004
38394  -13.748  -52.569  38.705 0.2222220004
38395  -14.705  -52.670  38.728 0.2222220004
37458  -17.873  -53.825  39.004 0.1111110002
37445  -17.616  -54.005  39.792 0.1111110002
37457  -17.190  -53.700  39.326 0.1111110002
38397  -16.950  -53.263  38.709 0.1111110002
38412  -16.229  -52.794  37.799 0.1111110002
38411  -15.200  -52.590  37.911 0.1111110002
38410  -14.211  -52.469  37.887 0.2222220004
38426  -14.707  -52.457  37.291 0.2222220004
37447  -19.607  -54.152  39.387 0.1111110002
37446  -18.558  -54.166  39.539 0.1111110002
37459  -18.868  -53.891  38.739 0.1111110002
38427  -15.468  -52.601  37.037 0.3333329856
38398  -18.078  -53.525  38.175 0.1111110002
38413  -17.324  -52.995  37.599 0.1111110002
38418  -22.278  -52.558  37.365 0.1111110002
39366  -22.084  -51.901  36.120 0.1111110002
41534  -27.173  -50.451  32.462 0.2222220004
39344  -21.761  -52.271  36.656 0.1111110002
41532  -25.274  -49.902  32.307 0.2222220004
41533  -26.223  -50.204  32.382 0.2222220004
39386  -22.343  -51.523  35.537 0.1111110002
40419  -22.623  -50.996  35.007 0.2222220004
40437  -23.099  -50.426  34.213 0.2222220004
41490  -23.232  -49.984  33.515 0.2222220004
41510  -23.651  -49.794  32.910 0.3333329856
41512  -25.613  -50.137  33.167 0.2222220004
41531  -24.264  -49.662  32.156 0.3333329856
40453  -22.209  -50.235  33.567 0.2222220004
37460  -19.885  -53.767  38.605 0.1111110002
38399  -19.126  -53.527  37.957 0.1111110002
38400  -20.082  -53.355  37.884 0.1111110002
38401  -20.973  -53.094  37.938 0.1111110002
38417  -21.259  -52.654  37.181 0.1111110002
38414  -18.380  -53.104  37.380 0.1111110002
38415  -19.375  -53.062  37.270 0.1111110002
38432  -20.432  -52.511  36.574 0.1111110002
38428  -16.539  -52.784  36.819 0.2222220004
39365  -21.238  -51.936  36.041 0.1111110002
39359  -15.719  -52.472  36.057 0.3333329856
39360  -16.879  -52.562  35.898 0.3333329856
39385  -21.511  -51.688  35.456 0.1111110002
40418  -21.706  -51.310  34.875 0.2222220004
40436  -21.925  -50.772  34.223 0.2222220004
41509  -22.658  -49.776  32.986 0.2222220004
39379  -14.971  -51.925  35.285 0.5555559993
38430  -18.678  -52.799  36.599 0.1111110002
38433  -21.037  -52.288  36.487 0.1111110002
38431  -19.620  -52.700  36.590 0.1111110002
39384  -20.647  -51.821  35.284 0.1111110002
40417  -21.054  -51.558  34.894 0.1111110002
38429  -17.635  -52.840  36.672 0.2222220004
39363  -19.817  -52.291  36.111 0.1111110002
41544  -24.951  -49.666  31.448 0.2222220004
39380  -16.124  -52.171  35.088 0.4444440007
39383  -19.614  -52.063  35.309 0.2222220004
39398  -20.022  -51.701  34.558 0.2222220004
40435  -20.750  -51.193  34.189 0.2222220004
40452  -21.187  -50.485  33.424 0.2222220004
41529  -21.995  -49.282  32.295 0.4444440007
41543  -23.969  -49.251  31.199 0.4444440007
40434  -19.538  -51.344  33.780 0.2222220004
42623  -22.208  -48.838  31.556 0.4444440007
41542  -23.297  -49.054  31.327 0.4444440007
41551  -24.227  -49.207  30.602 0.4444440007
40451  -19.920  -50.596  33.066 0.3333329856
41507  -20.652  -50.017  32.711 0.4444440007
42624  -22.837  -48.917  31.283 0.4444440007
42640  -23.232  -48.884  30.712 0.4444440007
42638  -21.599  -48.284  31.167 0.5555559993
42639  -22.369  -48.425  30.756 0.5555559993
42650  -23.562  -48.776  29.926 0.4444440007
43711  -21.737  -47.861  30.552 0.5555559993
42649  -22.839  -48.382  29.951 0.5555559993
42664  -23.232  -48.366  29.323 0.5555559993
42525  -12.634  -47.623  38.481 0.2222220004
39361  -17.990  -52.539  35.852 0.2222220004
39362  -19.031  -52.447  35.910 0.1111110002
39382  -18.420  -52.200  35.082 0.2222220004
39397  -18.877  -51.793  34.198 0.2222220004
40462  -18.994  -50.286  32.423 0.4444440007
41506  -19.961  -50.042  32.495 0.4444440007
39381  -17.283  -52.236  35.052 0.2222220004
39396  -17.712  -51.922  34.241 0.2222220004
39405  -18.068  -51.591  33.513 0.3333329856
39395  -16.589  -51.880  34.230 0.4444440007
39406  -18.650  -51.555  33.581 0.4444440007
40450  -18.676  -51.063  33.115 0.4444440007
40449  -17.438  -51.032  32.845 0.5555559993
40461  -17.879  -50.393  32.168 0.4444440007
41526  -19.433  -49.749  32.090 0.4444440007
44808  -31.940  -46.012  28.252 0.1111110002
45926  -32.587  -45.276  27.618 0.1111110002
45925  -31.985  -45.341  27.236 0.1111110002
45924  -31.164  -45.621  27.050 0.2222220004
47720  -32.671  -43.676  27.519 0.1111110002
46848  -32.699  -44.553  27.502 0.1111110002
46858  -31.593  -44.500  26.462 0.4444440007
48592  -32.885  -42.498  28.989 0.1111110002
47700  -33.321  -43.185  28.840 0.1111110002
48603  -32.841  -42.851  28.423 0.1111110002
47711  -33.078  -43.754  28.144 0.1111110002
48612  -32.443  -42.801  27.698 0.1111110002
47719  -32.209  -43.620  26.933 0.1111110002
49570  -31.727  -41.932  27.343 0.2222220004
48611  -32.055  -42.724  27.075 0.1111110002
49583  -31.090  -41.696  25.973 0.5555559993
49584  -31.412  -41.814  26.659 0.4444440007
49596  -30.724  -41.534  25.140 0.5555559993
49544  -33.417  -41.698  29.962 0.1111110002
49543  -32.826  -41.623  29.358 0.1111110002
49559  -32.394  -42.064  28.513 0.1111110002
49571  -32.043  -42.072  27.963 0.1111110002
50641  -30.918  -40.695  26.212 0.4444440007
50642  -31.239  -41.140  26.843 0.3333329856
50653  -30.771  -40.973  25.548 0.4444440007
51743  -33.765  -40.583  19.584 0.3333329856
50743  -36.401  -40.498  20.367 0.2222220004
51719  -36.878  -39.781  19.951 0.2222220004
51720  -37.584  -39.293  20.096 0.2222220004
50742  -35.420  -40.903  20.589 0.2222220004
50761  -36.286  -39.981  19.701 0.2222220004
52658  -37.678  -38.642  19.884 0.2222220004
51742  -32.545  -40.504  19.251 0.4444440007
51768  -35.212  -39.700  18.828 0.2222220004
52680  -35.860  -39.165  18.824 0.3333329856
51766  -33.421  -39.893  18.278 0.3333329856
52659  -38.095  -38.508  20.198 0.2222220004
52660  -38.864  -38.312  20.742 0.2222220004
53575  -38.830  -37.065  20.662 0.1111110002
52682  -37.180  -38.612  19.508 0.2222220004
53573  -37.746  -38.110  19.819 0.2222220004
53574  -38.211  -37.456  20.127 0.1111110002
51767  -34.544  -39.841  18.633 0.3333329856
52681  -36.275  -38.850  18.958 0.2222220004
53591  -36.740  -37.914  18.937 0.2222220004
53592  -37.499  -37.323  19.382 0.2222220004
53593  -38.027  -36.657  19.740 0.1111110002
52698  -34.261  -39.161  17.884 0.3333329856
53605  -35.697  -37.753  18.036 0.3333329856
53606  -36.381  -37.401  18.432 0.2222220004
54557  -36.652  -36.449  18.251 0.3333329856
53619  -34.722  -37.527  17.367 0.3333329856
54556  -36.045  -36.982  18.063 0.3333329856
54567  -36.066  -36.546  17.892 0.3333329856
54524  -38.499  -36.244  20.143 0.1111110002
55410  -39.176  -35.497  20.429 0.1111110002
54547  -37.804  -36.180  19.258 0.1111110002
55443  -37.983  -35.374  18.859 0.1111110002
56273  -37.311  -34.629  17.932 0.1111110002
56262  -38.548  -34.484  18.958 0.1111110002
55441  -36.797  -35.381  17.846 0.3333329856
56280  -36.256  -34.788  17.232 0.4444440007
56281  -36.848  -34.309  17.514 0.1111110002
56250  -39.854  -34.655  20.743 0.1111110002
55409  -38.693  -35.597  19.984 0.1111110002
56263  -38.959  -34.661  19.571 0.1111110002
57094  -39.301  -33.687  19.517 0.1111110002
58008  -38.568  -33.085  18.629 0.1111110002
57103  -37.731  -33.788  18.094 0.1111110002
57104  -38.334  -33.780  18.509 0.1111110002
57112  -37.146  -33.705  17.692 0.1111110002
57111  -36.588  -33.660  17.251 0.4444440007
58017  -37.369  -33.079  17.969 0.1111110002
57110  -35.939  -33.745  16.783 0.4444440007
58029  -35.646  -33.012  16.514 0.4444440007
57995  -39.523  -32.775  19.586 0.1111110002
57994  -39.008  -32.887  19.039 0.1111110002
58007  -37.956  -32.846  18.271 0.1111110002
58957  -37.806  -31.847  18.349 0.1111110002
58006  -37.254  -32.313  18.035 0.2222220004
58969  -36.711  -31.990  17.542 0.2222220004
59876  -37.378  -31.253  17.615 0.2222220004
59877  -38.008  -31.151  17.904 0.1111110002
59888  -36.846  -31.304  17.143 0.2222220004
59889  -37.462  -31.102  17.475 0.2222220004
60837  -37.621  -30.872  17.198 0.2222220004
60823  -38.943  -30.863  17.963 0.2222220004
60836  -36.858  -30.962  16.825 0.3333329856
60838  -38.566  -30.347  17.013 0.2222220004
61850  -39.164  -30.105  17.091 0.2222220004
60855  -37.547  -30.285  16.187 0.3333329856
60856  -38.426  -29.985  16.109 0.2222220004
60871  -36.627  -29.800  15.270 0.4444440007
60873  -38.637  -29.520  15.387 0.3333329856
61877  -36.552  -29.361  14.645 0.5555559993
60872  -37.705  -29.674  15.278 0.4444440007
64763  -42.962  -25.950  12.301 0.4444440007
64773  -42.340  -25.730  11.616 0.4444440007
64774  -43.586  -25.659  11.649 0.4444440007
64782  -43.261  -25.230  10.915 0.4444440007
64783  -44.185  -25.196  10.861 0.4444440007
65694  -43.733  -24.470  10.292 0.4444440007
65703  -44.485  -24.063  9.779 0.4444440007
67515  -43.225  -21.647  13.383 0.3333329856
68456  -43.788  -21.197  10.884 0.5555559993
68440  -43.700  -21.161  12.972 0.3333329856
67514  -42.856  -21.666  12.598 0.4444440007
68439  -43.437  -21.234  12.235 0.4444440007
69346  -44.290  -20.640  10.296 0.5555559993
68448  -43.967  -20.925  11.831 0.2222220004
69341  -44.738  -20.332  11.719 0.3333329856
69340  -44.312  -20.663  11.119 0.4444440007
69347  -44.705  -20.221  10.910 0.3333329856
70215  -44.545  -20.339  9.779 0.5555559993
70216  -45.016  -19.812  10.122 0.4444440007
70219  -44.747  -20.202  9.284 0.5555559993
70221  -46.067  -19.423  8.734 0.4444440007
34430  -7.024  -56.669  45.148 0.2222220004
34439  -7.190  -56.380  44.462 0.2222220004
35453  -8.085  -55.960  44.707 0.1111110002
34420  -7.832  -56.393  46.107 0.1111110002
34431  -7.684  -56.308  45.073 0.1111110002
32192  -1.937  -59.068  52.382 0.1111110002
32189  -1.807  -58.916  53.272 0.1111110002
32206  -2.200  -58.987  49.530 0.4444440007
33275  0.604  -56.995  53.389 0.2222220004
33326  -4.343  -57.720  46.392 0.2222220004
33338  -5.215  -57.284  45.695 0.2222220004
34418  -6.163  -57.224  45.769 0.1111110002
34440  -7.648  -56.201  44.551 0.3333329856
41553  -25.598  -49.612  30.791 0.2222220004
41525  -18.447  -49.580  31.677 0.4444440007
42493  -10.122  -48.048  39.608 0.3333329856
52586  -30.816  -39.399  23.880 0.4444440007
45938  -31.368  -45.232  26.744 0.3333329856
46847  -32.162  -44.520  26.989 0.3333329856
58016  -36.878  -32.863  17.595 0.2222220004
60885  -37.018  -29.436  14.735 0.5555559993
70217  -45.925  -19.252  9.628 0.3333329856
41508  -21.615  -49.860  32.897 0.3333329856
32187  0.540  -58.447  53.780 0.1111110002
31045  -0.791  -59.366  54.202 0.1111110002
32185  -1.448  -58.899  53.795 0.2222220004
32207  -2.939  -59.085  49.009 0.2222220004
31081  -3.532  -59.306  49.031 0.1111110002
32223  -3.872  -58.541  47.669 0.2222220004
41511  -24.647  -49.905  33.047 0.2222220004
41530  -23.127  -49.228  32.021 0.4444440007
38416  -20.308  -52.918  37.224 0.1111110002
39364  -20.440  -52.025  36.035 0.1111110002
39399  -20.631  -51.620  34.715 0.2222220004
40433  -18.949  -51.499  33.637 0.4444440007
42641  -23.873  -49.034  30.506 0.4444440007
40463  -19.586  -50.181  32.506 0.4444440007
49558  -31.913  -41.432  28.138 0.2222220004
50760  -35.611  -40.375  19.813 0.2222220004
51698  -37.854  -39.947  20.821 0.2222220004
51746  -36.620  -39.389  19.449 0.2222220004
50759  -34.714  -40.700  20.080 0.3333329856
51744  -34.958  -40.205  19.290 0.3333329856
52699  -35.478  -39.004  18.413 0.3333329856
53604  -34.962  -38.242  17.754 0.3333329856
52700  -36.157  -38.201  18.514 0.3333329856
54558  -37.275  -36.538  18.862 0.1111110002
55442  -37.518  -35.641  18.534 0.1111110002
56249  -39.424  -34.424  20.071 0.1111110002
58956  -37.285  -31.546  17.821 0.1111110002
64764  -44.046  -25.849  12.930 0.4444440007
70208  -45.213  -19.813  11.926 0.2222220004
70212  -45.228  -19.724  11.262 0.3333329856
34419  -6.845  -57.011  45.950 0.1111110002
33279  0.890  -57.414  53.211 0.1111110002
35407  1.485  -55.528  52.532 0.1111110002
33328  -5.860  -57.574  46.121 0.1111110002
41495  -27.876  -50.541  34.354 0.1111110002
41514  -27.519  -50.673  33.379 0.1111110002
41515  -28.436  -50.431  33.559 0.1111110002
45831  -22.998  -43.045  32.739 0.2222220004
45832  -24.308  -43.560  32.476 0.1111110002
51622  -30.890  -40.309  26.242 0.3333329856
50652  -30.472  -40.908  24.776 0.4444440007
51633  -30.488  -40.522  24.741 0.4444440007
51623  -31.242  -40.105  26.877 0.3333329856
51644  -30.732  -39.821  24.588 0.2222220004
51635  -31.425  -39.765  25.702 0.3333329856
51634  -30.782  -40.365  25.444 0.3333329856
51645  -31.555  -39.552  24.597 0.2222220004
51636  -32.370  -39.708  25.608 0.2222220004
52587  -31.327  -39.329  23.904 0.2222220004
51646  -32.528  -39.690  24.547 0.2222220004
51656  -31.869  -39.460  23.733 0.2222220004
51657  -32.727  -39.748  23.507 0.2222220004
50758  -34.019  -40.828  20.474 0.2222220004
51637  -33.303  -39.870  25.408 0.2222220004
63797  -42.245  -26.262  12.572 0.3333329856
65695  -44.755  -24.637  10.292 0.3333329856
66602  -45.748  -23.398  9.266 0.3333329856
67544  -47.244  -22.706  9.190 0.2222220004
67565  -47.241  -21.886  7.506 0.2222220004
66626  -48.976  -22.971  6.316 0.2222220004
67570  -47.791  -21.991  6.628 0.2222220004
67571  -48.437  -22.493  6.406 0.2222220004
67579  -48.200  -22.100  5.962 0.2222220004
68479  -47.093  -21.289  6.807 0.2222220004
68482  -47.863  -21.480  6.097 0.2222220004
66642  -49.417  -23.074  5.744 0.2222220004
67580  -48.860  -22.490  5.631 0.2222220004
67581  -49.776  -22.620  5.163 0.2222220004
68483  -48.609  -21.618  5.539 0.2222220004
68484  -49.331  -21.863  5.014 0.3333329856
67594  -50.442  -22.411  4.752 0.2222220004
67582  -50.495  -22.982  5.021 0.3333329856
69360  -47.342  -20.445  6.480 0.3333329856
69363  -47.556  -20.994  6.194 0.2222220004
69364  -48.332  -20.702  5.918 0.4444440007
67595  -51.204  -22.657  4.643 0.3333329856
69374  -49.814  -21.482  4.914 0.4444440007
68494  -50.839  -21.799  4.525 0.4444440007
70243  -49.397  -20.256  5.934 0.3333329856
69365  -49.603  -20.953  5.312 0.4444440007
69375  -50.401  -21.252  4.825 0.4444440007
68495  -51.742  -21.713  4.456 0.3333329856
69376  -51.348  -21.012  4.728 0.3333329856
69377  -52.365  -20.697  4.545 0.4444440007
70244  -50.402  -20.135  5.813 0.4444440007
69366  -50.837  -20.544  5.204 0.4444440007
70245  -51.421  -19.929  5.761 0.4444440007
69367  -51.759  -20.287  5.144 0.4444440007
51658  -33.422  -40.207  23.423 0.1111110002
69361  -47.999  -20.161  6.277 0.4444440007
66603  -46.612  -23.358  9.412 0.2222220004
50741  -34.490  -41.055  20.946 0.2222220004
64775  -44.663  -25.501  11.701 0.3333329856
65704  -45.292  -24.100  9.700 0.3333329856
51647  -33.359  -39.962  24.347 0.2222220004
68493  -50.045  -21.907  4.721 0.3333329856
67596  -52.106  -22.528  4.536 0.4444440007
68496  -52.465  -21.737  4.346 0.3333329856
69368  -52.156  -20.026  5.069 0.3333329856
38292  -3.161  -51.821  50.701 0.1111110002
40420  -23.708  -50.931  35.349 0.1111110002
40438  -24.362  -50.527  34.577 0.1111110002
41492  -25.015  -50.214  33.894 0.1111110002
42576  -17.154  -46.491  36.637 0.1111110002
41425  -17.934  -46.758  38.661 0.1111110002
41444  -18.149  -46.567  38.027 0.1111110002
41460  -17.838  -46.707  37.521 0.1111110002
41443  -17.629  -46.891  38.268 0.1111110002
41475  -17.190  -46.820  37.125 0.1111110002
42559  -18.309  -46.443  37.241 0.1111110002
42577  -17.869  -46.435  36.858 0.1111110002
42595  -18.014  -45.970  36.438 0.1111110002
42594  -17.384  -45.994  36.228 0.1111110002
42560  -18.678  -46.199  37.238 0.1111110002
42578  -18.510  -46.134  36.802 0.1111110002
43639  -18.396  -45.828  36.357 0.1111110002
43661  -18.147  -45.510  35.786 0.1111110002
45889  -24.690  -45.080  29.481 0.1111110002
46835  -27.264  -44.946  28.701 0.1111110002
46820  -28.135  -44.597  29.792 0.1111110002
46834  -26.652  -45.132  28.329 0.1111110002
50632  -31.570  -40.872  27.637 0.1111110002
51612  -32.324  -39.854  27.790 0.1111110002
51611  -31.842  -40.235  27.992 0.1111110002
51613  -33.232  -39.754  27.617 0.1111110002
51624  -32.267  -39.708  26.727 0.1111110002
51602  -34.997  -40.139  28.251 0.1111110002
51614  -34.154  -39.866  27.407 0.1111110002
51625  -33.259  -39.777  26.519 0.1111110002
51615  -34.872  -40.317  27.243 0.1111110002
50627  -36.124  -41.458  28.476 0.1111110002
51626  -34.240  -40.008  26.254 0.1111110002
49561  -37.734  -42.442  27.909 0.1111110002
50633  -35.311  -41.088  27.076 0.1111110002
50626  -35.425  -40.860  27.964 0.1111110002
60822  -38.175  -30.966  17.688 0.1111110002
61834  -39.402  -30.213  17.626 0.1111110002
49560  -36.683  -42.265  27.827 0.1111110002
49574  -37.422  -42.532  26.686 0.1111110002
51627  -34.891  -40.617  26.494 0.1111110002
49572  -35.692  -41.866  26.833 0.1111110002
50643  -34.613  -40.717  25.695 0.1111110002
61835  -40.283  -29.881  18.167 0.1111110002
61854  -43.020  -29.220  17.633 0.1111110002
61867  -42.537  -28.594  16.545 0.1111110002
61853  -41.944  -29.354  17.410 0.1111110002
61852  -40.916  -29.583  17.218 0.1111110002
61868  -43.379  -28.414  16.846 0.1111110002
62816  -43.174  -27.958  16.192 0.1111110002
62817  -43.783  -27.801  16.341 0.1111110002
61866  -41.552  -28.950  16.424 0.1111110002
62827  -44.077  -27.377  16.011 0.1111110002
61865  -40.629  -29.182  16.164 0.1111110002
61851  -39.774  -29.767  16.875 0.1111110002
63752  -45.013  -26.861  16.252 0.1111110002
63753  -45.687  -26.606  16.569 0.1111110002
62826  -43.546  -27.283  15.600 0.1111110002
64728  -45.502  -25.556  15.121 0.1111110002
63765  -45.250  -26.107  15.682 0.1111110002
61882  -41.274  -28.422  15.482 0.1111110002
62825  -42.673  -27.775  15.601 0.1111110002
63764  -44.401  -26.774  15.670 0.1111110002
63778  -44.698  -26.188  15.229 0.1111110002
64729  -46.079  -25.423  15.573 0.1111110002
61864  -39.836  -29.325  15.783 0.1111110002
64730  -46.842  -24.899  15.447 0.1111110002
60857  -39.193  -29.809  15.997 0.1111110002
64744  -46.408  -24.988  14.945 0.1111110002
61881  -40.399  -28.705  15.323 0.2222220004
62824  -41.982  -27.871  15.239 0.1111110002
62839  -42.997  -27.209  15.155 0.1111110002
63763  -43.861  -26.680  15.230 0.1111110002
65655  -46.430  -24.996  13.593 0.1111110002
64753  -45.084  -25.590  13.657 0.1111110002
64743  -45.908  -25.268  14.398 0.1111110002
65666  -47.011  -24.785  13.086 0.1111110002
65667  -47.738  -24.312  13.282 0.1111110002
61896  -40.181  -28.295  14.629 0.2222220004
62838  -42.420  -27.152  14.703 0.1111110002
63775  -42.766  -26.617  14.290 0.2222220004
63788  -43.782  -26.152  13.992 0.1111110002
65665  -46.425  -25.074  12.927 0.1111110002
65674  -46.682  -24.921  12.283 0.1111110002
65675  -47.555  -24.275  12.133 0.1111110002
66576  -48.520  -23.239  12.076 0.1111110002
61880  -39.676  -28.816  15.060 0.2222220004
68457  -49.769  -21.712  10.890 0.1111110002
68465  -50.147  -21.618  10.312 0.1111110002
63786  -42.288  -26.585  13.721 0.2222220004
63799  -43.504  -26.122  13.476 0.2222220004
64754  -45.870  -25.290  13.257 0.1111110002
68450  -49.969  -21.947  11.566 0.1111110002
63798  -43.042  -26.205  13.122 0.2222220004
64765  -45.252  -25.488  12.571 0.1111110002
64766  -46.055  -25.227  12.409 0.1111110002
67525  -48.752  -22.478  11.192 0.1111110002
68458  -50.557  -21.736  11.062 0.1111110002
68464  -49.563  -21.681  10.387 0.1111110002
65685  -46.562  -24.709  11.321 0.1111110002
66575  -47.895  -23.601  11.419 0.1111110002
67535  -49.112  -21.878  10.649 0.1111110002
64776  -45.698  -25.181  11.587 0.1111110002
65686  -47.395  -24.023  11.054 0.1111110002
66596  -47.925  -22.933  10.547 0.1111110002
67546  -49.285  -21.813  9.649 0.1111110002
67557  -48.799  -22.209  8.371 0.1111110002
67558  -50.021  -22.312  8.510 0.1111110002
65696  -45.809  -24.642  10.482 0.1111110002
65697  -46.868  -24.016  10.292 0.1111110002
65698  -47.426  -23.699  10.518 0.1111110002
67533  -47.810  -22.571  9.708 0.1111110002
67545  -48.138  -22.207  9.280 0.1111110002
65706  -46.688  -23.765  9.760 0.1111110002
66604  -47.130  -23.221  9.564 0.1111110002
66608  -49.384  -22.519  7.861 0.1111110002
64784  -45.119  -25.065  10.949 0.2222220004
65705  -46.191  -23.962  9.728 0.1111110002
66594  -47.007  -23.547  9.766 0.1111110002
67556  -47.722  -22.220  8.344 0.2222220004
67567  -48.943  -22.443  7.641 0.1111110002
67566  -48.322  -22.394  7.330 0.1111110002
66615  -48.746  -22.682  6.769 0.1111110002
66661  -51.829  -23.194  4.918 0.1111110002
65644  -42.055  -24.065  15.840 0.1111110002
65654  -41.652  -23.917  15.102 0.1111110002
66541  -42.631  -23.535  15.318 0.1111110002
66554  -43.611  -22.736  15.074 0.1111110002
67497  -44.010  -22.204  15.153 0.1111110002
67498  -44.325  -21.643  15.266 0.1111110002
69322  -45.183  -20.737  15.953 0.1111110002
70189  -46.046  -19.885  16.723 0.1111110002
66565  -43.319  -22.635  14.598 0.1111110002
67506  -43.580  -21.918  14.207 0.1111110002
68428  -44.594  -20.925  15.013 0.1111110002
66564  -42.933  -22.744  14.225 0.1111110002
67507  -44.033  -21.706  14.724 0.1111110002
70196  -45.983  -19.575  16.152 0.1111110002
69329  -45.397  -19.778  14.809 0.1111110002
71087  -48.144  -18.323  9.642 0.2222220004
71085  -46.705  -19.019  9.117 0.2222220004
71090  -47.381  -18.940  8.568 0.2222220004
71091  -48.378  -18.506  8.810 0.2222220004
70250  -52.617  -19.819  4.211 0.1111110002
70246  -52.070  -19.732  5.569 0.1111110002
70247  -52.343  -19.574  5.032 0.1111110002
71093  -50.346  -18.025  8.499 0.1111110002
71121  -52.270  -19.073  4.397 0.1111110002
70261  -52.658  -19.773  3.318 0.1111110002
65676  -48.113  -23.922  12.681 0.1111110002
68459  -51.369  -21.933  11.074 0.1111110002
65657  -48.037  -24.144  14.246 0.1111110002
67526  -49.366  -22.130  11.392 0.1111110002
67516  -49.041  -22.551  11.767 0.1111110002
67547  -50.630  -21.847  9.501 0.1111110002
62850  -41.843  -27.028  14.223 0.2222220004
45908  -26.378  -45.342  28.708 0.1111110002
60874  -39.260  -29.294  15.421 0.2222220004
41491  -23.995  -50.013  33.750 0.1111110002
29934  -2.210  -59.812  53.974 0.1111110002
68433  -43.909  -21.151  13.702 0.1111110002
51638  -34.030  -40.201  25.100 0.1111110002
51648  -33.814  -40.537  24.170 0.1111110002
41476  -17.564  -46.697  37.046 0.1111110002
41461  -18.394  -46.416  37.573 0.1111110002
41445  -18.591  -46.241  37.715 0.1111110002
45909  -27.052  -45.422  29.116 0.1111110002
46819  -27.758  -45.050  29.315 0.1111110002
50644  -35.220  -41.411  26.196 0.1111110002
61883  -42.002  -28.322  15.854 0.1111110002
63776  -43.315  -26.631  14.748 0.1111110002
64742  -44.936  -25.783  14.707 0.1111110002
63777  -44.245  -26.225  14.791 0.1111110002
63787  -43.110  -26.331  13.899 0.2222220004
64752  -44.452  -25.919  14.100 0.1111110002
66586  -48.214  -22.996  11.034 0.1111110002
66585  -47.767  -23.424  10.759 0.1111110002
67534  -48.253  -22.346  10.306 0.1111110002
64785  -45.623  -24.950  11.020 0.2222220004
66595  -47.513  -23.152  10.061 0.1111110002
68434  -44.254  -21.036  14.285 0.1111110002
68424  -44.842  -21.256  15.690 0.1111110002
69326  -45.460  -20.019  15.668 0.1111110002
71086  -47.492  -18.633  9.421 0.2222220004
72017  -49.019  -18.071  9.246 0.2222220004
69388  -53.009  -20.493  3.936 0.1111110002
54488  -31.809  -35.156  21.985 0.1111110002
54522  -33.169  -35.029  22.027 0.1111110002
54487  -30.839  -34.794  21.712 0.1111110002
54521  -32.337  -34.852  21.548 0.1111110002
54519  -30.570  -34.641  20.916 0.1111110002
54546  -31.790  -34.631  21.098 0.1111110002
54490  -33.456  -35.292  22.608 0.1111110002
54468  -33.061  -35.615  22.998 0.1111110002
54489  -32.686  -35.435  22.230 0.1111110002
54466  -31.174  -34.857  22.605 0.1111110002
54467  -32.143  -35.380  22.839 0.1111110002
54449  -32.593  -35.501  23.725 0.1111110002
54520  -31.476  -34.803  21.313 0.1111110002
55292  -27.498  -34.893  27.768 0.1111110002
55302  -26.652  -34.948  26.707 0.1111110002
55279  -28.407  -34.871  28.666 0.1111110002
55293  -28.659  -34.639  27.592 0.1111110002
55303  -27.861  -34.514  26.694 0.1111110002
66662  -52.512  -23.230  4.906 0.1111110002
67597  -52.737  -22.543  4.464 0.2222220004
70213  -45.848  -19.110  10.706 0.1111110002
71081  -46.706  -18.779  10.041 0.1111110002
71083  -48.199  -18.137  10.088 0.1111110002
72010  -48.600  -18.063  9.797 0.1111110002
72016  -48.546  -18.264  9.380 0.1111110002
68497  -52.911  -21.827  4.235 0.2222220004
71082  -47.593  -18.262  10.358 0.1111110002
55290  -25.457  -36.005  27.657 0.1111110002
55291  -26.346  -35.393  27.956 0.1111110002
66663  -53.079  -23.342  4.827 0.1111110002
71078  -46.627  -18.501  11.047 0.1111110002
38295  -2.493  -52.847  50.705 0.1111110002
38296  -3.014  -52.364  50.182 0.1111110002
37400  -11.239  -53.634  41.289 0.1111110002
37401  -12.161  -53.432  41.624 0.1111110002
38336  -12.044  -53.303  40.857 0.1111110002
38337  -12.786  -53.088  41.034 0.1111110002
38356  -12.484  -52.953  40.211 0.1111110002
41345  -9.822  -48.842  42.172 0.1111110002
41380  -10.215  -48.073  40.549 0.2222220004
42494  -11.039  -47.871  39.883 0.2222220004
41456  -15.122  -47.154  38.109 0.1111110002
41457  -15.737  -47.097  37.842 0.1111110002
42558  -16.394  -46.950  37.116 0.1111110002
50721  -33.926  -41.077  21.517 0.1111110002
50725  -37.110  -40.697  21.229 0.1111110002
50744  -37.202  -40.098  20.448 0.1111110002
50726  -38.059  -40.412  21.610 0.1111110002
51721  -38.363  -39.197  20.594 0.1111110002
65758  -52.897  -24.743  1.607 0.1111110002
65767  -53.141  -24.792  0.622 0.1111110002
64855  -53.139  -25.025  0.197 0.1111110002
66695  -53.486  -24.086  -0.152 0.1111110002
66694  -53.217  -23.988  0.587 0.1111110002
66686  -52.821  -23.767  1.859 0.1111110002
66687  -53.201  -23.617  2.860 0.1111110002
68441  -44.326  -20.667  13.254 0.1111110002
69331  -44.785  -20.149  13.595 0.1111110002
68449  -44.366  -20.618  12.456 0.1111110002
67598  -53.161  -22.608  4.308 0.1111110002
68506  -53.236  -21.801  4.007 0.1111110002
67612  -53.415  -22.621  3.894 0.1111110002
66677  -53.508  -23.589  3.713 0.1111110002
67629  -53.369  -22.622  3.171 0.1111110002
67639  -52.880  -22.882  1.117 0.1111110002
66703  -53.516  -23.686  -0.090 0.1111110002
69334  -44.980  -20.049  12.582 0.1111110002
69378  -52.713  -21.318  4.293 0.1111110002
69389  -52.981  -21.174  4.166 0.1111110002
68520  -53.354  -21.718  3.473 0.1111110002
67628  -52.932  -22.724  2.296 0.1111110002
67647  -53.434  -22.909  -0.080 0.1111110002
69397  -53.263  -21.131  3.792 0.1111110002
68519  -53.124  -21.705  2.682 0.1111110002
38357  -13.445  -52.889  40.333 0.1111110002
41333  -9.254  -49.223  42.710 0.2222220004
42541  -14.429  -47.233  38.236 0.1111110002
41360  -10.537  -48.287  41.567 0.1111110002
31043  -1.676  -59.804  53.993 0.1111110002
31047  -1.682  -59.620  53.823 0.1111110002
32182  0.077  -58.127  54.063 0.1111110002
33280  0.674  -57.881  53.563 0.2222220004
36378  0.129  -55.493  53.138 0.2222220004
40414  -12.057  -50.245  35.596 0.8888890147
40430  -13.337  -50.435  34.565 0.8888890147
40454  -22.792  -50.088  33.591 0.2222220004
41503  -13.382  -49.499  34.218 0.8888890147
44759  -31.845  -46.720  31.061 0.1111110002
44814  -22.133  -46.406  27.945 0.8888890147
45910  -32.408  -45.572  27.794 0.1111110002
46787  -18.797  -43.574  32.111 0.7777780294
47657  -19.947  -42.805  32.153 0.6666669846
47668  -21.967  -42.668  30.318 0.7777780294
47682  -21.998  -43.033  29.595 0.7777780294
50634  -35.869  -41.685  27.578 0.1111110002
50694  -25.859  -41.360  22.557 1.0000000000
50740  -33.807  -40.926  21.087 0.1111110002
51745  -35.804  -39.616  19.127 0.2222220004
51747  -37.085  -39.287  19.734 0.2222220004
51773  -29.839  -39.080  17.169 1.0000000000
53489  -24.686  -37.653  26.448 0.3333329856
53607  -36.900  -37.115  18.801 0.2222220004
54548  -38.145  -36.111  19.672 0.1111110002
55429  -37.918  -35.649  19.021 0.1111110002
55430  -38.366  -35.440  19.377 0.1111110002
55431  -38.811  -35.296  19.845 0.1111110002
55449  -34.736  -36.041  16.804 0.6666669846
56272  -36.816  -34.776  17.622 0.1111110002
56274  -38.034  -34.753  18.543 0.1111110002
56286  -32.239  -34.807  15.605 0.8888890147
56295  -31.914  -34.430  15.494 0.8888890147
57078  -39.732  -33.629  20.140 0.1111110002
57093  -38.825  -33.757  18.993 0.1111110002
57125  -29.805  -33.422  16.055 0.7777780294
58036  -30.712  -32.973  15.721 0.8888890147
58958  -38.445  -32.295  18.707 0.1111110002
58989  -31.460  -32.216  15.719 0.8888890147
59873  -29.914  -30.659  17.738 0.5555559993
59885  -29.909  -30.857  17.527 0.7777780294
59912  -34.138  -30.250  15.502 0.7777780294
60804  -30.993  -29.827  19.240 0.5555559993
60839  -39.011  -30.037  16.655 0.2222220004
60849  -30.566  -29.653  17.086 0.8888890147
61764  -36.173  -28.649  23.746 0.1111110002
62749  -36.214  -26.938  23.147 0.1111110002
62818  -44.520  -27.565  16.552 0.1111110002
63678  -37.802  -25.644  22.871 0.1111110002
64671  -39.550  -24.246  19.391 0.1111110002
64679  -39.583  -24.259  18.888 0.2222220004
64741  -44.567  -25.988  14.528 0.1111110002
64777  -46.276  -25.077  11.881 0.1111110002
65594  -42.495  -23.773  22.342 0.1111110002
65601  -43.215  -23.485  21.640 0.1111110002
65684  -45.921  -24.890  11.092 0.2222220004
