#!ascii label  , from subject  vox2ras=TkReg coords=orig
250
65190  -16.876  -25.483  -27.351 0.5555555820
65191  -17.255  -25.278  -28.067 0.6666666865
66123  -17.405  -24.220  -28.448 0.7777777910
66124  -17.976  -24.832  -29.134 0.7777777910
67046  -17.463  -23.340  -28.955 0.8888888955
67048  -18.934  -23.668  -29.888 0.8888888955
65180  -16.809  -25.712  -26.651 0.5555555820
66099  -16.913  -24.670  -26.825 0.5555555820
66112  -16.964  -24.433  -27.491 0.6666666865
66122  -17.047  -23.974  -27.847 0.8888888955
66141  -17.886  -24.118  -29.125 0.8888888955
67047  -18.110  -23.491  -29.490 0.8888888955
67976  -18.328  -22.575  -30.016 1.0000000000
67977  -19.279  -22.852  -30.193 0.8888888955
67993  -18.888  -22.113  -30.373 1.0000000000
66993  -17.022  -23.719  -27.077 0.7777777910
67947  -16.925  -22.499  -27.716 1.0000000000
68859  -16.474  -21.279  -27.906 1.0000000000
67964  -17.046  -22.410  -28.761 1.0000000000
68886  -17.000  -21.105  -29.219 1.0000000000
68877  -16.637  -21.296  -28.572 1.0000000000
68887  -17.596  -21.521  -29.773 1.0000000000
68888  -18.386  -21.523  -30.285 1.0000000000
68902  -19.018  -21.388  -30.491 1.0000000000
69763  -17.248  -20.465  -29.627 1.0000000000
69764  -18.052  -20.481  -30.300 1.0000000000
69776  -18.995  -20.377  -30.692 1.0000000000
69775  -18.432  -19.868  -30.641 1.0000000000
70656  -19.538  -19.484  -31.011 0.7777777910
68858  -16.218  -20.599  -27.961 0.8888888955
69751  -16.376  -20.305  -28.470 1.0000000000
70646  -16.938  -19.624  -29.389 1.0000000000
70647  -17.412  -19.603  -30.044 1.0000000000
70654  -17.976  -19.423  -30.600 1.0000000000
70655  -18.689  -19.196  -31.037 1.0000000000
70671  -19.875  -18.897  -31.257 0.8888888955
71539  -20.226  -18.700  -31.267 0.7777777910
71540  -20.790  -18.361  -31.173 0.7777777910
72397  -16.508  -17.943  -28.651 0.7777777910
71513  -16.525  -18.765  -28.296 0.8888888955
71530  -16.800  -18.831  -29.160 1.0000000000
72398  -16.635  -18.047  -29.081 0.8888888955
72415  -16.907  -18.158  -29.478 1.0000000000
71537  -17.495  -18.708  -30.360 1.0000000000
71550  -18.516  -18.302  -31.276 1.0000000000
71551  -19.069  -18.103  -31.511 0.8888888955
71553  -20.393  -17.774  -31.565 0.8888888955
72441  -20.756  -17.314  -31.513 0.7777777910
72427  -22.390  -17.600  -30.496 0.6666666865
73292  -21.869  -16.668  -30.857 0.6666666865
72378  -16.488  -17.820  -28.293 0.7777777910
73258  -16.334  -16.793  -28.772 0.6666666865
73279  -16.789  -17.164  -29.547 0.7777777910
73280  -17.272  -17.371  -30.116 0.8888888955
72424  -17.589  -17.770  -30.594 1.0000000000
72437  -17.852  -17.229  -31.018 1.0000000000
72438  -18.487  -17.388  -31.403 1.0000000000
72439  -19.319  -17.259  -31.663 0.8888888955
72440  -20.096  -17.196  -31.723 0.7777777910
73307  -21.224  -16.595  -31.350 0.7777777910
73293  -22.795  -16.618  -30.472 0.5555555820
74170  -21.572  -16.109  -31.166 0.7777777910
74132  -15.999  -15.610  -28.336 0.6666666865
73240  -16.451  -16.700  -28.218 0.6666666865
73278  -16.362  -16.116  -29.338 0.7777777910
74151  -15.969  -15.523  -28.995 0.7777777910
73290  -16.702  -16.040  -29.797 0.8888888955
73291  -17.327  -16.616  -30.444 0.8888888955
73303  -17.956  -16.453  -31.227 1.0000000000
73305  -19.603  -16.179  -31.756 0.8888888955
73317  -20.029  -15.764  -31.736 0.8888888955
73306  -20.482  -16.305  -31.668 0.7777777910
74198  -19.459  -15.284  -31.739 0.8888888955
74187  -20.397  -15.357  -31.672 0.7777777910
74171  -22.101  -15.594  -30.918 0.7777777910
74152  -16.083  -15.132  -29.381 0.8888888955
74168  -16.431  -15.299  -29.695 0.8888888955
75054  -17.124  -14.647  -30.474 1.0000000000
74169  -16.916  -15.454  -30.244 1.0000000000
74185  -18.156  -15.493  -31.433 1.0000000000
75075  -20.732  -14.632  -31.625 0.7777777910
75974  -20.981  -13.883  -31.583 0.7777777910
75077  -21.969  -14.551  -31.151 0.6666666865
75055  -22.760  -14.630  -30.791 0.5555555820
75018  -15.783  -14.713  -28.562 0.7777777910
75930  -15.952  -14.200  -28.828 0.6666666865
75036  -15.954  -14.653  -29.143 0.8888888955
75053  -16.638  -14.645  -29.922 1.0000000000
75072  -17.667  -14.555  -31.120 1.0000000000
75074  -19.054  -14.584  -31.772 0.8888888955
75973  -19.251  -14.079  -31.843 0.8888888955
74199  -19.882  -15.212  -31.742 0.8888888955
76854  -21.121  -13.120  -31.559 0.7777777910
75975  -21.584  -13.748  -31.333 0.7777777910
75953  -23.214  -13.745  -30.773 0.5555555820
76870  -20.451  -12.677  -31.879 0.7777777910
76840  -22.751  -12.746  -31.050 0.5555555820
76855  -21.821  -12.679  -31.334 0.6666666865
75912  -15.831  -13.685  -28.260 0.5555555820
75931  -16.398  -13.710  -29.399 0.7777777910
75951  -16.874  -14.142  -30.048 1.0000000000
75952  -17.288  -13.558  -30.430 1.0000000000
75971  -17.983  -13.556  -31.332 0.8888888955
75972  -18.781  -13.561  -31.797 0.8888888955
75993  -19.633  -13.587  -31.955 0.8888888955
76871  -21.264  -12.358  -31.574 0.6666666865
76822  -16.252  -12.631  -28.997 0.6666666865
76852  -18.241  -12.774  -31.626 0.8888888955
76851  -17.713  -12.345  -31.127 0.7777777910
76867  -18.102  -12.063  -31.745 0.7777777910
75992  -19.120  -12.987  -32.020 0.8888888955
76868  -18.687  -12.374  -32.013 0.7777777910
76869  -19.459  -12.416  -32.123 0.7777777910
78502  -19.373  -10.425  -32.140 0.6666666865
77712  -19.921  -11.435  -32.113 0.6666666865
77713  -21.031  -11.294  -31.629 0.6666666865
78504  -20.714  -10.248  -31.641 0.6666666865
77694  -21.692  -10.795  -31.424 0.5555555820
77695  -22.307  -11.443  -31.241 0.4444444478
77693  -17.698  -11.491  -31.112 0.7777777910
77709  -17.910  -11.418  -31.489 0.7777777910
78500  -18.146  -10.547  -31.577 0.6666666865
77710  -18.361  -11.378  -31.951 0.6666666865
79308  -19.648  -9.414  -31.846 0.6666666865
79309  -20.335  -9.616  -31.687 0.6666666865
78481  -21.306  -10.248  -31.462 0.5555555820
79286  -21.534  -9.270  -31.399 0.5555555820
79310  -20.883  -9.679  -31.516 0.6666666865
78501  -18.650  -10.472  -32.022 0.6666666865
79284  -20.110  -8.947  -31.637 0.6666666865
80139  -22.060  -8.356  -31.362 0.5555555820
79283  -17.875  -9.686  -31.199 0.6666666865
79306  -18.351  -9.644  -31.593 0.6666666865
67030  -17.105  -23.114  -28.433 0.8888888955
67014  -17.048  -23.459  -27.542 1.0000000000
67963  -16.782  -22.318  -28.194 1.0000000000
73304  -18.721  -16.383  -31.611 0.8888888955
77633  -15.154  -12.143  -26.679 0.5555555820
75994  -20.427  -13.789  -31.778 0.8888888955
77714  -21.609  -12.027  -31.478 0.6666666865
64225  -16.705  -26.482  -27.245 0.5555555820
64226  -17.149  -26.372  -27.891 0.5555555820
65208  -17.875  -25.491  -28.805 0.5555555820
66142  -18.577  -24.575  -29.549 0.7777777910
67994  -19.562  -22.078  -30.435 0.8888888955
67920  -17.123  -22.866  -27.319 0.6666666865
69777  -19.992  -20.312  -30.717 0.8888888955
69778  -20.859  -20.304  -30.476 0.6666666865
70657  -20.361  -19.351  -30.921 0.7777777910
74172  -23.246  -15.619  -30.493 0.5555555820
80157  -17.982  -9.010  -31.345 0.6666666865
80159  -19.087  -8.608  -31.710 0.6666666865
81056  -19.213  -7.790  -31.584 0.6666666865
81035  -20.688  -7.419  -31.510 0.6666666865
80137  -20.340  -8.267  -31.541 0.6666666865
80138  -21.139  -8.289  -31.450 0.6666666865
80134  -17.438  -8.734  -31.025 0.5555555820
66113  -17.114  -24.480  -27.939 0.7777777910
67975  -17.538  -22.550  -29.400 1.0000000000
67029  -16.995  -23.268  -27.994 0.8888888955
68878  -17.105  -21.788  -29.140 1.0000000000
68876  -16.268  -20.725  -28.160 1.0000000000
69752  -16.714  -20.407  -29.006 1.0000000000
69765  -18.610  -20.949  -30.436 1.0000000000
68903  -19.728  -21.203  -30.530 0.8888888955
69731  -16.310  -20.344  -27.855 0.5555555820
69730  -16.220  -20.194  -28.106 0.8888888955
70634  -16.597  -19.591  -28.806 1.0000000000
71531  -17.107  -18.820  -29.732 1.0000000000
71538  -17.987  -18.573  -30.932 1.0000000000
70669  -18.897  -18.602  -31.339 1.0000000000
71552  -19.903  -18.171  -31.574 0.8888888955
70612  -16.351  -19.570  -28.050 0.7777777910
73259  -16.482  -17.481  -29.013 0.8888888955
71514  -16.608  -18.788  -28.671 0.8888888955
70633  -16.421  -19.556  -28.355 0.8888888955
72416  -17.209  -17.993  -29.960 1.0000000000
72425  -18.054  -17.870  -31.115 1.0000000000
72426  -21.448  -17.508  -30.991 0.7777777910
72428  -23.457  -17.649  -30.288 0.5555555820
74188  -21.197  -15.549  -31.454 0.7777777910
73289  -16.404  -15.725  -29.549 0.8888888955
74184  -17.440  -15.542  -30.929 1.0000000000
75076  -21.350  -14.583  -31.428 0.7777777910
74189  -21.664  -15.077  -31.288 0.7777777910
75037  -16.266  -14.681  -29.512 0.8888888955
75073  -18.415  -14.538  -31.551 0.8888888955
75086  -20.099  -14.538  -31.787 0.7777777910
75085  -19.557  -14.557  -31.793 0.8888888955
76853  -20.729  -13.372  -31.708 0.8888888955
75976  -22.338  -13.669  -31.018 0.6666666865
76800  -15.455  -13.023  -27.506 0.5555555820
75913  -15.992  -13.121  -28.722 0.5555555820
75932  -16.959  -13.058  -29.872 0.7777777910
76801  -15.826  -12.614  -28.132 0.7777777910
77711  -19.041  -11.415  -32.214 0.6666666865
78503  -20.155  -10.400  -31.901 0.6666666865
78482  -22.092  -10.187  -31.265 0.4444444478
79285  -20.695  -9.009  -31.528 0.6666666865
79307  -18.901  -9.516  -31.913 0.6666666865
80136  -19.688  -8.429  -31.619 0.6666666865
81036  -21.627  -7.441  -31.410 0.6666666865
63319  -17.578  -27.269  -28.290 0.4444444478
64245  -17.747  -26.408  -28.535 0.4444444478
64247  -19.300  -26.755  -29.416 0.4444444478
64261  -19.052  -26.169  -29.524 0.4444444478
65209  -18.507  -25.550  -29.367 0.4444444478
67995  -20.346  -21.929  -30.348 0.6666666865
67996  -20.978  -21.675  -30.153 0.6666666865
68904  -20.493  -21.083  -30.398 0.6666666865
80158  -18.417  -8.669  -31.517 0.5555555820
80135  -17.837  -8.416  -31.324 0.5555555820
81055  -18.683  -7.903  -31.547 0.5555555820
81034  -19.852  -7.542  -31.556 0.5555555820
81943  -21.124  -6.486  -31.555 0.5555555820
63320  -18.348  -27.424  -28.737 0.4444444478
81033  -17.952  -7.691  -31.349 0.5555555820
81018  -17.599  -7.046  -31.102 0.5555555820
81032  -17.503  -8.094  -31.218 0.5555555820
81017  -17.130  -7.635  -30.724 0.5555555820
81956  -18.889  -7.451  -31.537 0.5555555820
81941  -19.128  -6.848  -31.458 0.5555555820
81942  -20.126  -6.538  -31.547 0.5555555820
64246  -18.560  -26.503  -29.123 0.4444444478
68905  -21.155  -21.051  -30.120 0.5555555820
81003  -16.612  -8.336  -28.973 0.4444444478
81940  -18.248  -6.661  -31.207 0.4444444478
82762  -18.783  -6.078  -31.265 0.4444444478
82764  -20.590  -5.500  -31.638 0.4444444478
81004  -16.669  -7.788  -29.398 0.4444444478
80125  -16.927  -8.680  -30.174 0.4444444478
70670  -19.331  -18.754  -31.332 1.0000000000
74167  -16.222  -15.535  -29.386 0.8888888955
74186  -18.889  -15.426  -31.714 0.8888888955
73316  -19.750  -15.636  -31.726 0.8888888955
76872  -21.565  -12.353  -31.468 0.6666666865
75855  -14.733  -12.714  -24.799 0.4444444478
76764  -14.677  -12.478  -25.561 0.4444444478
77632  -14.853  -12.358  -26.373 0.5555555820
76781  -15.393  -12.436  -27.285 0.5555555820
77620  -14.823  -12.090  -26.118 0.5555555820
81955  -18.562  -7.297  -31.466 0.5555555820
75847  -14.883  -12.541  -24.493 0.4444444478
76755  -14.805  -12.185  -25.118 0.4444444478
77609  -14.947  -11.869  -25.604 0.5555555820
76779  -14.720  -12.526  -26.119 0.4444444478
75842  -15.007  -12.512  -24.358 0.4444444478
75841  -14.767  -12.538  -24.249 0.4444444478
76739  -14.903  -12.378  -24.290 0.4444444478
76740  -15.030  -12.391  -24.519 0.4444444478
