#!ascii label  , from subject msSRGRS20160210 vox2ras=TkReg
578
10017  -30.415  -80.221  -15.376 0.0000000000
13790  -31.475  -76.889  -23.714 0.0000000000
13719  -23.817  -76.426  -15.238 0.0000000000
11911  -30.076  -78.790  -20.678 0.0000000000
15828  -24.619  -74.075  -21.364 0.0000000000
9944  -24.513  -80.322  -10.619 0.0000000000
14620  -23.230  -75.723  -7.236 0.0000000000
14606  -29.119  -74.983  -6.826 0.0000000000
15749  -22.826  -74.083  -14.578 0.0000000000
14701  -24.128  -75.725  -18.184 0.0000000000
16813  -22.892  -72.921  -17.880 0.0000000000
11781  -24.485  -78.465  -9.132 0.0000000000
11726  -25.964  -78.541  -5.475 0.0000000000
17703  -28.996  -72.851  -9.840 0.0000000000
17672  -26.139  -72.579  -7.716 0.0000000000
9111  -27.413  -81.094  -18.919 0.0000000000
11929  -29.930  -78.820  -22.852 0.0000000000
10112  -27.373  -81.035  -23.946 0.0000000000
11946  -28.817  -78.751  -24.831 0.0000000000
11856  -27.302  -78.671  -15.278 0.0000000000
11883  -30.487  -78.939  -17.993 0.0000000000
13768  -27.405  -76.671  -21.078 0.0000000000
14755  -27.684  -75.651  -22.981 0.0000000000
12722  -25.029  -77.654  -12.442 0.0000000000
14670  -23.629  -75.847  -11.522 0.0000000000
17725  -22.068  -72.944  -10.972 0.0000000000
12622  -29.436  -77.812  -4.041 0.0000000000
15623  -26.020  -75.035  -4.957 0.0000000000
17668  -22.775  -72.673  -7.388 0.0000000000
20864  -22.330  -69.471  -10.645 0.0000000000
9136  -27.931  -81.299  -21.936 0.0000000000
20000  -32.087  -70.128  -21.684 0.0000000000
15844  -33.515  -73.825  -23.015 0.0000000000
14820  -32.327  -74.924  -25.929 0.0000000000
17782  -22.240  -71.984  -14.857 0.0000000000
16798  -23.041  -73.475  -16.718 0.0000000000
9071  -29.654  -81.301  -17.362 0.0000000000
13789  -30.382  -76.914  -23.517 0.0000000000
11058  -30.120  -79.413  -24.144 0.0000000000
11949  -31.271  -78.237  -24.393 0.0000000000
12838  -29.436  -77.629  -25.489 0.0000000000
12830  -31.895  -77.620  -24.466 0.0000000000
12757  -25.603  -77.970  -15.129 0.0000000000
12761  -24.998  -77.311  -16.692 0.0000000000
14720  -24.342  -75.036  -19.707 0.0000000000
13750  -25.442  -76.052  -19.707 0.0000000000
14729  -25.957  -75.579  -20.896 0.0000000000
13776  -27.217  -76.078  -22.248 0.0000000000
14745  -26.012  -74.820  -22.215 0.0000000000
11821  -26.291  -78.829  -12.922 0.0000000000
10913  -25.005  -79.214  -12.274 0.0000000000
12688  -23.992  -77.235  -8.196 0.0000000000
13678  -23.844  -76.398  -10.133 0.0000000000
14647  -23.381  -75.711  -9.519 0.0000000000
15709  -22.763  -74.326  -10.852 0.0000000000
15695  -22.561  -74.345  -9.630 0.0000000000
14592  -29.465  -75.667  -5.745 0.0000000000
14575  -27.945  -75.872  -4.703 0.0000000000
15635  -27.408  -74.589  -5.881 0.0000000000
19789  -25.263  -70.214  -8.934 0.0000000000
17670  -24.298  -72.332  -7.200 0.0000000000
19763  -23.900  -70.405  -8.608 0.0000000000
18737  -21.879  -71.375  -9.042 0.0000000000
11902  -30.645  -78.824  -19.902 0.0000000000
10073  -30.349  -80.730  -19.835 0.0000000000
10096  -30.051  -80.276  -21.365 0.0000000000
9163  -24.927  -81.029  -24.332 0.0000000000
22131  -31.382  -68.869  -21.564 0.0000000000
18948  -32.507  -71.143  -22.033 0.0000000000
17939  -32.810  -73.089  -24.721 0.0000000000
15750  -23.154  -74.929  -15.039 0.0000000000
13723  -23.942  -76.108  -16.287 0.0000000000
15758  -23.314  -74.801  -15.995 0.0000000000
15792  -23.399  -74.547  -17.742 0.0000000000
16842  -23.437  -73.409  -19.976 0.0000000000
10894  -24.505  -79.269  -10.498 0.0000000000
11753  -24.769  -78.538  -7.273 0.0000000000
12639  -24.705  -77.426  -5.699 0.0000000000
15682  -28.514  -73.906  -8.604 0.0000000000
16681  -26.973  -73.552  -7.390 0.0000000000
17685  -27.225  -72.520  -8.716 0.0000000000
19791  -27.175  -70.699  -9.274 0.0000000000
21940  -26.336  -68.759  -9.332 0.0000000000
11919  -29.651  -78.620  -21.793 0.0000000000
10106  -29.565  -80.400  -22.543 0.0000000000
11057  -29.805  -79.673  -23.354 0.0000000000
11069  -27.990  -79.746  -24.499 0.0000000000
12828  -27.034  -77.696  -24.380 0.0000000000
13804  -27.123  -76.841  -24.788 0.0000000000
13829  -28.223  -76.166  -25.785 0.0000000000
14816  -28.849  -75.602  -26.461 0.0000000000
11857  -28.350  -78.956  -15.500 0.0000000000
10989  -30.694  -79.641  -16.791 0.0000000000
11888  -29.044  -78.311  -18.443 0.0000000000
12781  -28.847  -77.734  -19.530 0.0000000000
13738  -25.501  -76.920  -18.470 0.0000000000
13752  -27.098  -77.060  -19.627 0.0000000000
12789  -28.652  -77.527  -20.473 0.0000000000
12804  -28.399  -77.278  -21.762 0.0000000000
13788  -29.116  -76.790  -23.063 0.0000000000
14757  -29.790  -75.960  -23.487 0.0000000000
11828  -27.229  -78.762  -13.628 0.0000000000
12747  -26.261  -78.106  -14.002 0.0000000000
12732  -25.015  -77.627  -13.732 0.0000000000
12716  -24.423  -77.515  -11.015 0.0000000000
13698  -24.520  -76.813  -12.299 0.0000000000
14680  -23.659  -76.136  -13.221 0.0000000000
15730  -23.054  -74.961  -12.653 0.0000000000
16760  -22.249  -73.333  -12.949 0.0000000000
17747  -21.691  -71.869  -12.153 0.0000000000
12621  -28.134  -77.734  -4.249 0.0000000000
13588  -26.480  -76.625  -4.417 0.0000000000
14587  -24.385  -75.581  -5.262 0.0000000000
16646  -25.927  -74.029  -5.876 0.0000000000
16644  -24.043  -74.087  -5.869 0.0000000000
15649  -22.846  -74.244  -6.874 0.0000000000
16691  -21.790  -72.697  -9.178 0.0000000000
18754  -21.549  -71.595  -10.311 0.0000000000
9093  -30.276  -80.772  -18.566 0.0000000000
10072  -28.251  -80.834  -20.206 0.0000000000
9155  -27.499  -81.362  -23.361 0.0000000000
9143  -25.074  -81.427  -23.506 0.0000000000
15838  -27.026  -73.914  -22.925 0.0000000000
16866  -28.884  -73.704  -22.841 0.0000000000
15841  -30.962  -74.262  -22.984 0.0000000000
16868  -31.489  -73.438  -22.474 0.0000000000
15857  -32.752  -75.067  -23.095 0.0000000000
14761  -34.064  -75.833  -23.915 0.0000000000
14799  -32.233  -75.655  -25.729 0.0000000000
18808  -22.025  -71.058  -14.068 0.0000000000
9055  -29.904  -81.310  -16.190 0.0000000000
9056  -30.401  -80.729  -15.828 0.0000000000
12815  -30.954  -77.761  -23.662 0.0000000000
11931  -31.206  -78.171  -23.941 0.0000000000
12816  -31.727  -77.611  -24.004 0.0000000000
12756  -24.899  -77.544  -15.600 0.0000000000
12762  -25.611  -77.883  -16.156 0.0000000000
13724  -24.340  -76.886  -16.041 0.0000000000
15824  -24.786  -74.844  -20.600 0.0000000000
14728  -25.292  -75.297  -20.553 0.0000000000
15829  -24.981  -74.679  -21.111 0.0000000000
14736  -25.791  -75.118  -21.536 0.0000000000
15836  -25.327  -74.256  -22.004 0.0000000000
8966  -24.688  -81.485  -10.572 0.0000000000
9953  -24.577  -80.728  -11.464 0.0000000000
10931  -25.076  -79.861  -12.298 0.0000000000
10912  -24.603  -79.507  -11.626 0.0000000000
13643  -23.640  -76.627  -7.653 0.0000000000
13653  -23.670  -76.542  -8.675 0.0000000000
14632  -23.196  -75.794  -8.280 0.0000000000
14646  -22.987  -75.004  -9.416 0.0000000000
14631  -22.860  -75.018  -8.829 0.0000000000
14622  -29.673  -75.297  -7.889 0.0000000000
14623  -30.536  -75.869  -7.513 0.0000000000
14607  -30.020  -75.603  -6.767 0.0000000000
13610  -30.369  -75.962  -5.931 0.0000000000
14591  -28.313  -75.098  -5.686 0.0000000000
15653  -28.275  -74.634  -6.648 0.0000000000
20843  -24.907  -69.345  -9.131 0.0000000000
19764  -24.687  -70.605  -8.530 0.0000000000
19787  -23.464  -69.891  -9.001 0.0000000000
20842  -24.027  -69.202  -9.255 0.0000000000
11037  -30.661  -79.812  -20.553 0.0000000000
11036  -30.253  -79.562  -21.112 0.0000000000
18964  -32.528  -71.304  -22.622 0.0000000000
17925  -32.714  -72.573  -23.945 0.0000000000
18993  -32.249  -72.166  -23.891 0.0000000000
14685  -23.515  -75.592  -15.597 0.0000000000
15757  -23.091  -74.100  -15.650 0.0000000000
16799  -23.256  -74.088  -17.292 0.0000000000
16814  -23.151  -73.778  -17.867 0.0000000000
15806  -23.389  -74.292  -18.633 0.0000000000
16830  -23.101  -73.275  -18.950 0.0000000000
12658  -24.470  -77.742  -6.718 0.0000000000
12640  -25.400  -77.981  -5.459 0.0000000000
15683  -29.224  -74.722  -8.490 0.0000000000
15697  -28.843  -73.717  -9.171 0.0000000000
16695  -27.915  -73.371  -8.616 0.0000000000
17702  -28.350  -72.527  -9.529 0.0000000000
20845  -26.764  -69.778  -9.261 0.0000000000
10070  -26.816  -80.610  -19.477 0.0000000000
12806  -29.548  -78.126  -22.546 0.0000000000
11071  -29.992  -79.385  -24.534 0.0000000000
11070  -29.218  -79.869  -24.323 0.0000000000
12829  -28.008  -78.026  -24.657 0.0000000000
12839  -30.394  -77.731  -25.521 0.0000000000
13813  -28.774  -76.815  -25.622 0.0000000000
13814  -29.753  -76.712  -25.822 0.0000000000
13830  -28.836  -76.056  -25.940 0.0000000000
13831  -29.457  -75.835  -26.076 0.0000000000
11858  -29.349  -79.138  -15.880 0.0000000000
12772  -28.947  -77.918  -18.990 0.0000000000
12771  -28.228  -77.871  -18.899 0.0000000000
13727  -24.484  -76.511  -17.403 0.0000000000
13737  -24.673  -76.107  -18.721 0.0000000000
13751  -26.480  -76.873  -19.387 0.0000000000
13761  -27.187  -76.806  -20.119 0.0000000000
12788  -27.822  -77.075  -20.510 0.0000000000
12797  -28.750  -77.605  -21.368 0.0000000000
13787  -28.320  -76.263  -22.986 0.0000000000
14756  -28.730  -75.798  -23.289 0.0000000000
12723  -25.563  -77.981  -12.799 0.0000000000
12734  -26.131  -78.211  -13.351 0.0000000000
13700  -25.539  -77.818  -13.053 0.0000000000
12733  -25.672  -77.919  -13.569 0.0000000000
13709  -25.237  -77.610  -13.204 0.0000000000
11798  -24.370  -78.244  -10.183 0.0000000000
12713  -24.232  -77.367  -10.317 0.0000000000
14659  -23.724  -75.949  -10.827 0.0000000000
14660  -24.069  -76.497  -11.222 0.0000000000
14671  -23.997  -76.345  -11.720 0.0000000000
14678  -24.058  -76.418  -12.548 0.0000000000
14677  -23.592  -75.838  -12.157 0.0000000000
16733  -22.376  -73.599  -11.396 0.0000000000
15721  -22.777  -74.266  -11.854 0.0000000000
16748  -22.397  -73.613  -12.172 0.0000000000
17748  -22.011  -72.826  -12.025 0.0000000000
14574  -26.969  -75.827  -4.510 0.0000000000
13589  -27.521  -76.709  -4.303 0.0000000000
14573  -26.017  -75.720  -4.620 0.0000000000
13586  -24.981  -76.390  -4.904 0.0000000000
15622  -25.524  -75.258  -4.921 0.0000000000
16693  -26.617  -72.977  -7.800 0.0000000000
16667  -27.026  -73.791  -6.942 0.0000000000
16680  -26.100  -73.050  -7.179 0.0000000000
17669  -23.468  -72.444  -7.177 0.0000000000
16664  -24.443  -73.419  -6.307 0.0000000000
16663  -23.580  -73.522  -6.468 0.0000000000
15650  -23.290  -74.362  -6.373 0.0000000000
16662  -22.863  -73.543  -6.971 0.0000000000
16678  -22.311  -73.406  -7.783 0.0000000000
17682  -22.110  -72.493  -8.124 0.0000000000
19785  -21.684  -70.697  -9.869 0.0000000000
19808  -21.578  -70.670  -10.802 0.0000000000
18772  -21.554  -71.355  -11.396 0.0000000000
11875  -30.383  -79.106  -17.228 0.0000000000
10044  -30.959  -80.021  -17.255 0.0000000000
10058  -30.937  -80.065  -18.347 0.0000000000
9128  -29.471  -80.879  -20.624 0.0000000000
9127  -28.831  -80.947  -20.425 0.0000000000
10094  -28.091  -81.006  -21.250 0.0000000000
10083  -27.026  -80.450  -20.521 0.0000000000
10093  -27.197  -80.920  -21.653 0.0000000000
10114  -29.021  -80.624  -23.441 0.0000000000
9157  -29.003  -81.000  -22.715 0.0000000000
10121  -24.292  -80.731  -24.291 0.0000000000
9152  -24.881  -81.323  -24.075 0.0000000000
16864  -26.688  -73.312  -22.669 0.0000000000
17888  -27.291  -72.574  -22.395 0.0000000000
17890  -29.668  -72.755  -22.256 0.0000000000
15840  -29.785  -74.327  -23.165 0.0000000000
16867  -30.286  -73.522  -22.629 0.0000000000
17893  -32.719  -72.379  -22.576 0.0000000000
17892  -31.969  -72.563  -22.154 0.0000000000
16869  -32.490  -73.334  -22.532 0.0000000000
15842  -32.107  -74.240  -22.758 0.0000000000
15843  -33.078  -74.105  -22.814 0.0000000000
14760  -33.184  -75.928  -23.513 0.0000000000
15858  -33.934  -74.748  -23.361 0.0000000000
15884  -33.816  -74.439  -24.974 0.0000000000
14801  -33.744  -75.259  -25.183 0.0000000000
14800  -33.025  -75.457  -25.572 0.0000000000
16772  -22.337  -73.156  -14.093 0.0000000000
16784  -22.715  -73.165  -15.332 0.0000000000
17794  -22.675  -72.239  -16.133 0.0000000000
17805  -22.746  -72.265  -17.213 0.0000000000
18741  -28.355  -71.592  -9.797 0.0000000000
19810  -28.575  -70.701  -10.022 0.0000000000
9092  -29.168  -81.152  -18.425 0.0000000000
12814  -29.998  -77.843  -23.158 0.0000000000
11930  -30.581  -78.704  -23.750 0.0000000000
11948  -30.543  -78.881  -24.548 0.0000000000
11947  -29.868  -79.055  -24.858 0.0000000000
11957  -29.203  -78.136  -25.191 0.0000000000
11959  -30.598  -78.490  -25.105 0.0000000000
12840  -31.592  -77.757  -25.148 0.0000000000
11855  -26.384  -78.264  -15.166 0.0000000000
11870  -26.144  -78.154  -15.906 0.0000000000
11878  -26.185  -78.111  -16.539 0.0000000000
12766  -25.835  -77.663  -17.496 0.0000000000
14713  -24.193  -75.416  -18.943 0.0000000000
14721  -24.851  -75.444  -19.953 0.0000000000
13759  -25.793  -75.761  -20.427 0.0000000000
13760  -26.483  -76.138  -20.569 0.0000000000
13767  -26.988  -76.138  -21.688 0.0000000000
14737  -26.374  -75.683  -21.427 0.0000000000
14746  -26.716  -75.431  -22.377 0.0000000000
15851  -26.873  -74.881  -22.845 0.0000000000
11812  -25.136  -78.560  -12.298 0.0000000000
12718  -25.246  -77.962  -12.435 0.0000000000
12703  -24.028  -77.149  -8.909 0.0000000000
13669  -24.056  -76.933  -10.052 0.0000000000
13668  -23.892  -76.689  -9.472 0.0000000000
15710  -23.164  -75.059  -10.325 0.0000000000
15722  -23.253  -75.174  -11.446 0.0000000000
16723  -22.291  -73.608  -10.493 0.0000000000
13591  -30.042  -76.577  -4.644 0.0000000000
13590  -28.665  -76.743  -4.320 0.0000000000
14576  -28.886  -75.970  -4.935 0.0000000000
14590  -27.301  -75.136  -5.104 0.0000000000
18717  -25.950  -71.618  -8.319 0.0000000000
17671  -25.342  -72.414  -7.418 0.0000000000
18716  -25.085  -71.183  -8.074 0.0000000000
18715  -23.947  -70.999  -7.992 0.0000000000
18714  -22.686  -71.557  -8.009 0.0000000000
18713  -22.042  -71.899  -8.451 0.0000000000
18738  -22.475  -70.899  -8.682 0.0000000000
19786  -22.410  -70.174  -9.275 0.0000000000
20840  -22.406  -69.416  -9.965 0.0000000000
11890  -30.838  -78.921  -18.610 0.0000000000
11016  -31.023  -79.599  -19.363 0.0000000000
11028  -30.970  -79.763  -20.070 0.0000000000
10087  -30.611  -80.129  -20.503 0.0000000000
9137  -28.789  -81.036  -21.362 0.0000000000
10111  -26.687  -81.034  -24.140 0.0000000000
21057  -31.638  -69.332  -22.012 0.0000000000
20001  -32.458  -70.610  -22.217 0.0000000000
17908  -33.206  -72.978  -23.107 0.0000000000
16887  -33.612  -73.650  -23.327 0.0000000000
16908  -33.519  -73.664  -24.608 0.0000000000
16907  -32.895  -73.576  -25.314 0.0000000000
14690  -23.620  -75.387  -16.517 0.0000000000
14700  -23.745  -75.408  -17.436 0.0000000000
15773  -23.231  -74.226  -16.299 0.0000000000
14712  -23.753  -75.042  -18.358 0.0000000000
14719  -23.841  -74.767  -19.178 0.0000000000
15817  -23.961  -74.597  -19.756 0.0000000000
15823  -24.224  -74.376  -20.456 0.0000000000
10867  -24.857  -79.185  -8.695 0.0000000000
11754  -25.080  -79.229  -7.639 0.0000000000
11766  -24.639  -78.670  -8.219 0.0000000000
12675  -24.324  -77.919  -7.764 0.0000000000
12657  -23.995  -77.044  -7.123 0.0000000000
13627  -23.798  -76.521  -6.652 0.0000000000
15667  -28.561  -74.502  -7.635 0.0000000000
15666  -27.761  -73.836  -7.884 0.0000000000
16694  -27.297  -73.194  -8.275 0.0000000000
17684  -26.577  -72.400  -8.240 0.0000000000
18740  -27.547  -71.680  -9.315 0.0000000000
18718  -26.758  -71.714  -8.796 0.0000000000
19766  -26.138  -71.265  -8.698 0.0000000000
19790  -26.299  -70.701  -8.994 0.0000000000
20844  -25.833  -69.565  -9.144 0.0000000000
21939  -25.403  -68.652  -9.329 0.0000000000
11047  -29.979  -79.613  -22.224 0.0000000000
10126  -28.628  -80.514  -23.932 0.0000000000
10125  -28.112  -80.500  -24.184 0.0000000000
11944  -26.424  -78.724  -24.223 0.0000000000
12837  -28.589  -77.610  -25.116 0.0000000000
13812  -27.766  -76.584  -25.381 0.0000000000
14795  -27.165  -75.862  -25.912 0.0000000000
14815  -27.924  -75.632  -26.407 0.0000000000
11842  -29.903  -79.457  -15.505 0.0000000000
10973  -30.409  -79.753  -15.847 0.0000000000
11874  -29.542  -78.959  -16.858 0.0000000000
11882  -29.753  -78.764  -17.769 0.0000000000
11881  -28.757  -78.677  -17.510 0.0000000000
11889  -30.080  -78.566  -18.552 0.0000000000
11892  -29.574  -78.106  -19.141 0.0000000000
11901  -29.767  -78.085  -20.024 0.0000000000
13728  -25.186  -77.104  -17.701 0.0000000000
13739  -26.233  -77.207  -18.697 0.0000000000
12780  -27.733  -77.325  -19.627 0.0000000000
11910  -29.359  -78.078  -20.995 0.0000000000
11918  -29.161  -77.980  -21.579 0.0000000000
12805  -28.894  -77.657  -22.098 0.0000000000
13777  -27.967  -76.665  -22.256 0.0000000000
13778  -28.801  -77.149  -22.536 0.0000000000
12813  -29.265  -77.522  -22.690 0.0000000000
14758  -30.979  -76.003  -23.579 0.0000000000
11841  -29.209  -79.365  -14.729 0.0000000000
11840  -27.974  -78.909  -14.477 0.0000000000
11839  -26.930  -78.428  -14.354 0.0000000000
12748  -26.686  -78.366  -13.734 0.0000000000
11838  -26.437  -78.197  -14.505 0.0000000000
12758  -26.071  -78.086  -14.589 0.0000000000
12745  -24.917  -77.674  -14.586 0.0000000000
13716  -24.432  -77.295  -14.041 0.0000000000
11811  -24.555  -78.404  -11.289 0.0000000000
12717  -24.820  -77.683  -11.902 0.0000000000
13679  -24.165  -76.753  -10.738 0.0000000000
13689  -24.486  -76.902  -11.568 0.0000000000
13690  -24.785  -77.250  -12.184 0.0000000000
13708  -24.415  -76.891  -13.180 0.0000000000
13707  -23.981  -76.586  -13.439 0.0000000000
13715  -23.887  -76.706  -14.040 0.0000000000
14683  -23.423  -75.849  -14.498 0.0000000000
15740  -23.006  -75.063  -13.903 0.0000000000
15739  -22.669  -74.104  -13.466 0.0000000000
15729  -22.642  -74.041  -12.619 0.0000000000
17768  -21.878  -72.128  -13.266 0.0000000000
12620  -26.986  -77.569  -4.441 0.0000000000
12619  -25.943  -77.479  -4.735 0.0000000000
13609  -25.116  -77.088  -5.022 0.0000000000
13608  -24.516  -76.516  -5.316 0.0000000000
14605  -23.439  -75.442  -6.262 0.0000000000
15652  -27.481  -74.158  -6.832 0.0000000000
15651  -26.929  -74.172  -6.106 0.0000000000
15634  -26.521  -74.587  -5.472 0.0000000000
16679  -25.425  -72.921  -6.972 0.0000000000
16645  -24.977  -73.975  -5.770 0.0000000000
15633  -25.499  -74.643  -5.295 0.0000000000
15632  -24.580  -74.695  -5.403 0.0000000000
15631  -23.830  -74.915  -5.684 0.0000000000
14604  -22.892  -74.864  -6.925 0.0000000000
15680  -22.387  -74.246  -8.370 0.0000000000
16692  -21.966  -73.254  -8.872 0.0000000000
17700  -21.836  -72.831  -9.906 0.0000000000
17681  -21.819  -72.328  -8.843 0.0000000000
17699  -21.703  -72.317  -9.578 0.0000000000
17712  -21.760  -72.505  -10.386 0.0000000000
17767  -21.712  -71.545  -12.699 0.0000000000
9072  -30.599  -80.708  -17.103 0.0000000000
9114  -30.330  -80.668  -19.499 0.0000000000
9113  -29.743  -80.918  -19.654 0.0000000000
9112  -28.480  -80.999  -19.369 0.0000000000
9148  -29.292  -80.873  -21.951 0.0000000000
9147  -28.513  -81.213  -22.319 0.0000000000
9146  -27.736  -81.426  -22.674 0.0000000000
9154  -26.554  -81.399  -23.671 0.0000000000
9144  -25.853  -81.594  -23.147 0.0000000000
10104  -26.309  -81.133  -22.375 0.0000000000
18839  -22.657  -71.416  -16.830 0.0000000000
17851  -23.295  -72.654  -19.819 0.0000000000
17859  -23.580  -72.904  -20.456 0.0000000000
16852  -24.468  -73.421  -21.526 0.0000000000
15835  -24.826  -73.792  -21.753 0.0000000000
16863  -25.738  -73.356  -22.394 0.0000000000
15837  -26.420  -74.333  -22.672 0.0000000000
15852  -27.468  -74.527  -23.073 0.0000000000
16865  -27.681  -73.526  -22.811 0.0000000000
16885  -28.071  -73.996  -23.048 0.0000000000
16886  -28.319  -74.320  -23.165 0.0000000000
15854  -29.305  -75.095  -23.446 0.0000000000
15855  -30.398  -75.104  -23.410 0.0000000000
17877  -32.240  -71.761  -21.940 0.0000000000
17876  -31.484  -71.843  -21.741 0.0000000000
17891  -30.906  -72.677  -22.127 0.0000000000
15856  -31.586  -75.120  -23.213 0.0000000000
14759  -32.134  -76.001  -23.484 0.0000000000
13791  -32.399  -76.756  -23.827 0.0000000000
13792  -33.131  -76.619  -24.133 0.0000000000
12841  -32.503  -76.986  -25.107 0.0000000000
13806  -33.614  -76.068  -24.984 0.0000000000
13816  -31.966  -76.594  -25.509 0.0000000000
14797  -30.286  -75.851  -25.992 0.0000000000
9135  -27.323  -81.328  -22.335 0.0000000000
9138  -29.576  -80.759  -21.158 0.0000000000
9145  -26.870  -81.581  -22.853 0.0000000000
9153  -25.626  -81.445  -23.851 0.0000000000
9156  -28.351  -81.249  -23.091 0.0000000000
9164  -25.470  -81.131  -24.270 0.0000000000
9165  -26.100  -81.243  -24.150 0.0000000000
9965  -24.815  -80.554  -12.082 0.0000000000
10026  -30.756  -80.185  -16.330 0.0000000000
10071  -27.675  -80.739  -19.834 0.0000000000
10074  -30.709  -80.360  -19.613 0.0000000000
10084  -27.794  -80.748  -20.714 0.0000000000
10085  -28.314  -80.894  -20.727 0.0000000000
10086  -30.170  -80.645  -20.396 0.0000000000
10095  -28.518  -80.952  -20.966 0.0000000000
10097  -30.487  -79.972  -20.875 0.0000000000
10105  -26.920  -81.277  -22.349 0.0000000000
10113  -28.179  -80.972  -23.720 0.0000000000
10120  -23.600  -80.373  -24.264 0.0000000000
10122  -25.215  -80.572  -24.367 0.0000000000
10123  -26.194  -80.613  -24.322 0.0000000000
10930  -24.658  -80.126  -11.915 0.0000000000
10963  -29.995  -79.802  -14.902 0.0000000000
11004  -30.849  -79.470  -17.853 0.0000000000
11007  -31.033  -79.406  -18.721 0.0000000000
11027  -30.690  -79.401  -20.296 0.0000000000
11714  -25.908  -78.102  -5.076 0.0000000000
11715  -26.469  -78.281  -4.924 0.0000000000
11740  -24.888  -78.438  -6.821 0.0000000000
11767  -24.945  -79.245  -8.235 0.0000000000
11813  -25.556  -78.281  -12.663 0.0000000000
11820  -25.523  -79.203  -12.499 0.0000000000
11827  -26.611  -78.545  -13.408 0.0000000000
11854  -25.931  -78.054  -15.596 0.0000000000
11859  -30.145  -79.310  -16.324 0.0000000000
11893  -30.422  -78.552  -19.280 0.0000000000
11894  -31.073  -79.020  -19.304 0.0000000000
11903  -31.015  -79.306  -19.790 0.0000000000
11958  -29.760  -78.385  -25.251 0.0000000000
11960  -31.056  -78.435  -24.827 0.0000000000
12659  -24.995  -78.045  -6.070 0.0000000000
12674  -24.065  -77.323  -7.489 0.0000000000
12689  -24.243  -77.842  -8.643 0.0000000000
12704  -24.182  -77.518  -9.538 0.0000000000
12735  -26.758  -78.512  -13.593 0.0000000000
12746  -25.588  -77.944  -14.228 0.0000000000
12765  -25.098  -77.166  -17.336 0.0000000000
12779  -27.036  -77.237  -19.322 0.0000000000
12817  -32.342  -77.171  -24.213 0.0000000000
12831  -32.459  -77.171  -24.609 0.0000000000
13587  -25.581  -76.510  -4.660 0.0000000000
13607  -23.940  -76.098  -5.786 0.0000000000
13628  -24.212  -76.887  -5.988 0.0000000000
13629  -30.450  -75.856  -6.576 0.0000000000
13644  -31.038  -76.133  -7.447 0.0000000000
13699  -24.988  -77.441  -12.728 0.0000000000
13710  -25.674  -77.912  -13.252 0.0000000000
13720  -24.311  -77.147  -14.919 0.0000000000
13726  -23.916  -75.866  -16.916 0.0000000000
13749  -24.659  -75.651  -19.429 0.0000000000
13793  -33.685  -76.243  -24.452 0.0000000000
13805  -33.112  -76.608  -24.748 0.0000000000
13817  -32.914  -76.221  -25.317 0.0000000000
13818  -33.396  -75.778  -25.291 0.0000000000
14571  -24.707  -76.061  -4.997 0.0000000000
14572  -25.142  -75.793  -4.838 0.0000000000
14586  -23.846  -75.504  -5.694 0.0000000000
14588  -24.994  -75.161  -5.051 0.0000000000
14589  -26.562  -75.229  -4.872 0.0000000000
14608  -30.482  -75.838  -6.905 0.0000000000
14619  -22.769  -75.005  -7.816 0.0000000000
14621  -29.148  -74.854  -7.592 0.0000000000
14681  -24.071  -76.471  -12.939 0.0000000000
14727  -24.690  -75.004  -20.254 0.0000000000
14747  -27.366  -75.971  -22.509 0.0000000000
14754  -27.120  -75.154  -22.927 0.0000000000
14796  -27.768  -75.993  -25.827 0.0000000000
14798  -31.290  -75.787  -25.877 0.0000000000
14802  -34.123  -75.377  -24.662 0.0000000000
14821  -33.059  -74.873  -25.695 0.0000000000
15636  -27.866  -74.601  -6.257 0.0000000000
15665  -22.599  -74.223  -7.416 0.0000000000
15668  -29.154  -74.819  -7.934 0.0000000000
15681  -27.869  -73.574  -8.351 0.0000000000
15696  -23.060  -75.005  -9.714 0.0000000000
15774  -23.362  -74.564  -16.856 0.0000000000
15816  -23.565  -74.133  -19.629 0.0000000000
15822  -23.695  -73.886  -20.207 0.0000000000
15839  -28.912  -74.469  -23.248 0.0000000000
15853  -28.360  -74.978  -23.341 0.0000000000
15885  -34.183  -75.006  -24.586 0.0000000000
15899  -33.266  -74.462  -25.510 0.0000000000
16647  -26.498  -74.103  -5.980 0.0000000000
16665  -25.469  -73.385  -6.459 0.0000000000
16666  -26.569  -73.745  -6.580 0.0000000000
16708  -21.835  -72.893  -9.461 0.0000000000
16709  -22.042  -73.347  -9.782 0.0000000000
16710  -27.657  -72.997  -8.787 0.0000000000
16711  -28.249  -73.227  -9.068 0.0000000000
16846  -23.824  -73.522  -20.622 0.0000000000
16847  -24.207  -73.745  -21.040 0.0000000000
16851  -24.074  -73.279  -21.115 0.0000000000
16862  -24.974  -73.396  -22.014 0.0000000000
16870  -33.109  -73.319  -22.804 0.0000000000
16871  -33.372  -73.347  -23.010 0.0000000000
16895  -33.858  -73.894  -23.846 0.0000000000
16923  -33.340  -73.987  -25.302 0.0000000000
17658  -22.908  -73.057  -7.054 0.0000000000
17659  -23.211  -72.999  -6.919 0.0000000000
17660  -23.940  -72.895  -6.765 0.0000000000
17661  -24.809  -72.874  -6.836 0.0000000000
17683  -25.923  -72.133  -7.901 0.0000000000
17701  -27.705  -72.546  -9.094 0.0000000000
17713  -22.006  -73.045  -10.310 0.0000000000
17724  -21.710  -72.203  -11.215 0.0000000000
17868  -23.841  -72.986  -20.916 0.0000000000
17894  -33.132  -73.007  -22.872 0.0000000000
17940  -33.139  -73.109  -24.288 0.0000000000
18701  -23.104  -72.086  -7.470 0.0000000000
18702  -23.666  -71.818  -7.539 0.0000000000
18703  -24.626  -71.730  -7.659 0.0000000000
18704  -25.408  -71.789  -7.862 0.0000000000
18719  -27.306  -72.144  -8.999 0.0000000000
18739  -26.978  -71.209  -9.036 0.0000000000
18793  -21.614  -71.063  -12.254 0.0000000000
19762  -23.102  -70.595  -8.532 0.0000000000
19765  -25.556  -70.962  -8.643 0.0000000000
19809  -21.886  -69.950  -10.275 0.0000000000
19811  -29.253  -70.702  -10.412 0.0000000000
19827  -21.643  -70.678  -11.595 0.0000000000
20015  -32.397  -70.635  -22.520 0.0000000000
20032  -32.379  -70.918  -22.800 0.0000000000
