#!ascii label  , from subject msSRGRS20160210 vox2ras=TkReg
2112
11099  -22.907  -79.195  -27.617 0.1000000015
11111  -23.445  -79.738  -28.195 0.1000000015
10172  -23.142  -81.060  -29.256 0.1000000015
10161  -24.051  -80.575  -28.812 0.1000000015
9197  -24.832  -80.891  -28.800 0.1000000015
10162  -25.107  -80.370  -28.447 0.1000000015
9198  -25.486  -81.074  -28.754 0.1000000015
10164  -26.966  -80.368  -28.776 0.1000000015
11115  -27.300  -80.093  -28.961 0.1000000015
10175  -27.477  -80.755  -29.046 0.1000000015
10176  -28.008  -80.694  -29.669 0.1000000015
11122  -28.164  -80.237  -29.926 0.1000000015
10190  -28.116  -80.588  -30.235 0.1000000015
9221  -27.560  -81.601  -29.666 0.1000000015
11126  -28.253  -79.936  -30.427 0.1000000015
12033  -28.338  -78.841  -33.320 0.1000000015
9242  -27.957  -81.071  -30.480 0.1000000015
10211  -28.139  -80.483  -31.214 0.1000000015
11975  -24.141  -78.111  -27.081 0.1000000015
11100  -23.789  -79.034  -27.617 0.1000000015
11112  -24.441  -79.678  -28.129 0.1000000015
11976  -25.140  -78.252  -27.873 0.1000000015
11101  -24.611  -78.876  -27.775 0.1000000015
11985  -25.939  -78.534  -28.523 0.1000000015
10163  -26.182  -80.433  -28.546 0.1000000015
11120  -27.131  -78.992  -29.118 0.1000000015
11121  -27.701  -79.665  -29.560 0.1000000015
15989  -32.279  -74.011  -32.310 0.1000000015
14931  -30.807  -74.951  -33.432 0.1000000015
14930  -29.561  -75.842  -33.778 0.1000000015
13912  -28.643  -76.864  -33.936 0.1000000015
12932  -28.177  -77.860  -33.561 0.1000000015
12032  -28.003  -78.352  -33.052 0.1000000015
12011  -28.209  -78.934  -32.061 0.1000000015
11145  -28.445  -79.515  -32.299 0.1000000015
11135  -28.256  -79.393  -31.318 0.1000000015
12845  -23.962  -77.261  -25.881 0.1000000015
13828  -25.291  -76.084  -26.493 0.2000000030
13841  -24.837  -76.634  -26.843 0.2000000030
11968  -23.904  -77.614  -26.430 0.1000000015
14813  -25.872  -75.699  -27.037 0.1000000015
13842  -25.350  -76.390  -27.500 0.1000000015
12851  -24.349  -77.182  -26.626 0.1000000015
13860  -25.703  -76.295  -28.273 0.1000000015
12852  -24.919  -77.302  -27.378 0.1000000015
20092  -28.736  -71.306  -28.180 0.1000000015
19034  -29.162  -71.687  -28.623 0.1000000015
12865  -25.666  -77.329  -28.478 0.1000000015
12866  -26.059  -78.088  -28.830 0.1000000015
19035  -29.853  -71.228  -28.776 0.1000000015
19050  -29.739  -71.836  -29.046 0.1000000015
16965  -29.688  -72.863  -29.334 0.1000000015
15956  -31.032  -74.028  -30.404 0.1000000015
15957  -31.662  -74.103  -31.091 0.1000000015
12880  -26.217  -77.815  -29.313 0.1000000015
11994  -26.899  -78.514  -29.747 0.1000000015
11995  -27.500  -78.834  -30.281 0.1000000015
16966  -30.416  -73.288  -29.821 0.1000000015
16978  -31.444  -73.312  -30.635 0.1000000015
14899  -31.907  -74.519  -31.657 0.1000000015
14898  -31.492  -75.174  -31.548 0.1000000015
14896  -29.571  -75.683  -31.565 0.1000000015
14911  -28.770  -75.968  -32.683 0.1000000015
12000  -27.558  -78.756  -30.963 0.1000000015
15973  -32.419  -73.750  -31.757 0.1000000015
14913  -31.146  -75.197  -32.359 0.1000000015
14912  -30.109  -75.482  -32.572 0.1000000015
13904  -27.757  -76.689  -32.737 0.1000000015
12922  -27.713  -77.659  -33.009 0.1000000015
14929  -28.853  -76.242  -33.468 0.1000000015
13911  -28.024  -77.242  -33.383 0.1000000015
12020  -27.732  -78.342  -32.420 0.1000000015
14794  -26.167  -75.832  -26.112 0.1000000015
13809  -24.515  -76.833  -25.249 0.1000000015
12827  -25.820  -77.737  -24.236 0.2000000030
12826  -24.801  -77.877  -24.374 0.2000000030
14814  -26.781  -75.512  -26.746 0.1000000015
14829  -25.789  -75.837  -27.783 0.1000000015
21112  -28.061  -69.708  -27.412 0.1000000015
20072  -28.461  -70.616  -27.796 0.1000000015
14848  -26.076  -75.760  -28.372 0.1000000015
12879  -25.996  -77.032  -29.499 0.1000000015
12890  -26.129  -76.774  -29.943 0.1000000015
17983  -29.384  -72.418  -29.006 0.1000000015
15940  -30.838  -74.292  -29.727 0.1000000015
12891  -26.320  -77.362  -30.384 0.1000000015
15941  -31.204  -74.649  -30.258 0.1000000015
14882  -31.172  -75.439  -30.705 0.1000000015
14881  -30.389  -75.716  -30.612 0.1000000015
14895  -28.161  -75.890  -31.460 0.1000000015
13903  -27.109  -77.050  -32.082 0.1000000015
12921  -27.315  -77.551  -32.332 0.1000000015
12010  -27.782  -78.678  -31.600 0.1000000015
13814  -29.753  -76.712  -25.822 0.1000000015
13813  -28.774  -76.815  -25.622 0.1000000015
13830  -28.836  -76.056  -25.940 0.1000000015
13829  -28.223  -76.166  -25.785 0.1000000015
13812  -27.766  -76.584  -25.381 0.1000000015
13804  -27.123  -76.841  -24.788 0.2000000030
13811  -26.648  -76.250  -25.292 0.2000000030
12828  -27.034  -77.696  -24.380 0.2000000030
11944  -26.424  -78.724  -24.223 0.2000000030
14830  -26.385  -75.475  -27.635 0.1000000015
14816  -28.849  -75.602  -26.461 0.1000000015
14831  -27.373  -75.262  -27.510 0.1000000015
14849  -26.722  -75.395  -28.353 0.1000000015
20071  -27.623  -70.573  -27.344 0.1000000015
17965  -28.297  -72.399  -27.815 0.1000000015
16931  -28.790  -73.134  -27.865 0.1000000015
14861  -26.893  -75.565  -29.205 0.1000000015
21111  -27.403  -69.892  -27.118 0.1000000015
19033  -28.571  -71.902  -28.257 0.1000000015
16950  -28.766  -72.834  -28.245 0.1000000015
16952  -30.480  -74.045  -28.948 0.1000000015
15927  -30.893  -74.412  -29.345 0.1000000015
14866  -31.301  -75.147  -29.993 0.1000000015
14864  -30.144  -75.686  -29.640 0.1000000015
14880  -29.237  -75.686  -30.494 0.1000000015
14879  -28.105  -75.628  -30.230 0.1000000015
13883  -26.523  -76.244  -30.017 0.1000000015
22208  -28.471  -68.734  -27.426 0.1000000015
14865  -31.042  -75.623  -29.820 0.1000000015
13892  -27.065  -76.543  -31.439 0.1000000015
23331  -28.006  -67.783  -27.326 0.1000000015
24349  -29.060  -67.069  -28.079 0.1000000015
24348  -28.382  -66.743  -27.775 0.1000000015
14799  -32.233  -75.655  -25.729 0.1000000015
13831  -29.457  -75.835  -26.076 0.1000000015
14800  -33.025  -75.457  -25.572 0.1000000015
14798  -31.290  -75.787  -25.877 0.1000000015
12839  -30.394  -77.731  -25.521 0.1000000015
12837  -28.589  -77.610  -25.116 0.1000000015
12836  -27.747  -77.319  -24.814 0.2000000030
14819  -31.592  -75.094  -26.357 0.1000000015
14817  -29.574  -75.421  -26.655 0.1000000015
12829  -28.008  -78.026  -24.657 0.2000000030
15898  -32.485  -74.390  -25.927 0.1000000015
14818  -30.668  -75.214  -26.744 0.1000000015
23318  -26.350  -67.864  -26.288 0.1000000015
22192  -26.723  -68.806  -26.554 0.1000000015
21101  -26.840  -69.736  -26.764 0.1000000015
20061  -27.003  -70.573  -26.922 0.1000000015
19010  -27.239  -71.295  -27.075 0.1000000015
17951  -27.487  -72.104  -27.108 0.1000000015
15897  -31.509  -74.545  -26.804 0.1000000015
15896  -31.254  -74.922  -27.168 0.1000000015
14833  -29.688  -75.240  -27.581 0.1000000015
15906  -27.930  -75.223  -27.837 0.1000000015
16932  -29.642  -73.583  -27.992 0.1000000015
16919  -29.870  -73.572  -27.168 0.1000000015
16933  -30.582  -73.906  -27.835 0.1000000015
14852  -29.901  -75.428  -28.633 0.1000000015
14862  -27.870  -75.386  -29.267 0.1000000015
16953  -31.047  -74.413  -28.388 0.1000000015
14854  -31.385  -75.229  -29.126 0.1000000015
14853  -30.909  -75.514  -28.927 0.1000000015
14863  -28.974  -75.530  -29.427 0.1000000015
23319  -27.178  -67.807  -26.877 0.1000000015
24347  -27.551  -66.773  -27.308 0.1000000015
25391  -28.514  -65.664  -28.114 0.1000000015
24355  -28.959  -66.352  -28.197 0.1000000015
13815  -30.936  -76.815  -25.740 0.1000000015
14820  -32.327  -74.924  -25.929 0.1000000015
15884  -33.816  -74.439  -24.974 0.1000000015
13806  -33.614  -76.068  -24.984 0.1000000015
12838  -29.436  -77.629  -25.489 0.1000000015
16906  -32.484  -73.659  -25.730 0.1000000015
12840  -31.592  -77.757  -25.148 0.1000000015
11957  -29.203  -78.136  -25.191 0.1000000015
17954  -31.402  -73.411  -26.094 0.1000000015
16921  -31.969  -73.834  -26.329 0.1000000015
11946  -28.817  -78.751  -24.831 0.2000000030
22191  -26.143  -68.866  -26.178 0.1000000015
19009  -26.779  -71.302  -26.605 0.1000000015
17933  -26.964  -71.921  -26.409 0.1000000015
16920  -30.850  -73.614  -26.746 0.1000000015
15908  -31.387  -74.919  -27.793 0.1000000015
11947  -29.868  -79.055  -24.858 0.1000000015
11071  -29.992  -79.385  -24.534 0.2000000030
21100  -26.177  -69.664  -26.282 0.1000000015
17952  -28.198  -72.903  -27.063 0.1000000015
16903  -29.357  -73.372  -26.734 0.1000000015
16934  -31.261  -74.254  -27.420 0.1000000015
14835  -31.350  -75.207  -28.435 0.1000000015
24338  -26.137  -66.622  -26.180 0.1000000015
24339  -26.817  -66.744  -26.787 0.1000000015
25382  -27.192  -65.779  -27.206 0.1000000015
25390  -27.846  -65.789  -27.672 0.1000000015
26449  -27.515  -64.998  -27.504 0.1000000015
17924  -32.204  -72.533  -24.484 0.1000000015
17939  -32.810  -73.089  -24.721 0.1000000015
16908  -33.519  -73.664  -24.608 0.1000000015
17923  -31.368  -72.408  -24.802 0.1000000015
16907  -32.895  -73.576  -25.314 0.1000000015
15868  -34.087  -74.451  -24.235 0.1000000015
12841  -32.503  -76.986  -25.107 0.1000000015
17938  -32.082  -73.157  -25.452 0.1000000015
15869  -34.353  -75.077  -24.022 0.1000000015
17936  -29.905  -73.049  -25.707 0.1000000015
17937  -30.954  -73.016  -25.632 0.1000000015
13792  -33.131  -76.619  -24.133 0.1000000015
22178  -25.668  -68.633  -25.860 0.1000000015
21093  -25.752  -69.346  -25.961 0.1000000015
21092  -25.248  -69.597  -25.455 0.1000000015
20053  -25.931  -70.863  -25.941 0.1000000015
19001  -26.886  -72.062  -25.903 0.1000000015
17934  -27.540  -72.494  -26.170 0.1000000015
17935  -28.811  -73.083  -26.194 0.1000000015
16904  -29.865  -73.385  -26.436 0.1000000015
17953  -30.964  -73.352  -26.170 0.1000000015
12830  -31.895  -77.620  -24.466 0.1000000015
11959  -30.598  -78.490  -25.105 0.1000000015
23302  -25.586  -67.592  -25.752 0.1000000015
16918  -29.042  -73.346  -27.167 0.1000000015
11948  -30.543  -78.881  -24.548 0.1000000015
25381  -26.598  -65.640  -26.635 0.1000000015
27528  -26.970  -63.692  -26.847 0.1000000015
28720  -28.104  -62.624  -27.211 0.1000000015
18992  -31.739  -71.903  -24.004 0.1000000015
18993  -32.249  -72.166  -23.891 0.1000000015
17925  -32.714  -72.573  -23.945 0.1000000015
18991  -30.768  -71.544  -24.184 0.1000000015
17926  -33.328  -73.157  -23.764 0.1000000015
17922  -30.283  -72.370  -25.010 0.1000000015
20046  -30.018  -71.013  -23.927 0.1000000015
16887  -33.612  -73.650  -23.327 0.1000000015
14761  -34.064  -75.833  -23.915 0.1000000015
17921  -29.129  -72.520  -25.201 0.1000000015
18990  -29.552  -71.733  -24.528 0.1000000015
15858  -33.934  -74.748  -23.361 0.1000000015
23301  -24.834  -67.473  -25.249 0.1000000015
19000  -26.338  -71.516  -25.931 0.1000000015
17920  -28.108  -72.477  -25.451 0.1000000015
14760  -33.184  -75.928  -23.513 0.1000000015
11949  -31.271  -78.237  -24.393 0.1000000015
24327  -25.415  -66.454  -25.567 0.1000000015
22177  -25.024  -68.485  -25.420 0.1000000015
21091  -24.685  -69.125  -25.017 0.1000000015
18986  -25.673  -70.943  -25.277 0.1000000015
18987  -26.026  -71.321  -25.167 0.1000000015
18988  -27.052  -71.913  -25.187 0.1000000015
12816  -31.727  -77.611  -24.004 0.1000000015
26429  -25.865  -64.344  -25.870 0.1000000015
25371  -25.966  -65.459  -26.027 0.1000000015
27527  -26.334  -63.324  -26.209 0.1000000015
26439  -26.440  -64.528  -26.476 0.1000000015
28719  -27.454  -63.183  -27.035 0.1000000015
20028  -28.138  -70.440  -23.603 0.1000000015
20029  -29.466  -70.342  -23.502 0.1000000015
20047  -30.632  -71.026  -23.772 0.1000000015
18974  -32.299  -71.553  -23.343 0.1000000015
17907  -32.814  -72.320  -23.202 0.1000000015
20043  -26.362  -71.122  -24.460 0.1000000015
20044  -27.551  -71.244  -24.246 0.1000000015
20045  -28.833  -71.122  -24.075 0.1000000015
17908  -33.206  -72.978  -23.107 0.1000000015
24326  -24.545  -66.381  -24.876 0.1000000015
23300  -24.233  -67.508  -24.682 0.1000000015
21084  -24.901  -69.757  -24.624 0.1000000015
15843  -33.078  -74.105  -22.814 0.1000000015
13791  -32.399  -76.756  -23.827 0.1000000015
11931  -31.206  -78.171  -23.941 0.1000000015
25370  -25.267  -65.189  -25.372 0.1000000015
26428  -25.428  -64.151  -25.407 0.1000000015
27519  -25.735  -63.442  -25.598 0.1000000015
28697  -26.011  -62.564  -25.581 0.1000000015
29834  -26.349  -61.493  -25.334 0.1000000015
28706  -27.167  -62.522  -26.585 0.1000000015
18972  -30.926  -71.044  -23.706 0.1000000015
18973  -31.456  -71.141  -23.571 0.1000000015
20031  -31.953  -70.483  -22.893 0.1000000015
18964  -32.528  -71.304  -22.622 0.1000000015
23284  -23.833  -67.431  -24.176 0.1000000015
20025  -25.202  -70.134  -24.290 0.1000000015
20026  -25.716  -70.428  -23.987 0.1000000015
20027  -26.836  -70.550  -23.735 0.1000000015
25359  -24.618  -65.230  -24.747 0.1000000015
24314  -24.278  -65.826  -24.500 0.1000000015
24325  -24.087  -66.943  -24.472 0.1000000015
22176  -24.429  -68.373  -24.888 0.1000000015
21083  -24.384  -69.115  -24.411 0.1000000015
20042  -25.441  -70.607  -24.831 0.1000000015
15844  -33.515  -73.825  -23.015 0.1000000015
26417  -24.965  -64.316  -24.968 0.1000000015
27518  -25.292  -63.484  -25.084 0.1000000015
28684  -25.176  -62.677  -24.666 0.1000000015
28696  -25.573  -62.836  -25.200 0.1000000015
29820  -25.040  -61.583  -24.090 0.1000000015
29833  -25.644  -62.048  -24.937 0.1000000015
29821  -25.752  -61.215  -24.576 0.1000000015
30943  -26.843  -60.690  -25.188 0.1000000015
20030  -30.786  -70.492  -23.409 0.1000000015
21074  -31.262  -69.763  -22.654 0.1000000015
21071  -27.405  -69.776  -23.176 0.1000000015
26416  -24.548  -64.408  -24.328 0.1000000015
25358  -24.200  -65.298  -24.176 0.1000000015
27510  -24.844  -63.512  -24.506 0.1000000015
30929  -26.241  -60.327  -24.428 0.1000000015
21073  -30.130  -69.649  -22.904 0.1000000015
21070  -26.094  -69.862  -23.296 0.1000000015
25350  -23.848  -65.429  -23.596 0.1000000015
24304  -23.683  -66.000  -23.479 0.1000000015
22163  -23.937  -68.336  -24.190 0.1000000015
21068  -24.163  -69.000  -23.863 0.1000000015
28671  -24.236  -62.721  -23.281 0.1000000015
29819  -24.547  -61.990  -23.503 0.1000000015
30914  -25.658  -60.061  -23.605 0.1000000015
32056  -26.185  -59.355  -23.346 0.1000000015
33153  -26.968  -58.688  -23.293 0.1000000015
22148  -27.931  -69.101  -22.667 0.1000000015
22146  -25.376  -69.100  -22.852 0.1000000015
22126  -26.049  -68.541  -22.278 0.1000000015
22147  -26.688  -69.187  -22.718 0.1000000015
26402  -23.749  -64.715  -23.105 0.1000000015
25349  -23.601  -65.661  -22.940 0.1000000015
23283  -23.666  -67.338  -23.648 0.1000000015
22145  -24.136  -68.454  -23.185 0.1000000015
22124  -24.287  -68.063  -22.588 0.1000000015
27492  -23.858  -63.694  -23.018 0.1000000015
30913  -25.072  -60.516  -23.134 0.1000000015
32055  -25.601  -59.748  -22.924 0.1000000015
32041  -26.004  -59.313  -22.288 0.1000000015
22125  -24.855  -68.342  -22.396 0.1000000015
24303  -23.602  -66.508  -23.234 0.1000000015
23251  -23.817  -67.190  -22.459 0.1000000015
23252  -24.286  -67.445  -22.121 0.1000000015
28649  -23.983  -62.794  -22.355 0.1000000015
30912  -24.689  -61.056  -22.623 0.1000000015
33121  -26.607  -59.169  -21.696 0.1000000015
27468  -23.830  -63.395  -22.478 0.1000000015
29805  -24.389  -61.842  -22.705 0.1000000015
30896  -24.584  -61.283  -21.954 0.1000000015
30897  -24.906  -60.526  -22.105 0.1000000015
32040  -25.408  -59.871  -22.199 0.1000000015
32022  -26.153  -59.717  -21.413 0.1000000015
32023  -27.046  -59.617  -21.143 0.1000000015
30858  -26.619  -60.137  -20.933 0.1000000015
29787  -24.310  -62.009  -21.943 0.1000000015
30879  -25.203  -60.965  -21.470 0.1000000015
32021  -25.489  -60.225  -21.574 0.1000000015
30880  -26.182  -60.473  -21.158 0.1000000015
10160  -22.899  -80.333  -28.753 0.1000000015
11113  -25.487  -79.387  -28.238 0.1000000015
9199  -26.265  -81.218  -28.774 0.1000000015
11114  -26.737  -79.508  -28.754 0.1000000015
11986  -26.578  -78.543  -28.958 0.1000000015
14932  -31.400  -74.807  -32.761 0.1000000015
13913  -29.328  -76.331  -34.430 0.1000000015
13827  -24.609  -76.550  -26.083 0.1000000015
13810  -25.452  -76.291  -25.401 0.2000000030
19016  -27.761  -71.367  -27.512 0.1000000015
16951  -29.374  -73.191  -28.787 0.1000000015
14883  -31.466  -74.907  -30.878 0.1000000015
14897  -30.717  -75.500  -31.542 0.1000000015
13905  -28.472  -76.396  -33.263 0.1000000015
14910  -28.043  -76.174  -32.249 0.1000000015
12009  -27.186  -78.314  -31.393 0.1000000015
13893  -27.713  -76.307  -31.990 0.1000000015
12019  -27.263  -78.122  -31.912 0.1000000015
14795  -27.165  -75.862  -25.912 0.1000000015
13803  -26.210  -76.808  -24.595 0.2000000030
14815  -27.924  -75.632  -26.407 0.1000000015
13873  -26.388  -75.935  -29.334 0.1000000015
15928  -31.222  -74.652  -29.272 0.1000000015
12906  -26.877  -77.590  -31.529 0.1000000015
14832  -28.500  -75.286  -27.313 0.1000000015
14878  -27.264  -75.635  -29.927 0.1000000015
22207  -27.546  -68.918  -27.038 0.1000000015
14894  -27.320  -75.885  -30.678 0.1000000015
23332  -28.821  -67.782  -27.697 0.1000000015
14801  -33.744  -75.259  -25.183 0.1000000015
13816  -31.966  -76.594  -25.509 0.1000000015
14797  -30.286  -75.851  -25.992 0.1000000015
14834  -30.843  -75.242  -27.918 0.1000000015
14851  -28.551  -75.280  -28.297 0.1000000015
15909  -31.399  -74.795  -28.230 0.1000000015
26440  -26.999  -64.750  -27.084 0.1000000015
26450  -28.117  -64.781  -27.868 0.1000000015
27539  -27.638  -63.935  -27.409 0.1000000015
18989  -28.330  -71.913  -24.715 0.1000000015
28705  -26.507  -62.308  -26.006 0.1000000015
29835  -27.003  -61.135  -25.723 0.1000000015
21069  -24.879  -69.602  -23.753 0.1000000015
12675  -24.324  -77.919  -7.764 0.5000000000
8989  -26.673  -81.587  -12.685 0.5000000000
8978  -25.990  -82.045  -12.413 0.5000000000
12657  -23.995  -77.044  -7.123 0.5000000000
12703  -24.028  -77.149  -8.909 0.5000000000
11781  -24.485  -78.465  -9.132 0.5000000000
9967  -26.513  -80.758  -12.576 0.5000000000
14605  -23.439  -75.442  -6.262 0.5000000000
13627  -23.798  -76.521  -6.652 0.5000000000
12688  -23.992  -77.235  -8.196 0.5000000000
13643  -23.640  -76.627  -7.653 0.5000000000
14620  -23.230  -75.723  -7.236 0.5000000000
13653  -23.670  -76.542  -8.675 0.5000000000
14632  -23.196  -75.794  -8.280 0.4000000060
13678  -23.844  -76.398  -10.133 0.4000000060
11841  -29.209  -79.365  -14.729 0.5000000000
11842  -29.903  -79.457  -15.505 0.5000000000
11857  -28.350  -78.956  -15.500 0.5000000000
11858  -29.349  -79.138  -15.880 0.5000000000
11880  -27.764  -78.563  -17.219 0.5000000000
12770  -26.897  -77.667  -18.582 0.4000000060
13739  -26.233  -77.207  -18.697 0.4000000060
6440  -24.218  -84.277  -9.836 0.1000000015
8052  -25.510  -82.698  -12.290 0.5000000000
12639  -24.705  -77.426  -5.699 0.5000000000
12658  -24.470  -77.742  -6.718 0.5000000000
11766  -24.639  -78.670  -8.219 0.5000000000
11798  -24.370  -78.244  -10.183 0.4000000060
8988  -26.028  -81.466  -12.423 0.5000000000
14587  -24.385  -75.581  -5.262 0.5000000000
13608  -24.516  -76.516  -5.316 0.5000000000
15632  -24.580  -74.695  -5.403 0.5000000000
16645  -24.977  -73.975  -5.770 0.5000000000
16644  -24.043  -74.087  -5.869 0.5000000000
15631  -23.830  -74.915  -5.684 0.5000000000
16664  -24.443  -73.419  -6.307 0.4000000060
15650  -23.290  -74.362  -6.373 0.3000000119
14604  -22.892  -74.864  -6.925 0.5000000000
14631  -22.860  -75.018  -8.829 0.4000000060
14647  -23.381  -75.711  -9.519 0.4000000060
15649  -22.846  -74.244  -6.874 0.3000000119
14660  -24.069  -76.497  -11.222 0.6999999881
13689  -24.486  -76.902  -11.568 0.5000000000
16663  -23.580  -73.522  -6.468 0.3000000119
16662  -22.863  -73.543  -6.971 0.3000000119
15680  -22.387  -74.246  -8.370 0.3000000119
14646  -22.987  -75.004  -9.416 0.4000000060
14659  -23.724  -75.949  -10.827 0.5000000000
13698  -24.520  -76.813  -12.299 0.6000000238
12722  -25.029  -77.654  -12.442 0.6000000238
11812  -25.136  -78.560  -12.298 0.6000000238
10933  -27.086  -79.943  -12.826 0.5000000000
11830  -29.278  -79.606  -14.050 0.3000000119
16678  -22.311  -73.406  -7.783 0.3000000119
15695  -22.561  -74.345  -9.630 0.3000000119
15722  -23.253  -75.174  -11.446 0.4000000060
14678  -24.058  -76.418  -12.548 0.5000000000
13709  -25.237  -77.610  -13.204 0.6000000238
12747  -26.261  -78.106  -14.002 0.6000000238
11828  -27.229  -78.762  -13.628 0.5000000000
11840  -27.974  -78.909  -14.477 0.5000000000
16723  -22.291  -73.608  -10.493 0.4000000060
15709  -22.763  -74.326  -10.852 0.4000000060
14677  -23.592  -75.838  -12.157 0.5000000000
13707  -23.981  -76.586  -13.439 0.5000000000
12758  -26.071  -78.086  -14.589 0.5000000000
11838  -26.437  -78.197  -14.505 0.5000000000
17725  -22.068  -72.944  -10.972 0.4000000060
15721  -22.777  -74.266  -11.854 0.4000000060
15730  -23.054  -74.961  -12.653 0.5000000000
13715  -23.887  -76.706  -14.040 0.5000000000
12756  -24.899  -77.544  -15.600 0.4000000060
11855  -26.384  -78.264  -15.166 0.5000000000
11871  -26.688  -78.434  -16.037 0.5000000000
15729  -22.642  -74.041  -12.619 0.4000000060
15740  -23.006  -75.063  -13.903 0.5000000000
13719  -23.817  -76.426  -15.238 0.5000000000
13724  -24.340  -76.886  -16.041 0.4000000060
11878  -26.185  -78.111  -16.539 0.4000000060
11879  -26.779  -78.330  -17.035 0.5000000000
14685  -23.515  -75.592  -15.597 0.5000000000
13723  -23.942  -76.108  -16.287 0.4000000060
13728  -25.186  -77.104  -17.701 0.4000000060
12769  -26.087  -77.393  -18.334 0.4000000060
14690  -23.620  -75.387  -16.517 0.3000000119
13727  -24.484  -76.511  -17.403 0.4000000060
13737  -24.673  -76.107  -18.721 0.3000000119
13750  -25.442  -76.052  -19.707 0.3000000119
6405  -24.271  -84.144  -7.828 0.1000000015
6423  -24.372  -84.118  -8.766 0.1000000015
6406  -24.741  -83.919  -8.040 0.1000000015
7206  -24.710  -83.480  -9.435 0.4000000060
7216  -24.474  -83.825  -10.768 0.4000000060
8051  -24.964  -82.840  -11.490 0.5000000000
8042  -24.801  -82.687  -10.544 0.4000000060
8976  -24.781  -81.854  -11.359 0.5000000000
8977  -25.330  -81.901  -12.077 0.5000000000
12640  -25.400  -77.981  -5.459 0.5000000000
11741  -25.490  -78.935  -6.473 0.5000000000
11753  -24.769  -78.538  -7.273 0.5000000000
10867  -24.857  -79.185  -8.695 0.4000000060
8966  -24.688  -81.485  -10.572 0.5000000000
9954  -24.866  -81.216  -11.946 0.5000000000
15622  -25.524  -75.258  -4.921 0.5000000000
13586  -24.981  -76.390  -4.904 0.5000000000
13609  -25.116  -77.088  -5.022 0.5000000000
15634  -26.521  -74.587  -5.472 0.5000000000
15633  -25.499  -74.643  -5.295 0.5000000000
10912  -24.603  -79.507  -11.626 0.6000000238
16679  -25.425  -72.921  -6.972 0.4000000060
17670  -24.298  -72.332  -7.200 0.2000000030
18716  -25.085  -71.183  -8.074 0.2000000030
17669  -23.468  -72.444  -7.177 0.3000000119
17682  -22.110  -72.493  -8.124 0.3000000119
16691  -21.790  -72.697  -9.178 0.4000000060
18715  -23.947  -70.999  -7.992 0.3000000119
18713  -22.042  -71.899  -8.451 0.3000000119
19763  -23.900  -70.405  -8.608 0.3000000119
18737  -21.879  -71.375  -9.042 0.4000000060
17699  -21.703  -72.317  -9.578 0.4000000060
18754  -21.549  -71.595  -10.311 0.3000000119
17712  -21.760  -72.505  -10.386 0.4000000060
16760  -22.249  -73.333  -12.949 0.4000000060
15739  -22.669  -74.104  -13.466 0.4000000060
17747  -21.691  -71.869  -12.153 0.3000000119
16772  -22.337  -73.156  -14.093 0.3000000119
15750  -23.154  -74.929  -15.039 0.4000000060
16784  -22.715  -73.165  -15.332 0.3000000119
15773  -23.231  -74.226  -16.299 0.3000000119
14700  -23.745  -75.408  -17.436 0.4000000060
14701  -24.128  -75.725  -18.184 0.3000000119
17794  -22.675  -72.239  -16.133 0.2000000030
16798  -23.041  -73.475  -16.718 0.2000000030
15792  -23.399  -74.547  -17.742 0.3000000119
14713  -24.193  -75.416  -18.943 0.3000000119
18855  -22.773  -71.408  -17.702 0.1000000015
16830  -23.101  -73.275  -18.950 0.2000000030
14719  -23.841  -74.767  -19.178 0.4000000060
19922  -25.308  -70.750  -17.508 0.1000000015
7193  -25.139  -83.403  -7.397 0.1000000015
7200  -24.745  -83.793  -8.687 0.1000000015
7201  -25.102  -83.229  -8.367 0.2000000030
7207  -25.068  -82.844  -9.044 0.5000000000
11726  -25.964  -78.541  -5.475 0.5000000000
10856  -25.684  -79.884  -7.285 0.4000000060
9934  -25.208  -80.330  -8.954 0.4000000060
8952  -24.888  -80.962  -9.791 0.5000000000
14573  -26.017  -75.720  -4.620 0.5000000000
13588  -26.480  -76.625  -4.417 0.5000000000
12619  -25.943  -77.479  -4.735 0.4000000060
9944  -24.513  -80.322  -10.619 0.4000000060
16667  -27.026  -73.791  -6.942 0.4000000060
15651  -26.929  -74.172  -6.106 0.4000000060
15623  -26.020  -75.035  -4.957 0.5000000000
16693  -26.617  -72.977  -7.800 0.4000000060
16646  -25.927  -74.029  -5.876 0.5000000000
16680  -26.100  -73.050  -7.179 0.4000000060
17684  -26.577  -72.400  -8.240 0.3000000119
17672  -26.139  -72.579  -7.716 0.3000000119
18717  -25.950  -71.618  -8.319 0.3000000119
19790  -26.299  -70.701  -8.994 0.2000000030
19764  -24.687  -70.605  -8.530 0.2000000030
20845  -26.764  -69.778  -9.261 0.1000000015
20843  -24.907  -69.345  -9.131 0.3000000119
21939  -25.403  -68.652  -9.329 0.1000000015
19788  -24.362  -69.963  -8.943 0.3000000119
19786  -22.410  -70.174  -9.275 0.3000000119
21938  -24.592  -68.609  -9.443 0.2000000030
20842  -24.027  -69.202  -9.255 0.2000000030
20840  -22.406  -69.416  -9.965 0.2000000030
18772  -21.554  -71.355  -11.396 0.2000000030
18807  -21.741  -71.070  -13.096 0.2000000030
20898  -22.777  -69.518  -11.906 0.2000000030
18808  -22.025  -71.058  -14.068 0.2000000030
19845  -22.260  -70.026  -12.389 0.2000000030
19864  -22.276  -70.243  -13.398 0.1000000015
18830  -22.511  -71.196  -15.890 0.2000000030
17805  -22.746  -72.265  -17.213 0.2000000030
20940  -23.201  -69.701  -14.034 0.1000000015
20952  -23.030  -69.743  -15.060 0.1000000015
19919  -22.810  -70.939  -17.290 0.1000000015
18874  -22.878  -71.629  -18.307 0.1000000015
20953  -23.844  -69.547  -15.291 0.1000000015
20964  -24.170  -69.652  -16.142 0.1000000015
19920  -23.364  -70.686  -17.777 0.1000000015
19904  -24.612  -70.017  -16.730 0.1000000015
18840  -26.155  -71.240  -15.996 0.1000000015
17806  -26.822  -72.485  -16.491 0.1000000015
8010  -25.719  -82.585  -7.451 0.3000000119
8019  -25.750  -82.124  -8.032 0.3000000119
8917  -27.469  -81.307  -5.880 0.3000000119
8928  -26.972  -81.410  -6.568 0.3000000119
8030  -25.339  -82.204  -8.763 0.3000000119
8029  -24.966  -82.196  -9.613 0.4000000060
9900  -27.305  -80.803  -6.224 0.3000000119
9913  -26.859  -81.024  -6.862 0.3000000119
8939  -25.731  -81.278  -8.383 0.5000000000
8953  -25.263  -81.398  -9.108 0.5000000000
11716  -27.457  -78.568  -4.693 0.4000000060
10830  -26.712  -79.811  -5.947 0.5000000000
10857  -26.053  -80.304  -7.145 0.4000000060
9922  -25.777  -80.487  -7.961 0.4000000060
15653  -28.275  -74.634  -6.648 0.4000000060
14575  -27.945  -75.872  -4.703 0.4000000060
13589  -27.521  -76.709  -4.303 0.5000000000
12620  -26.986  -77.569  -4.441 0.5000000000
15682  -28.514  -73.906  -8.604 0.4000000060
15666  -27.761  -73.836  -7.884 0.4000000060
15652  -27.481  -74.158  -6.832 0.4000000060
15635  -27.408  -74.589  -5.881 0.5000000000
16695  -27.915  -73.371  -8.616 0.4000000060
16694  -27.297  -73.194  -8.275 0.4000000060
15697  -28.843  -73.717  -9.171 0.4000000060
17703  -28.996  -72.851  -9.840 0.3000000119
17685  -27.225  -72.520  -8.716 0.3000000119
18740  -27.547  -71.680  -9.315 0.3000000119
18718  -26.758  -71.714  -8.796 0.3000000119
19810  -28.575  -70.701  -10.022 0.3000000119
19791  -27.175  -70.699  -9.274 0.2000000030
21958  -28.205  -68.792  -9.955 0.1000000015
23034  -27.581  -68.042  -9.764 0.1000000015
23032  -25.795  -67.875  -9.577 0.1000000015
23031  -24.953  -68.010  -9.641 0.1000000015
21957  -23.892  -68.092  -10.419 0.2000000030
24080  -26.658  -66.354  -10.544 0.1000000015
24079  -25.726  -66.660  -10.700 0.1000000015
21974  -23.452  -68.439  -10.740 0.2000000030
23073  -24.455  -67.593  -10.686 0.2000000030
21975  -23.965  -68.160  -11.211 0.2000000030
20899  -23.538  -69.258  -12.247 0.1000000015
20900  -24.465  -69.087  -12.425 0.1000000015
20923  -23.895  -69.607  -13.091 0.1000000015
20924  -24.970  -69.670  -13.262 0.1000000015
20941  -24.303  -69.629  -14.065 0.1000000015
20965  -24.734  -69.661  -15.833 0.1000000015
20942  -25.268  -69.841  -14.111 0.1000000015
20943  -25.695  -70.067  -14.506 0.1000000015
18831  -26.339  -71.029  -14.970 0.1000000015
18824  -27.687  -71.691  -14.526 0.1000000015
17783  -27.392  -72.254  -15.194 0.1000000015
17797  -28.499  -73.268  -15.300 0.1000000015
16787  -29.603  -74.092  -15.627 0.1000000015
15793  -30.114  -74.521  -16.652 0.1000000015
15795  -31.627  -74.628  -17.230 0.1000000015
8906  -27.803  -81.440  -5.307 0.3000000119
8002  -27.231  -81.722  -5.711 0.2000000030
9890  -28.421  -80.621  -5.105 0.3000000119
11729  -28.381  -79.439  -4.840 0.4000000060
10819  -28.911  -79.600  -4.683 0.3000000119
14592  -29.465  -75.667  -5.745 0.3000000119
14591  -28.313  -75.098  -5.686 0.3000000119
14576  -28.886  -75.970  -4.935 0.4000000060
12621  -28.134  -77.734  -4.249 0.4000000060
11717  -28.730  -79.034  -4.516 0.3000000119
15683  -29.224  -74.722  -8.490 0.3000000119
14606  -29.119  -74.983  -6.826 0.3000000119
12622  -29.436  -77.812  -4.041 0.4000000060
12623  -30.714  -77.898  -3.922 0.3000000119
15711  -29.914  -74.074  -10.204 0.3000000119
16712  -28.916  -73.380  -9.523 0.3000000119
16725  -30.068  -73.490  -10.495 0.3000000119
16724  -29.443  -73.496  -10.024 0.3000000119
18756  -29.660  -71.556  -10.531 0.3000000119
18741  -28.355  -71.592  -9.797 0.3000000119
20867  -28.811  -69.752  -10.218 0.2000000030
21959  -29.026  -68.681  -10.368 0.1000000015
23055  -29.239  -67.524  -10.603 0.1000000015
23075  -29.821  -67.083  -10.864 0.1000000015
25137  -29.115  -65.237  -11.071 0.1000000015
24081  -27.575  -66.482  -10.348 0.1000000015
25112  -27.779  -65.846  -10.782 0.1000000015
24103  -26.115  -66.229  -11.248 0.1000000015
24121  -25.534  -66.834  -11.849 0.2000000030
24122  -25.960  -66.652  -12.079 0.2000000030
24135  -26.186  -67.173  -12.555 0.2000000030
21995  -25.119  -68.337  -12.355 0.1000000015
22013  -26.153  -68.890  -12.910 0.1000000015
20925  -25.583  -69.717  -13.090 0.1000000015
22015  -27.390  -68.772  -13.737 0.1000000015
20926  -26.217  -69.621  -13.214 0.1000000015
19867  -26.577  -70.284  -13.985 0.1000000015
20928  -27.579  -69.728  -13.974 0.1000000015
18809  -27.014  -70.696  -14.218 0.1000000015
18825  -28.508  -71.675  -14.428 0.1000000015
17784  -28.089  -72.597  -14.862 0.1000000015
16774  -29.664  -73.425  -15.033 0.1000000015
17787  -30.733  -72.739  -14.932 0.1000000015
15760  -30.680  -74.408  -15.767 0.1000000015
16789  -31.279  -73.972  -15.443 0.1000000015
15776  -30.755  -74.622  -16.389 0.1000000015
15761  -31.463  -74.590  -16.022 0.1000000015
15796  -32.548  -74.625  -17.420 0.1000000015
15778  -32.280  -74.817  -16.890 0.1000000015
16820  -32.827  -74.155  -17.981 0.1000000015
7977  -27.686  -81.632  -4.655 0.2000000030
9865  -29.840  -80.695  -3.258 0.2000000030
8908  -29.264  -80.723  -4.421 0.3000000119
10789  -30.297  -79.648  -2.629 0.2000000030
9878  -30.161  -80.251  -4.015 0.3000000119
9877  -29.817  -80.391  -4.238 0.3000000119
13591  -30.042  -76.577  -4.644 0.3000000119
11718  -30.237  -78.944  -4.038 0.3000000119
14623  -30.536  -75.869  -7.513 0.3000000119
14622  -29.673  -75.297  -7.889 0.3000000119
14607  -30.020  -75.603  -6.767 0.3000000119
13592  -31.242  -77.091  -4.497 0.3000000119
15699  -30.247  -75.133  -10.041 0.3000000119
14649  -30.883  -75.855  -9.929 0.3000000119
13593  -31.775  -77.159  -4.347 0.3000000119
12624  -31.496  -77.679  -3.896 0.2000000030
12606  -31.202  -78.434  -3.692 0.2000000030
15713  -31.472  -75.472  -11.127 0.2000000030
15712  -30.623  -74.756  -10.699 0.2000000030
16734  -30.757  -73.541  -11.025 0.3000000119
17716  -30.266  -72.374  -10.781 0.3000000119
18757  -30.119  -71.376  -10.857 0.3000000119
19812  -29.762  -70.821  -10.754 0.3000000119
19829  -30.209  -70.637  -11.055 0.2000000030
20887  -30.349  -69.668  -11.136 0.2000000030
21976  -30.526  -68.639  -11.202 0.1000000015
23056  -29.989  -67.875  -10.987 0.1000000015
25138  -30.268  -65.215  -11.129 0.1000000015
26206  -31.568  -64.422  -11.512 0.1000000015
27314  -33.313  -63.487  -12.080 0.1000000015
26205  -30.648  -64.325  -11.450 0.1000000015
28439  -31.558  -62.901  -11.853 0.1000000015
29622  -33.109  -61.611  -12.660 0.1000000015
30755  -34.295  -60.974  -12.808 0.1000000015
30768  -36.044  -60.432  -13.136 0.1000000015
27293  -29.794  -63.685  -11.928 0.1000000015
29634  -31.369  -61.729  -13.265 0.1000000015
29621  -32.054  -61.564  -12.786 0.1000000015
30766  -33.724  -60.140  -13.737 0.1000000015
31912  -34.706  -59.632  -13.949 0.1000000015
25136  -27.950  -65.260  -11.435 0.1000000015
26221  -29.000  -64.013  -12.533 0.1000000015
25157  -27.103  -65.641  -12.134 0.1000000015
25179  -27.467  -65.738  -12.899 0.2000000030
24136  -26.770  -66.633  -12.754 0.1000000015
24156  -28.393  -66.882  -14.000 0.1000000015
23112  -27.924  -67.733  -13.895 0.1000000015
22027  -28.273  -68.923  -14.119 0.1000000015
20945  -28.814  -69.793  -14.305 0.1000000015
19884  -28.371  -70.659  -14.267 0.1000000015
18826  -29.472  -71.749  -14.550 0.1000000015
18827  -30.329  -71.741  -14.699 0.1000000015
17799  -31.682  -72.900  -15.310 0.1000000015
16790  -32.331  -74.109  -15.798 0.1000000015
16791  -32.646  -74.558  -16.275 0.1000000015
13551  -30.656  -76.526  -1.987 0.2000000030
11689  -31.047  -79.253  -2.852 0.2000000030
10808  -30.904  -79.554  -3.680 0.3000000119
11719  -30.547  -79.040  -4.155 0.3000000119
14534  -30.835  -75.918  -2.133 0.2000000030
12579  -30.477  -77.257  -1.960 0.2000000030
12593  -31.323  -78.057  -2.454 0.2000000030
11706  -31.076  -79.604  -3.170 0.3000000119
11705  -30.958  -79.175  -3.600 0.3000000119
13645  -31.566  -76.300  -7.377 0.3000000119
13631  -31.799  -76.480  -6.309 0.3000000119
13632  -32.505  -76.646  -5.911 0.3000000119
12641  -32.414  -76.810  -4.939 0.3000000119
13656  -32.575  -76.404  -8.697 0.3000000119
13655  -31.860  -76.419  -8.344 0.3000000119
12661  -33.130  -76.613  -5.905 0.3000000119
12628  -33.760  -76.531  -4.721 0.3000000119
12625  -32.201  -77.188  -4.199 0.3000000119
13682  -33.089  -76.147  -10.643 0.2000000030
13680  -32.257  -76.455  -10.224 0.3000000119
12607  -31.492  -78.223  -3.382 0.2000000030
14672  -31.886  -75.622  -11.396 0.2000000030
15723  -31.135  -74.251  -11.247 0.2000000030
15724  -31.740  -74.869  -11.623 0.2000000030
17726  -31.033  -72.566  -11.328 0.3000000119
16735  -31.438  -73.651  -11.566 0.3000000119
18773  -30.647  -71.522  -11.151 0.3000000119
18774  -31.340  -71.601  -11.541 0.3000000119
19831  -31.626  -70.611  -11.619 0.2000000030
20888  -31.111  -69.605  -11.391 0.2000000030
23077  -31.536  -67.461  -11.591 0.1000000015
28501  -30.414  -62.828  -13.886 0.1000000015
29652  -31.603  -61.677  -14.165 0.1000000015
29653  -32.249  -61.084  -14.447 0.1000000015
31949  -33.598  -60.004  -14.879 0.1000000015
27349  -29.605  -63.939  -13.838 0.1000000015
27350  -30.326  -63.388  -14.156 0.1000000015
27351  -31.071  -63.247  -14.744 0.1000000015
29668  -32.693  -61.294  -15.236 0.1000000015
26241  -28.872  -64.452  -13.407 0.1000000015
26261  -31.098  -64.424  -14.777 0.1000000015
26274  -31.453  -63.811  -15.004 0.1000000015
27365  -32.489  -63.368  -15.532 0.1000000015
25181  -28.904  -65.368  -13.968 0.1000000015
25202  -29.738  -65.532  -14.276 0.1000000015
25204  -31.644  -65.631  -14.915 0.1000000015
24159  -31.109  -66.629  -14.686 0.1000000015
24157  -29.171  -66.520  -14.191 0.1000000015
23129  -29.714  -67.638  -14.391 0.1000000015
23130  -30.635  -67.641  -14.600 0.1000000015
22028  -29.253  -68.743  -14.330 0.1000000015
20946  -29.656  -69.736  -14.475 0.1000000015
19886  -29.989  -70.748  -14.604 0.1000000015
17788  -31.287  -72.277  -15.018 0.1000000015
14552  -28.854  -74.940  -2.134 0.3000000119
15603  -30.337  -74.784  -2.471 0.3000000119
14554  -31.003  -75.414  -2.380 0.3000000119
14535  -31.455  -75.963  -2.267 0.2000000030
12594  -32.325  -77.059  -2.501 0.2000000030
15604  -31.121  -74.861  -2.741 0.3000000119
14555  -31.853  -75.661  -2.562 0.3000000119
13566  -32.604  -76.309  -2.653 0.3000000119
13647  -33.091  -76.178  -7.756 0.3000000119
14609  -33.374  -75.162  -6.009 0.3000000119
15615  -32.492  -74.988  -3.855 0.3000000119
13567  -33.153  -76.278  -3.078 0.3000000119
12608  -32.380  -77.576  -3.296 0.2000000030
14651  -33.364  -75.796  -10.104 0.2000000030
14624  -33.399  -75.651  -7.365 0.3000000119
15655  -32.985  -74.850  -6.490 0.3000000119
14664  -33.297  -75.681  -11.131 0.2000000030
14674  -33.112  -75.581  -11.725 0.2000000030
16736  -32.270  -73.825  -12.156 0.2000000030
17728  -32.460  -72.713  -12.463 0.3000000119
18775  -32.006  -71.640  -12.055 0.2000000030
19846  -32.363  -70.641  -12.003 0.2000000030
24167  -31.878  -66.739  -14.968 0.1000000015
22030  -31.045  -68.710  -14.755 0.1000000015
20947  -30.536  -69.751  -14.653 0.1000000015
15600  -27.353  -74.263  -2.360 0.1000000015
16613  -26.638  -73.348  -2.756 0.2000000030
15601  -28.394  -74.223  -2.366 0.3000000119
16615  -28.918  -73.396  -2.824 0.3000000119
16628  -29.703  -73.320  -3.563 0.3000000119
15638  -31.742  -74.448  -5.274 0.3000000119
16637  -30.783  -73.966  -4.163 0.3000000119
15684  -32.678  -74.132  -8.042 0.3000000119
15669  -31.834  -74.047  -6.979 0.3000000119
16650  -31.403  -74.144  -5.909 0.3000000119
16697  -32.624  -73.584  -8.531 0.2000000030
15700  -33.378  -74.725  -9.623 0.2000000030
15714  -33.583  -74.992  -10.878 0.1000000015
15725  -32.955  -74.969  -12.429 0.2000000030
16737  -34.022  -74.192  -11.484 0.1000000015
15731  -33.348  -74.625  -12.820 0.2000000030
16749  -33.236  -73.846  -12.816 0.2000000030
15732  -33.783  -74.789  -13.064 0.2000000030
17749  -33.101  -72.578  -12.841 0.3000000119
17611  -28.185  -72.653  -3.118 0.3000000119
16627  -29.014  -72.941  -3.319 0.3000000119
17630  -29.411  -72.812  -4.175 0.3000000119
16636  -29.917  -73.233  -4.606 0.3000000119
16682  -30.846  -73.172  -7.173 0.3000000119
16670  -31.215  -73.786  -6.575 0.3000000119
16649  -30.732  -73.790  -5.410 0.3000000119
17675  -31.031  -72.770  -7.639 0.2000000030
17688  -32.061  -72.671  -8.599 0.2000000030
18743  -32.098  -71.694  -9.028 0.1000000015
17717  -33.512  -72.712  -10.194 0.1000000015
17729  -33.940  -73.302  -10.927 0.1000000015
15727  -34.783  -75.118  -12.626 0.1000000015
17628  -27.835  -71.875  -3.386 0.3000000119
18652  -27.517  -71.108  -3.698 0.2000000030
17629  -28.712  -72.363  -3.843 0.3000000119
17638  -29.222  -72.506  -4.869 0.3000000119
17637  -28.691  -71.948  -4.782 0.3000000119
18706  -29.969  -71.655  -7.357 0.2000000030
17662  -29.511  -72.069  -6.583 0.3000000119
16648  -29.775  -72.982  -5.597 0.3000000119
19767  -30.461  -70.656  -8.133 0.2000000030
19754  -29.763  -70.817  -7.481 0.2000000030
20823  -31.207  -69.524  -8.796 0.1000000015
19768  -31.105  -70.479  -8.581 0.1000000015
21916  -30.495  -68.584  -8.467 0.1000000015
19793  -31.733  -70.445  -8.978 0.1000000015
18744  -33.024  -71.596  -9.727 0.1000000015
19794  -32.492  -70.526  -9.453 0.1000000015
18758  -33.750  -71.641  -10.364 0.1000000015
17718  -34.065  -72.524  -10.776 0.1000000015
18759  -34.513  -71.898  -10.920 0.1000000015
19704  -27.514  -70.487  -4.404 0.2000000030
19717  -27.762  -70.421  -4.972 0.2000000030
18673  -28.520  -71.414  -5.368 0.2000000030
20792  -28.694  -70.309  -6.655 0.2000000030
18692  -28.658  -71.248  -5.967 0.2000000030
20809  -29.016  -69.782  -7.159 0.1000000015
21898  -29.607  -68.689  -7.841 0.1000000015
20847  -31.995  -69.474  -9.232 0.1000000015
20848  -32.869  -69.493  -9.625 0.1000000015
19795  -33.360  -70.563  -9.973 0.1000000015
19813  -34.204  -70.780  -10.472 0.1000000015
23035  -32.345  -67.945  -9.146 0.1000000015
21942  -32.352  -68.460  -9.275 0.1000000015
21943  -33.201  -68.573  -9.502 0.1000000015
20849  -33.966  -69.543  -10.032 0.1000000015
23009  -32.048  -67.568  -8.888 0.1000000015
23037  -33.419  -67.812  -9.158 0.1000000015
21944  -34.000  -68.459  -9.530 0.1000000015
12716  -24.423  -77.515  -11.015 0.4000000060
13669  -24.056  -76.933  -10.052 0.5000000000
13668  -23.892  -76.689  -9.472 0.5000000000
12713  -24.232  -77.367  -10.317 0.4000000060
13679  -24.165  -76.753  -10.738 0.6000000238
10894  -24.505  -79.269  -10.498 0.5000000000
10878  -24.720  -79.296  -9.435 0.4000000060
9968  -27.434  -80.756  -12.875 0.5000000000
12717  -24.820  -77.683  -11.902 0.5000000000
9966  -25.501  -80.812  -12.322 0.5000000000
11811  -24.555  -78.404  -11.289 0.6000000238
11823  -28.346  -79.751  -13.325 0.3000000119
10962  -29.602  -79.739  -14.282 0.5000000000
10931  -25.076  -79.861  -12.298 0.5000000000
8065  -26.699  -82.117  -12.984 0.5000000000
10932  -26.021  -79.868  -12.571 0.5000000000
15710  -23.164  -75.059  -10.325 0.4000000060
11829  -28.556  -79.427  -13.718 0.4000000060
11872  -27.550  -78.701  -16.269 0.5000000000
11886  -27.172  -78.208  -17.759 0.4000000060
11887  -27.946  -78.282  -18.109 0.4000000060
12766  -25.835  -77.663  -17.496 0.4000000060
13738  -25.501  -76.920  -18.470 0.3000000119
11754  -25.080  -79.229  -7.639 0.5000000000
14671  -23.997  -76.345  -11.720 0.4000000060
13690  -24.785  -77.250  -12.184 0.6000000238
17668  -22.775  -72.673  -7.388 0.3000000119
16692  -21.966  -73.254  -8.872 0.4000000060
14670  -23.629  -75.847  -11.522 0.5000000000
13708  -24.415  -76.891  -13.180 0.6000000238
13700  -25.539  -77.818  -13.053 0.6000000238
12723  -25.563  -77.981  -12.799 0.6000000238
12718  -25.246  -77.962  -12.435 0.6000000238
10913  -25.005  -79.214  -12.274 0.6000000238
11821  -26.291  -78.829  -12.922 0.5000000000
11822  -27.660  -79.471  -13.252 0.5000000000
14680  -23.659  -76.136  -13.221 0.5000000000
12733  -25.672  -77.919  -13.569 0.6000000238
12732  -25.015  -77.627  -13.732 0.5000000000
12748  -26.686  -78.366  -13.734 0.5000000000
12734  -26.131  -78.211  -13.351 0.5000000000
11839  -26.930  -78.428  -14.354 0.5000000000
16733  -22.376  -73.599  -11.396 0.4000000060
17700  -21.836  -72.831  -9.906 0.4000000060
13716  -24.432  -77.295  -14.041 0.5000000000
12757  -25.603  -77.970  -15.129 0.4000000060
12745  -24.917  -77.674  -14.586 0.5000000000
11856  -27.302  -78.671  -15.278 0.5000000000
16748  -22.397  -73.613  -12.172 0.4000000060
17748  -22.011  -72.826  -12.025 0.3000000119
14683  -23.423  -75.849  -14.498 0.5000000000
12762  -25.611  -77.883  -16.156 0.4000000060
11870  -26.144  -78.154  -15.906 0.5000000000
12761  -24.998  -77.311  -16.692 0.4000000060
15758  -23.314  -74.801  -15.995 0.4000000060
15757  -23.091  -74.100  -15.650 0.4000000060
11742  -26.140  -79.420  -6.189 0.5000000000
10868  -25.274  -79.698  -8.263 0.4000000060
9953  -24.577  -80.728  -11.464 0.5000000000
14590  -27.301  -75.136  -5.104 0.5000000000
17671  -25.342  -72.414  -7.418 0.3000000119
19789  -25.263  -70.214  -8.934 0.2000000030
18714  -22.686  -71.557  -8.009 0.3000000119
17681  -21.819  -72.328  -8.843 0.4000000060
18738  -22.475  -70.899  -8.682 0.3000000119
19787  -23.464  -69.891  -9.001 0.3000000119
19785  -21.684  -70.697  -9.869 0.3000000119
19808  -21.578  -70.670  -10.802 0.3000000119
15749  -22.826  -74.083  -14.578 0.3000000119
17768  -21.878  -72.128  -13.266 0.3000000119
17767  -21.712  -71.545  -12.699 0.2000000030
17782  -22.240  -71.984  -14.857 0.3000000119
16799  -23.256  -74.088  -17.292 0.3000000119
14712  -23.753  -75.042  -18.358 0.4000000060
16813  -22.892  -72.921  -17.880 0.2000000030
16814  -23.151  -73.778  -17.867 0.3000000119
15806  -23.389  -74.292  -18.633 0.2000000030
18839  -22.657  -71.416  -16.830 0.2000000030
16829  -22.894  -72.529  -18.513 0.2000000030
19921  -24.397  -70.469  -17.735 0.1000000015
19905  -25.465  -70.425  -16.292 0.1000000015
11727  -26.629  -79.244  -5.644 0.4000000060
11715  -26.469  -78.281  -4.924 0.4000000060
10844  -25.823  -79.650  -6.765 0.5000000000
9923  -26.079  -80.985  -7.897 0.4000000060
9933  -24.728  -80.022  -9.841 0.5000000000
14574  -26.969  -75.827  -4.510 0.5000000000
16681  -26.973  -73.552  -7.390 0.4000000060
19766  -26.138  -71.265  -8.698 0.3000000119
20844  -25.833  -69.565  -9.144 0.2000000030
21940  -26.336  -68.759  -9.332 0.1000000015
20846  -27.464  -70.010  -9.512 0.1000000015
20841  -23.142  -69.192  -9.604 0.2000000030
23030  -24.456  -68.207  -9.709 0.2000000030
20864  -22.330  -69.471  -10.645 0.2000000030
20884  -22.615  -69.294  -11.175 0.2000000030
19863  -21.873  -70.531  -12.658 0.2000000030
19828  -22.031  -69.945  -11.382 0.2000000030
20886  -23.922  -68.706  -11.846 0.2000000030
18821  -22.319  -70.893  -15.033 0.2000000030
20922  -22.963  -69.685  -12.843 0.1000000015
19880  -22.511  -70.216  -14.559 0.2000000030
19891  -23.265  -69.772  -15.672 0.1000000015
19890  -22.759  -70.222  -15.679 0.1000000015
19903  -23.596  -69.950  -16.537 0.1000000015
19934  -23.484  -71.009  -18.674 0.1000000015
20966  -25.299  -69.899  -15.385 0.1000000015
18832  -26.736  -71.899  -15.683 0.1000000015
17796  -27.849  -73.123  -15.789 0.1000000015
8020  -26.196  -81.937  -7.468 0.3000000119
8918  -28.069  -81.090  -5.378 0.3000000119
8012  -26.962  -81.742  -6.204 0.3000000119
9901  -27.841  -80.896  -5.639 0.3000000119
8011  -26.473  -82.060  -6.820 0.3000000119
8940  -26.156  -81.426  -7.733 0.3000000119
9899  -26.764  -80.631  -6.676 0.3000000119
10846  -26.902  -80.424  -6.300 0.3000000119
9889  -27.855  -80.502  -5.524 0.3000000119
10831  -27.237  -80.061  -5.740 0.3000000119
9912  -26.347  -80.750  -7.322 0.3000000119
11728  -27.843  -79.381  -5.056 0.4000000060
15667  -28.561  -74.502  -7.635 0.4000000060
17702  -28.350  -72.527  -9.529 0.3000000119
18755  -29.038  -71.553  -10.134 0.3000000119
20866  -28.058  -69.831  -9.839 0.2000000030
23054  -28.228  -67.553  -10.116 0.1000000015
23053  -27.186  -67.146  -9.939 0.1000000015
23094  -24.585  -67.606  -11.361 0.2000000030
25110  -26.824  -66.043  -10.771 0.1000000015
24102  -25.539  -66.699  -11.491 0.2000000030
23095  -25.182  -67.308  -11.875 0.1000000015
21994  -24.513  -68.188  -11.867 0.1000000015
20901  -25.259  -69.186  -12.769 0.1000000015
20902  -25.790  -69.296  -12.837 0.1000000015
19881  -25.552  -69.865  -13.635 0.1000000015
19866  -25.865  -69.920  -13.564 0.1000000015
19883  -26.552  -70.597  -14.333 0.1000000015
18823  -26.905  -71.185  -14.563 0.1000000015
17785  -28.998  -72.794  -14.769 0.1000000015
7991  -28.002  -81.496  -4.838 0.2000000030
8907  -28.593  -81.021  -4.756 0.2000000030
8001  -26.556  -82.250  -5.918 0.2000000030
10820  -29.413  -79.807  -4.538 0.3000000119
13610  -30.369  -75.962  -5.931 0.3000000119
13590  -28.665  -76.743  -4.320 0.4000000060
14633  -29.954  -75.295  -9.092 0.3000000119
15698  -29.565  -74.408  -9.587 0.3000000119
20868  -29.608  -69.846  -10.711 0.1000000015
24083  -29.195  -66.360  -10.735 0.1000000015
24104  -30.008  -66.257  -10.943 0.1000000015
24082  -28.436  -66.535  -10.497 0.1000000015
25113  -28.486  -65.777  -10.844 0.1000000015
26203  -28.555  -64.558  -11.929 0.1000000015
24123  -26.575  -66.160  -12.197 0.1000000015
23096  -25.712  -67.623  -12.453 0.1000000015
23110  -26.315  -67.901  -12.881 0.1000000015
23111  -27.110  -67.706  -13.378 0.1000000015
19869  -27.738  -70.501  -14.170 0.1000000015
8896  -28.480  -81.311  -4.265 0.2000000030
9850  -29.709  -80.068  -2.705 0.2000000030
9851  -30.177  -80.232  -2.895 0.2000000030
8897  -29.419  -80.913  -4.139 0.3000000119
10791  -31.069  -80.100  -2.866 0.2000000030
14634  -30.544  -75.849  -8.617 0.3000000119
13630  -30.928  -76.103  -6.704 0.3000000119
13611  -31.105  -76.448  -5.480 0.3000000119
14661  -31.211  -75.619  -10.724 0.3000000119
13671  -31.921  -76.491  -9.504 0.3000000119
14662  -31.922  -76.123  -10.880 0.3000000119
21960  -29.798  -68.701  -10.855 0.1000000015
23076  -30.603  -67.455  -11.169 0.1000000015
24105  -30.952  -66.348  -11.203 0.1000000015
25139  -31.269  -65.334  -11.325 0.1000000015
26207  -32.350  -64.409  -11.704 0.1000000015
27296  -31.850  -63.639  -11.679 0.1000000015
28463  -33.609  -62.540  -12.395 0.1000000015
28462  -32.436  -62.548  -12.141 0.1000000015
27294  -30.210  -63.545  -11.874 0.1000000015
28438  -30.736  -62.866  -12.045 0.1000000015
28461  -31.314  -62.176  -12.521 0.1000000015
30754  -33.763  -60.839  -12.940 0.1000000015
30753  -32.862  -60.853  -13.202 0.1000000015
30767  -34.767  -60.434  -13.133 0.1000000015
31913  -35.686  -59.576  -13.702 0.1000000015
27312  -30.148  -63.043  -12.311 0.1000000015
28459  -29.892  -63.015  -12.836 0.1000000015
29635  -32.096  -61.158  -13.614 0.1000000015
28481  -30.721  -62.190  -13.158 0.1000000015
30765  -32.743  -60.523  -13.999 0.1000000015
31930  -33.873  -59.820  -14.515 0.1000000015
31932  -35.515  -59.020  -14.606 0.1000000015
26220  -28.431  -64.594  -12.827 0.1000000015
27329  -29.472  -63.560  -13.119 0.1000000015
25180  -28.219  -65.254  -13.320 0.1000000015
24138  -28.448  -66.065  -13.864 0.1000000015
23128  -28.805  -67.728  -14.160 0.1000000015
14533  -29.986  -75.757  -1.988 0.2000000030
12580  -31.329  -77.145  -2.103 0.2000000030
15580  -29.897  -75.108  -2.218 0.3000000119
12677  -33.054  -76.463  -6.671 0.3000000119
12626  -33.008  -77.021  -4.212 0.3000000119
13657  -33.075  -76.204  -9.268 0.3000000119
14610  -33.677  -75.627  -6.133 0.3000000119
14578  -33.859  -75.777  -4.488 0.3000000119
14611  -33.902  -76.190  -5.540 0.3000000119
14564  -33.576  -75.840  -3.783 0.3000000119
12609  -33.125  -77.026  -3.390 0.3000000119
13673  -33.053  -76.296  -10.124 0.3000000119
14673  -32.430  -75.647  -11.598 0.2000000030
14635  -33.285  -75.625  -8.768 0.3000000119
17727  -31.726  -72.673  -11.903 0.3000000119
19830  -30.889  -70.602  -11.312 0.2000000030
21977  -31.299  -68.546  -11.497 0.1000000015
21978  -32.140  -68.551  -11.811 0.2000000030
28502  -30.822  -62.443  -13.992 0.1000000015
29667  -31.966  -61.693  -14.834 0.1000000015
31950  -34.092  -59.793  -15.208 0.1000000015
28518  -32.166  -62.358  -15.294 0.1000000015
27364  -31.720  -63.240  -15.183 0.1000000015
26260  -30.116  -64.571  -14.324 0.1000000015
25203  -30.666  -65.552  -14.549 0.1000000015
24158  -30.190  -66.574  -14.437 0.1000000015
22029  -30.157  -68.691  -14.521 0.1000000015
15602  -29.395  -74.496  -2.379 0.3000000119
15579  -29.416  -75.202  -2.093 0.3000000119
16616  -29.983  -74.011  -2.766 0.3000000119
16629  -30.761  -74.229  -3.210 0.3000000119
15606  -32.382  -75.204  -3.330 0.3000000119
16630  -31.269  -74.513  -3.321 0.3000000119
15656  -33.434  -75.196  -6.438 0.3000000119
15626  -32.610  -74.900  -4.720 0.3000000119
15639  -32.763  -74.850  -5.678 0.3000000119
15625  -31.622  -74.480  -4.221 0.3000000119
15685  -33.124  -74.708  -8.246 0.3000000119
16698  -33.160  -73.979  -9.029 0.2000000030
15670  -32.525  -74.336  -7.344 0.3000000119
18794  -32.718  -71.662  -12.492 0.2000000030
14550  -27.120  -75.142  -1.912 0.1000000015
16614  -27.770  -73.338  -2.703 0.2000000030
16638  -31.235  -74.382  -3.627 0.3000000119
16683  -31.636  -73.493  -7.530 0.3000000119
16713  -32.903  -73.296  -9.138 0.2000000030
16714  -33.282  -73.540  -9.653 0.2000000030
15726  -33.972  -75.138  -12.154 0.1000000015
16726  -33.599  -73.940  -10.493 0.1000000015
17610  -27.136  -72.284  -3.025 0.3000000119
16669  -30.282  -73.113  -6.496 0.3000000119
17686  -30.873  -72.175  -7.908 0.2000000030
18722  -31.691  -72.124  -8.577 0.2000000030
17704  -32.512  -72.768  -8.968 0.2000000030
17705  -32.894  -72.585  -9.453 0.1000000015
18742  -31.537  -71.027  -8.741 0.1000000015
17730  -34.624  -73.201  -11.515 0.1000000015
18653  -28.056  -71.533  -3.879 0.3000000119
17646  -29.227  -72.232  -5.856 0.3000000119
18705  -29.512  -71.484  -6.992 0.2000000030
21899  -30.118  -69.197  -8.170 0.1000000015
21917  -31.487  -68.498  -8.965 0.1000000015
20773  -27.505  -69.855  -5.180 0.2000000030
19739  -28.648  -70.759  -6.331 0.2000000030
21897  -28.737  -68.654  -7.239 0.1000000015
23036  -32.689  -67.891  -9.187 0.1000000015
10006  -30.040  -80.264  -14.641 0.3000000119
9041  -28.079  -81.478  -15.510 0.3000000119
9042  -29.142  -81.414  -15.363 0.3000000119
8171  -23.920  -82.519  -19.298 0.2000000030
7347  -22.974  -83.637  -19.612 0.2000000030
9039  -25.931  -81.273  -15.945 0.4000000060
9068  -25.550  -82.013  -17.436 0.3000000119
9043  -29.911  -81.140  -15.165 0.4000000060
9052  -26.615  -81.615  -16.615 0.3000000119
8134  -24.593  -82.577  -17.760 0.3000000119
10017  -30.415  -80.221  -15.376 0.4000000060
9054  -28.875  -81.635  -16.434 0.4000000060
8152  -25.310  -82.233  -18.331 0.3000000119
9056  -30.401  -80.729  -15.828 0.4000000060
9055  -29.904  -81.310  -16.190 0.4000000060
8154  -26.614  -81.842  -17.886 0.4000000060
10973  -30.409  -79.753  -15.847 0.4000000060
9069  -27.622  -81.692  -17.633 0.4000000060
8173  -25.658  -81.788  -18.567 0.3000000119
9108  -24.428  -81.374  -19.102 0.3000000119
9072  -30.599  -80.708  -17.103 0.4000000060
9070  -28.525  -81.593  -17.484 0.4000000060
9090  -26.972  -81.639  -18.167 0.3000000119
11874  -29.542  -78.959  -16.858 0.4000000060
9092  -29.168  -81.152  -18.425 0.4000000060
9110  -26.365  -81.328  -18.688 0.3000000119
11873  -28.554  -78.862  -16.535 0.4000000060
10044  -30.959  -80.021  -17.255 0.4000000060
9111  -27.413  -81.094  -18.919 0.4000000060
11882  -29.753  -78.764  -17.769 0.4000000060
10070  -26.816  -80.610  -19.477 0.3000000119
11881  -28.757  -78.677  -17.510 0.4000000060
10058  -30.937  -80.065  -18.347 0.4000000060
9093  -30.276  -80.772  -18.566 0.4000000060
9112  -28.480  -80.999  -19.369 0.4000000060
11883  -30.487  -78.939  -17.993 0.4000000060
11016  -31.023  -79.599  -19.363 0.4000000060
9114  -30.330  -80.668  -19.499 0.4000000060
9113  -29.743  -80.918  -19.654 0.4000000060
10083  -27.026  -80.450  -20.521 0.3000000119
11889  -30.080  -78.566  -18.552 0.4000000060
10073  -30.349  -80.730  -19.835 0.4000000060
9127  -28.831  -80.947  -20.425 0.4000000060
10072  -28.251  -80.834  -20.206 0.3000000119
10092  -26.013  -80.294  -21.354 0.2000000030
11888  -29.044  -78.311  -18.443 0.3000000119
11890  -30.838  -78.921  -18.610 0.4000000060
11902  -30.645  -78.824  -19.902 0.4000000060
10087  -30.611  -80.129  -20.503 0.4000000060
9128  -29.471  -80.879  -20.624 0.4000000060
10093  -27.197  -80.920  -21.653 0.2000000030
11046  -24.255  -79.968  -22.228 0.3000000119
12771  -28.228  -77.871  -18.899 0.3000000119
12772  -28.947  -77.918  -18.990 0.3000000119
11892  -29.574  -78.106  -19.141 0.3000000119
9137  -28.789  -81.036  -21.362 0.3000000119
10104  -26.309  -81.133  -22.375 0.2000000030
9136  -27.931  -81.299  -21.936 0.2000000030
10103  -25.030  -80.864  -22.653 0.2000000030
11045  -23.410  -79.702  -22.570 0.2000000030
12779  -27.036  -77.237  -19.322 0.3000000119
12781  -28.847  -77.734  -19.530 0.3000000119
11037  -30.661  -79.812  -20.553 0.4000000060
9146  -27.736  -81.426  -22.674 0.1000000015
13752  -27.098  -77.060  -19.627 0.3000000119
12789  -28.652  -77.527  -20.473 0.3000000119
11911  -30.076  -78.790  -20.678 0.2000000030
9148  -29.292  -80.873  -21.951 0.2000000030
9143  -25.074  -81.427  -23.506 0.1000000015
11056  -22.948  -79.876  -23.439 0.2000000030
11918  -29.161  -77.980  -21.579 0.2000000030
11919  -29.651  -78.620  -21.793 0.2000000030
10106  -29.565  -80.400  -22.543 0.1000000015
9155  -27.499  -81.362  -23.361 0.1000000015
9152  -24.881  -81.323  -24.075 0.1000000015
10110  -24.295  -81.166  -23.633 0.1000000015
13751  -26.480  -76.873  -19.387 0.2000000030
12788  -27.822  -77.075  -20.510 0.3000000119
14721  -24.851  -75.444  -19.953 0.2000000030
13760  -26.483  -76.138  -20.569 0.1000000015
13761  -27.187  -76.806  -20.119 0.3000000119
12797  -28.750  -77.605  -21.368 0.2000000030
11047  -29.979  -79.613  -22.224 0.1000000015
10112  -27.373  -81.035  -23.946 0.1000000015
9163  -24.927  -81.029  -24.332 0.1000000015
10121  -24.292  -80.731  -24.291 0.1000000015
13759  -25.793  -75.761  -20.427 0.2000000030
13768  -27.405  -76.671  -21.078 0.2000000030
12796  -28.122  -77.164  -21.252 0.2000000030
12805  -28.894  -77.657  -22.098 0.1000000015
10114  -29.021  -80.624  -23.441 0.1000000015
10126  -28.628  -80.514  -23.932 0.1000000015
10111  -26.687  -81.034  -24.140 0.1000000015
11065  -23.843  -79.834  -24.419 0.1000000015
11941  -23.435  -78.921  -24.668 0.1000000015
13767  -26.988  -76.138  -21.688 0.1000000015
12804  -28.399  -77.278  -21.762 0.2000000030
12806  -29.548  -78.126  -22.546 0.1000000015
11929  -29.930  -78.820  -22.852 0.1000000015
11070  -29.218  -79.869  -24.323 0.1000000015
10124  -27.210  -80.482  -24.252 0.1000000015
11067  -25.799  -79.718  -24.310 0.1000000015
11955  -22.284  -78.809  -25.443 0.1000000015
11069  -27.990  -79.746  -24.499 0.1000000015
13801  -24.442  -77.339  -24.750 0.1000000015
12844  -23.586  -77.777  -25.490 0.1000000015
11945  -27.571  -78.790  -24.433 0.1000000015
17750  -33.814  -72.893  -13.261 0.2000000030
14720  -24.342  -75.036  -19.707 0.2000000030
14728  -25.292  -75.297  -20.553 0.1000000015
14737  -26.374  -75.683  -21.427 0.1000000015
13778  -28.801  -77.149  -22.536 0.1000000015
13776  -27.217  -76.078  -22.248 0.1000000015
12813  -29.265  -77.522  -22.690 0.1000000015
11930  -30.581  -78.704  -23.750 0.1000000015
12825  -23.968  -78.021  -24.700 0.1000000015
11942  -24.325  -78.855  -24.453 0.1000000015
11068  -26.885  -79.711  -24.331 0.1000000015
11058  -30.120  -79.413  -24.144 0.1000000015
9053  -27.580  -81.751  -16.734 0.3000000119
8151  -24.565  -82.546  -18.620 0.3000000119
8136  -26.310  -81.906  -17.696 0.3000000119
8137  -26.929  -81.788  -17.494 0.3000000119
8172  -24.927  -82.013  -18.830 0.3000000119
9071  -29.654  -81.301  -17.362 0.4000000060
10989  -30.694  -79.641  -16.791 0.4000000060
9091  -28.040  -81.353  -18.290 0.4000000060
11875  -30.383  -79.106  -17.228 0.4000000060
11028  -30.970  -79.763  -20.070 0.4000000060
10094  -28.091  -81.006  -21.250 0.2000000030
10096  -30.051  -80.276  -21.365 0.2000000030
10102  -23.753  -80.582  -23.050 0.2000000030
12780  -27.733  -77.325  -19.627 0.3000000119
11901  -29.767  -78.085  -20.024 0.3000000119
9147  -28.513  -81.213  -22.319 0.2000000030
9144  -25.853  -81.594  -23.147 0.1000000015
11036  -30.253  -79.562  -21.112 0.4000000060
11910  -29.359  -78.078  -20.995 0.2000000030
9157  -29.003  -81.000  -22.715 0.1000000015
11064  -23.053  -79.855  -24.264 0.1000000015
9154  -26.554  -81.399  -23.671 0.1000000015
10122  -25.215  -80.572  -24.367 0.1000000015
14729  -25.957  -75.579  -20.896 0.1000000015
13777  -27.967  -76.665  -22.256 0.1000000015
11057  -29.805  -79.673  -23.354 0.1000000015
10125  -28.112  -80.500  -24.184 0.1000000015
11956  -23.154  -78.404  -25.217 0.1000000015
11967  -23.261  -78.139  -26.139 0.1000000015
12814  -29.998  -77.843  -23.158 0.1000000015
13787  -28.320  -76.263  -22.986 0.1000000015
7231  -24.925  -83.711  -12.782 0.3000000119
7242  -24.947  -83.388  -13.476 0.2000000030
6489  -23.866  -84.381  -13.958 0.3000000119
7252  -24.691  -82.893  -14.165 0.2000000030
7223  -25.345  -83.201  -12.577 0.2000000030
7232  -25.538  -83.166  -13.045 0.3000000119
6490  -24.245  -83.743  -14.048 0.2000000030
8053  -26.178  -82.262  -12.620 0.4000000060
7243  -25.518  -82.874  -13.458 0.2000000030
7263  -24.222  -82.682  -14.892 0.2000000030
6497  -23.807  -84.176  -14.990 0.1000000015
7262  -24.004  -83.131  -15.403 0.2000000030
6511  -23.553  -84.584  -16.253 0.1000000015
8075  -26.803  -81.962  -13.548 0.3000000119
5685  -23.268  -85.099  -15.331 0.1000000015
8102  -24.140  -82.125  -15.726 0.2000000030
6528  -23.419  -84.869  -17.394 0.1000000015
7297  -23.610  -83.759  -17.163 0.1000000015
5731  -22.234  -85.823  -18.252 0.1000000015
7308  -23.451  -84.055  -18.142 0.1000000015
5746  -22.101  -85.593  -18.849 0.1000000015
6541  -23.077  -84.969  -18.428 0.1000000015
8066  -27.229  -81.742  -13.311 0.3000000119
9016  -25.127  -81.470  -15.165 0.2000000030
8101  -23.830  -82.856  -15.980 0.2000000030
8120  -23.873  -82.765  -16.757 0.2000000030
6551  -22.842  -84.774  -19.013 0.1000000015
4967  -21.092  -86.262  -19.179 0.1000000015
8991  -28.415  -81.040  -13.465 0.2000000030
8999  -27.333  -81.736  -13.627 0.3000000119
8133  -23.870  -83.036  -17.461 0.2000000030
7326  -23.290  -84.135  -19.037 0.1000000015
5759  -21.528  -85.693  -19.324 0.1000000015
5760  -22.141  -85.278  -19.238 0.1000000015
9018  -27.297  -81.496  -14.361 0.3000000119
9038  -24.969  -81.518  -16.357 0.3000000119
10935  -28.746  -80.238  -13.319 0.2000000030
7309  -23.890  -83.237  -18.656 0.2000000030
6567  -21.296  -84.739  -19.856 0.1000000015
6568  -22.239  -84.693  -19.526 0.1000000015
8187  -23.411  -83.193  -19.540 0.1000000015
6566  -20.287  -84.667  -20.222 0.1000000015
9002  -29.410  -80.946  -13.865 0.2000000030
8185  -22.451  -82.555  -19.861 0.1000000015
8186  -23.250  -82.860  -19.689 0.1000000015
7345  -20.820  -83.639  -20.123 0.1000000015
7346  -21.910  -83.672  -19.876 0.1000000015
9989  -29.507  -80.539  -13.835 0.2000000030
8170  -23.079  -82.140  -19.667 0.1000000015
8169  -22.625  -81.994  -19.791 0.1000000015
9107  -23.469  -81.396  -19.385 0.1000000015
7343  -18.813  -83.513  -20.747 0.1000000015
8183  -20.181  -82.527  -20.326 0.1000000015
8184  -21.314  -82.572  -20.115 0.1000000015
9106  -22.488  -81.359  -19.620 0.1000000015
9109  -25.372  -81.265  -18.909 0.3000000119
9124  -20.590  -81.462  -20.225 0.1000000015
8990  -27.501  -81.342  -13.162 0.3000000119
8064  -25.907  -82.688  -12.792 0.3000000119
8074  -26.099  -82.600  -13.270 0.2000000030
9017  -26.219  -81.354  -14.793 0.3000000119
8121  -24.437  -82.092  -16.817 0.2000000030
8084  -25.616  -82.140  -13.988 0.2000000030
8085  -26.512  -81.733  -14.114 0.3000000119
7298  -23.816  -83.301  -17.901 0.1000000015
7344  -19.766  -83.560  -20.402 0.1000000015
9125  -21.719  -81.507  -19.896 0.1000000015
6565  -19.376  -84.521  -20.616 0.1000000015
11020  -20.233  -79.228  -20.651 0.1000000015
11032  -19.559  -78.927  -21.543 0.1000000015
11896  -20.425  -78.765  -20.947 0.2000000030
11042  -18.794  -79.726  -22.676 0.1000000015
11012  -23.348  -79.695  -19.723 0.2000000030
11022  -22.009  -79.137  -20.227 0.2000000030
11043  -19.163  -78.921  -22.511 0.2000000030
11898  -21.574  -78.665  -20.784 0.1000000015
11052  -18.692  -79.588  -23.732 0.1000000015
11913  -19.903  -78.298  -22.464 0.2000000030
11907  -21.993  -78.426  -21.499 0.1000000015
10067  -23.895  -80.489  -19.342 0.2000000030
11023  -22.801  -79.166  -20.262 0.1000000015
11925  -19.469  -78.459  -23.585 0.1000000015
11914  -20.843  -78.108  -22.392 0.1000000015
10068  -24.867  -80.502  -19.254 0.2000000030
11013  -24.327  -79.775  -19.709 0.2000000030
11900  -22.965  -78.903  -20.836 0.1000000015
11915  -21.654  -78.284  -22.306 0.1000000015
11024  -23.737  -79.246  -20.589 0.1000000015
11908  -22.679  -78.727  -21.445 0.1000000015
10069  -25.836  -80.515  -19.364 0.2000000030
11014  -25.227  -79.939  -19.729 0.2000000030
11025  -24.795  -79.572  -20.402 0.2000000030
11044  -22.806  -79.284  -22.739 0.1000000015
11909  -23.250  -78.983  -21.294 0.1000000015
10082  -26.256  -80.122  -20.090 0.2000000030
11033  -23.737  -79.320  -21.685 0.1000000015
11927  -21.459  -78.402  -23.193 0.1000000015
10066  -22.911  -80.467  -19.484 0.1000000015
11010  -21.785  -79.649  -19.917 0.1000000015
7222  -24.847  -83.655  -11.968 0.2000000030
6482  -24.308  -84.210  -13.270 0.1000000015
7182  -25.767  -82.885  -5.733 0.1000000015
13550  -29.748  -76.491  -1.699 0.1000000015
9863  -28.132  -80.652  -3.211 0.1000000015
8895  -27.646  -81.540  -4.257 0.1000000015
11688  -30.336  -78.871  -2.399 0.1000000015
8883  -28.417  -81.215  -3.635 0.1000000015
14532  -29.017  -75.648  -1.667 0.2000000030
12578  -29.457  -77.201  -1.673 0.1000000015
10806  -27.690  -79.475  -3.025 0.1000000015
12592  -30.035  -77.968  -2.146 0.1000000015
11687  -29.353  -78.620  -2.387 0.1000000015
10788  -29.622  -79.452  -2.550 0.1000000015
10807  -28.902  -79.997  -2.812 0.1000000015
7194  -25.746  -82.790  -6.627 0.1000000015
9864  -29.139  -80.619  -3.012 0.1000000015
14551  -28.108  -75.048  -2.015 0.2000000030
8882  -27.436  -81.271  -3.823 0.1000000015
6467  -24.174  -84.520  -11.553 0.1000000015
6474  -24.376  -84.378  -12.411 0.1000000015
19695  -26.470  -70.438  -3.584 0.1000000015
18650  -26.167  -71.284  -3.245 0.1000000015
17609  -26.019  -72.299  -3.066 0.1000000015
15599  -26.145  -74.461  -2.367 0.1000000015
18636  -26.809  -71.581  -3.160 0.1000000015
18635  -26.544  -71.839  -3.087 0.1000000015
19692  -24.357  -70.249  -3.403 0.1000000015
18633  -23.976  -71.262  -3.215 0.1000000015
15597  -23.973  -74.263  -2.101 0.1000000015
19694  -25.797  -70.376  -3.493 0.1000000015
18649  -25.277  -71.092  -3.374 0.1000000015
17608  -24.733  -72.244  -3.143 0.1000000015
16611  -24.197  -73.460  -2.679 0.1000000015
15577  -24.375  -75.109  -1.343 0.1000000015
20750  -26.178  -69.643  -3.852 0.1000000015
17606  -22.559  -71.859  -2.301 0.1000000015
20747  -24.087  -69.377  -3.343 0.1000000015
19678  -23.535  -70.249  -3.176 0.1000000015
18632  -22.899  -71.133  -2.751 0.1000000015
17607  -23.235  -72.447  -2.595 0.1000000015
20749  -25.569  -69.569  -3.648 0.1000000015
15576  -23.497  -74.294  -1.453 0.1000000015
21850  -26.630  -69.219  -4.613 0.1000000015
21861  -26.883  -68.887  -5.240 0.1000000015
20732  -22.598  -69.228  -2.751 0.1000000015
19677  -22.814  -70.076  -2.808 0.1000000015
21826  -23.829  -68.479  -3.313 0.1000000015
21827  -24.637  -68.537  -3.521 0.1000000015
21849  -26.181  -68.752  -4.480 0.1000000015
20791  -28.073  -69.893  -6.158 0.1000000015
19847  -33.123  -70.713  -12.414 0.1000000015
21997  -32.946  -68.631  -12.114 0.1000000015
22937  -25.769  -67.740  -4.654 0.1000000015
21878  -27.470  -68.770  -6.030 0.1000000015
20808  -28.453  -69.247  -6.838 0.1000000015
16750  -33.989  -73.988  -13.360 0.1000000015
20889  -31.893  -69.590  -11.679 0.1000000015
18796  -33.966  -71.975  -13.173 0.1000000015
23098  -33.858  -67.487  -12.226 0.1000000015
23097  -33.218  -67.869  -12.147 0.1000000015
20733  -23.306  -69.309  -3.097 0.1000000015
19676  -22.269  -69.901  -2.498 0.1000000015
18621  -22.203  -71.275  -2.098 0.1000000015
23078  -32.473  -67.493  -11.956 0.1000000015
20763  -26.974  -69.747  -4.481 0.1000000015
20903  -32.669  -69.626  -12.039 0.1000000015
17625  -25.045  -71.635  -3.296 0.1000000015
16612  -25.418  -73.411  -2.847 0.1000000015
15578  -25.443  -75.079  -1.911 0.1000000015
15598  -24.867  -74.416  -2.399 0.1000000015
21829  -25.868  -69.141  -3.951 0.1000000015
21828  -25.520  -68.624  -3.917 0.1000000015
20904  -33.469  -69.680  -12.380 0.1000000015
15817  -23.961  -74.597  -19.756 0.1000000015
15823  -24.224  -74.376  -20.456 0.1000000015
16842  -23.437  -73.409  -19.976 0.1000000015
6466  -22.532  -85.016  -11.002 0.1000000015
5647  -22.712  -85.247  -11.445 0.1000000015
5658  -23.212  -85.222  -12.418 0.1000000015
6455  -22.444  -84.588  -10.666 0.1000000015
6465  -22.091  -85.026  -11.322 0.1000000015
5646  -21.889  -85.280  -11.926 0.1000000015
5632  -22.945  -85.163  -11.019 0.1000000015
7215  -22.506  -83.953  -9.973 0.1000000015
6438  -23.019  -84.387  -9.566 0.1000000015
6456  -23.030  -84.898  -10.637 0.1000000015
8041  -22.131  -83.379  -10.229 0.1000000015
8028  -22.414  -83.295  -9.516 0.1000000015
7205  -22.771  -83.887  -9.084 0.1000000015
8951  -22.364  -82.525  -9.201 0.1000000015
8018  -22.679  -83.229  -8.718 0.1000000015
11606  -20.383  -78.667  2.695 0.1000000015
11607  -21.192  -78.107  2.813 0.1000000015
13544  -19.036  -76.755  -1.325 0.1000000015
13561  -19.109  -76.572  -2.309 0.1000000015
13572  -19.393  -76.426  -3.340 0.1000000015
13604  -19.451  -76.542  -5.191 0.1000000015
5648  -23.492  -85.053  -11.509 0.1000000015
13625  -19.171  -76.700  -6.151 0.1000000015
13626  -19.974  -76.782  -5.954 0.1000000015
8965  -22.099  -82.640  -9.999 0.1000000015
8950  -22.112  -81.909  -9.613 0.1000000015
6481  -23.745  -84.706  -13.466 0.1000000015
12686  -19.628  -77.608  -8.348 0.1000000015
11764  -20.413  -78.205  -8.470 0.1000000015
10865  -20.948  -79.152  -9.159 0.1000000015
9931  -21.925  -80.911  -9.408 0.1000000015
9921  -22.371  -81.275  -8.248 0.1000000015
8938  -22.601  -82.348  -8.436 0.1000000015
12685  -18.653  -77.374  -8.248 0.1000000015
10876  -20.629  -79.358  -10.072 0.1000000015
9920  -22.020  -80.440  -8.295 0.1000000015
9909  -22.193  -80.597  -7.773 0.1000000015
12509  -20.631  -77.747  2.222 0.1000000015
12529  -20.027  -77.446  1.457 0.1000000015
13526  -19.663  -76.621  -0.608 0.1000000015
6439  -23.678  -84.475  -9.659 0.1000000015
5633  -23.180  -85.098  -11.031 0.1000000015
13545  -19.773  -76.401  -1.562 0.1000000015
13583  -19.809  -76.381  -4.280 0.1000000015
13562  -19.960  -76.293  -2.518 0.1000000015
6473  -23.836  -84.805  -12.814 0.1000000015
11751  -20.724  -77.976  -7.355 0.1000000015
11765  -21.265  -79.061  -8.282 0.1000000015
10866  -21.578  -79.845  -8.722 0.1000000015
8926  -22.839  -82.087  -7.623 0.1000000015
11739  -21.249  -78.326  -6.570 0.1000000015
10854  -21.871  -79.769  -7.346 0.1000000015
9910  -22.475  -81.015  -7.258 0.1000000015
12495  -22.052  -78.081  3.031 0.1000000015
12496  -22.675  -78.150  3.069 0.1000000015
11576  -23.506  -79.238  4.084 0.1000000015
12547  -20.358  -76.964  0.733 0.1000000015
12530  -21.055  -77.249  1.468 0.1000000015
6421  -23.121  -84.136  -8.675 0.1000000015
13503  -20.483  -76.641  -0.060 0.1000000015
7198  -22.955  -83.880  -8.281 0.1000000015
6457  -23.769  -84.724  -10.680 0.1000000015
13527  -20.495  -76.458  -0.914 0.1000000015
13573  -20.265  -76.347  -3.427 0.1000000015
13606  -21.064  -77.050  -4.973 0.1000000015
11738  -20.807  -77.893  -6.890 0.1000000015
12637  -20.687  -77.152  -5.785 0.1000000015
12638  -21.257  -77.755  -5.598 0.1000000015
10842  -21.938  -79.320  -6.024 0.1000000015
10855  -22.331  -80.483  -6.795 0.1000000015
11608  -23.158  -78.262  3.070 0.1000000015
6422  -23.583  -84.225  -8.456 0.1000000015
12510  -21.662  -77.646  2.256 0.1000000015
12511  -22.824  -77.914  2.322 0.1000000015
11593  -23.687  -78.661  3.492 0.1000000015
10705  -24.867  -79.364  4.019 0.1000000015
8009  -23.328  -83.425  -7.238 0.1000000015
7199  -23.206  -84.114  -8.246 0.1000000015
12548  -21.440  -77.016  0.432 0.1000000015
12531  -22.191  -77.485  1.340 0.1000000015
8008  -22.989  -83.238  -7.882 0.1000000015
13504  -21.143  -76.700  -0.422 0.1000000015
9898  -22.712  -81.009  -6.448 0.1000000015
13546  -20.629  -76.380  -1.812 0.1000000015
10828  -22.048  -79.232  -5.518 0.1000000015
13574  -21.051  -76.620  -3.458 0.1000000015
13585  -21.381  -77.062  -4.112 0.1000000015
12618  -21.648  -77.737  -4.726 0.1000000015
11609  -23.860  -78.445  2.550 0.1000000015
7999  -23.159  -82.780  -7.183 0.1000000015
10843  -22.312  -80.189  -6.233 0.1000000015
12604  -21.953  -77.729  -3.792 0.1000000015
13528  -21.296  -76.688  -1.190 0.1000000015
13563  -20.797  -76.437  -2.690 0.1000000015
13575  -21.602  -77.085  -3.370 0.1000000015
8916  -23.402  -82.334  -6.103 0.1000000015
7165  -23.861  -83.504  -6.243 0.1000000015
8903  -23.172  -81.621  -6.086 0.1000000015
10829  -22.395  -79.605  -5.293 0.1000000015
9887  -22.986  -80.809  -5.714 0.1000000015
11712  -22.065  -78.296  -4.481 0.1000000015
11725  -22.202  -79.103  -5.039 0.1000000015
12561  -21.887  -77.145  -0.529 0.1000000015
12586  -22.049  -77.441  -2.633 0.1000000015
12605  -22.450  -78.171  -3.258 0.1000000015
13547  -21.436  -76.706  -2.100 0.1000000015
7986  -23.776  -82.906  -5.806 0.1000000015
7987  -24.294  -82.641  -5.282 0.1000000015
9873  -23.134  -80.338  -5.116 0.1000000015
9888  -23.490  -81.027  -5.304 0.1000000015
12532  -23.263  -77.991  1.140 0.1000000015
11699  -22.756  -78.722  -3.801 0.1000000015
10816  -23.129  -79.533  -4.406 0.1000000015
11698  -22.350  -78.364  -3.988 0.1000000015
12572  -22.021  -77.226  -1.496 0.1000000015
7973  -24.929  -82.636  -4.816 0.1000000015
8891  -23.822  -81.386  -5.174 0.1000000015
10802  -23.598  -79.200  -3.676 0.1000000015
9874  -23.769  -80.702  -4.837 0.1000000015
12512  -23.574  -78.197  1.863 0.1000000015
12587  -22.595  -78.141  -2.500 0.1000000015
8893  -25.609  -81.722  -4.454 0.1000000015
12549  -22.725  -77.709  0.238 0.1000000015
9727  -26.595  -80.294  5.226 0.1000000015
9744  -26.152  -80.231  4.546 0.1000000015
10706  -25.651  -79.688  3.594 0.1000000015
10686  -25.276  -79.842  4.433 0.1000000015
12560  -19.309  -76.999  -0.119 0.1000000015
13605  -20.289  -76.645  -5.099 0.1000000015
12654  -19.704  -76.916  -6.539 0.1000000015
12655  -20.422  -77.405  -6.730 0.1000000015
12687  -20.071  -77.759  -8.216 0.1000000015
10877  -21.224  -79.967  -9.815 0.1000000015
8964  -21.708  -81.846  -10.393 0.1000000015
11724  -21.909  -78.708  -5.308 0.1000000015
8000  -23.451  -83.024  -6.562 0.1000000015
8915  -23.084  -81.976  -6.743 0.1000000015
8904  -23.706  -81.898  -5.519 0.1000000015
8905  -24.119  -82.179  -5.259 0.1000000015
3168  -18.005  -89.626  -27.105 0.1000000015
2631  -17.553  -90.268  -26.791 0.1000000015
4356  -19.725  -87.786  -29.845 0.1000000015
4355  -18.545  -87.659  -29.554 0.1000000015
5060  -19.905  -86.797  -28.129 0.1000000015
4336  -19.126  -87.238  -28.736 0.1000000015
3750  -17.895  -88.554  -27.752 0.1000000015
4357  -20.786  -87.656  -29.618 0.1000000015
3774  -20.991  -88.160  -30.691 0.1000000015
4375  -21.690  -87.645  -30.573 0.1000000015
3154  -18.461  -89.316  -26.509 0.1000000015
3153  -17.920  -89.936  -26.256 0.1000000015
2616  -17.388  -90.399  -25.740 0.1000000015
3155  -18.781  -88.978  -26.613 0.1000000015
4318  -19.098  -87.793  -27.472 0.1000000015
4317  -18.505  -88.038  -27.681 0.1000000015
3169  -18.611  -89.070  -26.921 0.1000000015
2623  -17.376  -90.484  -26.330 0.1000000015
5075  -20.003  -87.085  -29.127 0.1000000015
4335  -18.111  -87.897  -28.260 0.1000000015
4337  -21.009  -87.348  -29.278 0.1000000015
4358  -21.763  -87.806  -29.897 0.1000000015
4376  -22.596  -87.307  -30.298 0.1000000015
3683  -16.210  -88.977  -21.942 0.1000000015
3113  -15.748  -89.602  -23.584 0.1000000015
4278  -16.404  -87.874  -23.235 0.1000000015
3126  -18.083  -89.219  -25.313 0.1000000015
3125  -17.335  -89.562  -24.867 0.1000000015
3124  -16.390  -89.542  -24.272 0.1000000015
3709  -16.242  -88.710  -23.779 0.1000000015
3723  -18.597  -88.721  -25.453 0.1000000015
2607  -16.489  -90.448  -24.714 0.1000000015
3724  -19.309  -88.321  -25.876 0.1000000015
2615  -16.859  -90.738  -25.340 0.1000000015
4304  -19.878  -87.778  -26.536 0.1000000015
3730  -19.112  -88.528  -26.634 0.1000000015
4338  -21.416  -87.350  -29.236 0.1000000015
4270  -16.744  -88.277  -22.246 0.1000000015
3697  -15.953  -89.089  -22.782 0.1000000015
3710  -16.963  -88.584  -24.505 0.1000000015
3711  -18.095  -88.534  -24.955 0.1000000015
4319  -20.166  -87.159  -27.189 0.1000000015
5061  -20.977  -86.622  -27.648 0.1000000015
5077  -21.696  -86.857  -28.512 0.1000000015
4339  -22.240  -87.303  -29.076 0.1000000015
3696  -15.493  -89.420  -22.582 0.1000000015
3712  -18.990  -88.124  -25.278 0.1000000015
3682  -15.354  -89.180  -22.213 0.1000000015
5014  -20.599  -86.524  -24.948 0.1000000015
6626  -20.751  -85.359  -25.036 0.1000000015
6637  -20.669  -84.728  -25.266 0.1000000015
4285  -16.588  -87.447  -24.177 0.1000000015
4286  -17.626  -87.547  -24.641 0.1000000015
5012  -18.325  -86.578  -24.686 0.1000000015
5013  -19.538  -86.609  -24.736 0.1000000015
5811  -20.163  -85.805  -24.662 0.1000000015
5809  -17.826  -85.595  -24.601 0.1000000015
5011  -17.209  -86.502  -24.550 0.1000000015
6624  -18.398  -84.676  -24.487 0.1000000015
4287  -18.805  -87.508  -24.870 0.1000000015
6627  -21.220  -85.628  -25.171 0.1000000015
5810  -19.020  -85.661  -24.578 0.1000000015
2092  -16.458  -90.912  -25.104 0.1000000015
2608  -17.236  -90.278  -25.173 0.1000000015
3139  -17.784  -89.824  -25.499 0.1000000015
3140  -18.449  -89.211  -25.867 0.1000000015
3141  -18.832  -88.908  -26.294 0.1000000015
3170  -18.859  -88.849  -26.798 0.1000000015
3738  -18.375  -88.609  -27.457 0.1000000015
3739  -18.857  -88.645  -27.051 0.1000000015
3749  -17.252  -88.750  -27.978 0.1000000015
4289  -20.786  -86.875  -25.228 0.1000000015
4295  -20.330  -87.548  -25.918 0.1000000015
5076  -20.790  -86.981  -28.914 0.1000000015
5085  -20.242  -87.462  -29.471 0.1000000015
5086  -20.455  -87.283  -29.294 0.1000000015
5645  -21.631  -85.175  -12.090 0.1000000015
5732  -22.597  -85.506  -18.436 0.1000000015
5745  -21.737  -85.773  -18.969 0.1000000015
5747  -22.630  -85.207  -18.827 0.1000000015
5812  -20.953  -85.928  -24.920 0.1000000015
5813  -21.482  -85.885  -25.210 0.1000000015
6424  -24.752  -83.892  -8.445 0.1000000015
6498  -24.186  -83.350  -14.694 0.2000000030
6550  -22.489  -85.031  -19.178 0.1000000015
6569  -22.793  -84.475  -19.326 0.1000000015
7191  -23.056  -83.788  -7.958 0.1000000015
7192  -23.292  -83.929  -7.772 0.1000000015
7253  -25.219  -82.862  -13.732 0.2000000030
7281  -23.744  -83.567  -16.092 0.2000000030
7327  -23.488  -83.376  -19.362 0.1000000015
7348  -23.275  -83.375  -19.534 0.1000000015
7990  -27.267  -81.905  -5.192 0.2000000030
8076  -27.325  -81.787  -13.396 0.3000000119
8083  -24.612  -82.105  -14.675 0.2000000030
8122  -25.969  -81.960  -17.445 0.3000000119
8123  -26.441  -81.840  -17.228 0.3000000119
8124  -26.907  -81.800  -17.043 0.3000000119
8135  -25.623  -82.155  -17.810 0.3000000119
8153  -26.200  -81.887  -18.190 0.4000000060
8884  -29.276  -81.014  -3.630 0.2000000030
8885  -29.851  -80.781  -3.648 0.3000000119
8898  -30.067  -80.532  -3.996 0.3000000119
8927  -26.574  -81.451  -7.184 0.3000000119
8992  -29.071  -81.093  -13.703 0.2000000030
9000  -27.827  -81.515  -13.628 0.3000000119
9001  -28.773  -81.205  -13.859 0.2000000030
9003  -29.784  -80.708  -14.054 0.2000000030
9019  -28.443  -81.380  -14.497 0.2000000030
9020  -29.309  -81.199  -14.486 0.2000000030
9021  -29.860  -80.944  -14.417 0.3000000119
9022  -29.937  -80.599  -14.397 0.3000000119
9040  -26.968  -81.395  -15.665 0.4000000060
9044  -30.139  -80.652  -14.947 0.3000000119
9050  -25.062  -81.948  -17.221 0.3000000119
9051  -25.798  -81.730  -16.921 0.3000000119
9067  -25.222  -82.190  -17.606 0.3000000119
9089  -26.517  -81.658  -18.315 0.3000000119
9105  -21.916  -81.019  -19.705 0.1000000015
9126  -22.341  -81.865  -19.816 0.1000000015
9135  -27.323  -81.328  -22.335 0.1000000015
9138  -29.576  -80.759  -21.158 0.4000000060
9145  -26.870  -81.581  -22.853 0.1000000015
9153  -25.626  -81.445  -23.851 0.1000000015
9156  -28.351  -81.249  -23.091 0.1000000015
9164  -25.470  -81.131  -24.270 0.1000000015
9165  -26.100  -81.243  -24.150 0.1000000015
9222  -28.033  -81.185  -30.003 0.1000000015
9852  -30.666  -80.039  -3.050 0.2000000030
9853  -31.139  -80.022  -3.046 0.2000000030
9866  -30.314  -80.330  -3.382 0.2000000030
9867  -30.654  -80.017  -3.286 0.3000000119
9879  -30.514  -80.125  -3.480 0.3000000119
9891  -29.092  -80.496  -4.621 0.3000000119
9911  -25.954  -80.403  -7.455 0.4000000060
9932  -22.301  -81.767  -8.981 0.1000000015
9965  -24.815  -80.554  -12.082 0.5000000000
9969  -28.243  -80.663  -13.234 0.2000000030
9970  -28.999  -80.633  -13.524 0.2000000030
9990  -29.791  -80.361  -14.105 0.2000000030
10026  -30.756  -80.185  -16.330 0.4000000060
10064  -21.452  -79.896  -19.902 0.1000000015
10071  -27.675  -80.739  -19.834 0.4000000060
10074  -30.709  -80.360  -19.613 0.4000000060
10084  -27.794  -80.748  -20.714 0.3000000119
10085  -28.314  -80.894  -20.727 0.2000000030
10086  -30.170  -80.645  -20.396 0.4000000060
10095  -28.518  -80.952  -20.966 0.2000000030
10097  -30.487  -79.972  -20.875 0.4000000060
10105  -26.920  -81.277  -22.349 0.2000000030
10109  -23.471  -80.679  -23.928 0.1000000015
10113  -28.179  -80.972  -23.720 0.1000000015
10120  -23.600  -80.373  -24.264 0.1000000015
10123  -26.194  -80.613  -24.322 0.1000000015
10174  -26.821  -80.928  -28.722 0.1000000015
10790  -30.760  -79.836  -2.840 0.2000000030
10809  -30.915  -79.766  -3.437 0.3000000119
10821  -30.535  -79.677  -3.942 0.3000000119
10822  -30.681  -79.979  -3.581 0.3000000119
10832  -28.449  -79.878  -4.980 0.4000000060
10833  -28.880  -80.240  -4.800 0.3000000119
10845  -26.323  -79.978  -6.491 0.5000000000
10879  -25.024  -79.621  -8.830 0.4000000060
10930  -24.658  -80.126  -11.915 0.5000000000
10934  -28.003  -79.962  -13.037 0.3000000119
10952  -28.705  -79.894  -13.344 0.3000000119
10953  -29.341  -80.009  -13.711 0.2000000030
10954  -29.812  -80.000  -14.281 0.5000000000
10963  -29.995  -79.802  -14.902 0.4000000060
11004  -30.849  -79.470  -17.853 0.4000000060
11007  -31.033  -79.406  -18.721 0.4000000060
11011  -22.444  -79.693  -19.799 0.2000000030
11015  -25.751  -80.061  -19.840 0.2000000030
11021  -21.217  -79.301  -20.223 0.2000000030
11026  -25.588  -79.857  -20.372 0.2000000030
11027  -30.690  -79.401  -20.296 0.4000000060
11035  -25.239  -79.726  -21.036 0.2000000030
11053  -18.890  -79.023  -23.268 0.1000000015
11054  -21.897  -78.656  -23.246 0.1000000015
11066  -24.762  -79.788  -24.366 0.1000000015
11125  -27.982  -79.264  -30.589 0.1000000015
11134  -27.974  -79.022  -31.108 0.1000000015
11577  -24.223  -79.076  3.956 0.1000000015
11690  -31.051  -79.721  -2.940 0.2000000030
11704  -30.890  -78.684  -3.814 0.2000000030
11713  -22.365  -78.936  -4.589 0.1000000015
11714  -25.908  -78.102  -5.076 0.5000000000
11740  -24.888  -78.438  -6.821 0.5000000000
11752  -21.155  -78.626  -7.620 0.1000000015
11767  -24.945  -79.245  -8.235 0.5000000000
11813  -25.556  -78.281  -12.663 0.6000000238
11820  -25.523  -79.203  -12.499 0.6000000238
11827  -26.611  -78.545  -13.408 0.5000000000
11854  -25.931  -78.054  -15.596 0.5000000000
11859  -30.145  -79.310  -16.324 0.4000000060
11893  -30.422  -78.552  -19.280 0.4000000060
11894  -31.073  -79.020  -19.304 0.4000000060
11897  -20.794  -78.697  -20.852 0.2000000030
11899  -22.335  -78.761  -20.799 0.1000000015
11903  -31.015  -79.306  -19.790 0.4000000060
11905  -20.370  -78.507  -21.437 0.2000000030
11906  -21.190  -78.312  -21.512 0.1000000015
11916  -22.396  -78.666  -22.323 0.1000000015
11917  -23.069  -79.054  -22.026 0.1000000015
11924  -18.859  -78.864  -23.938 0.1000000015
11928  -21.955  -78.541  -22.874 0.1000000015
11943  -25.312  -78.758  -24.267 0.2000000030
11958  -29.760  -78.385  -25.251 0.1000000015
11960  -31.056  -78.435  -24.827 0.1000000015
11999  -26.911  -78.295  -30.758 0.1000000015
12021  -28.250  -78.802  -32.641 0.1000000015
12546  -19.431  -77.312  0.591 0.1000000015
12595  -33.103  -76.650  -3.014 0.3000000119
12596  -33.356  -76.476  -3.246 0.3000000119
12610  -33.471  -76.565  -3.525 0.3000000119
12627  -33.594  -76.634  -4.294 0.3000000119
12642  -32.799  -76.756  -5.186 0.3000000119
12643  -33.471  -76.595  -5.149 0.3000000119
12644  -33.643  -76.591  -4.900 0.3000000119
12656  -20.921  -77.638  -6.185 0.1000000015
12659  -24.995  -78.045  -6.070 0.5000000000
12660  -32.853  -76.657  -5.844 0.3000000119
12673  -20.114  -77.596  -7.752 0.1000000015
12674  -24.065  -77.323  -7.489 0.5000000000
12676  -32.838  -76.583  -6.310 0.3000000119
12689  -24.243  -77.842  -8.643 0.5000000000
12704  -24.182  -77.518  -9.538 0.5000000000
12735  -26.758  -78.512  -13.593 0.5000000000
12746  -25.588  -77.944  -14.228 0.5000000000
12765  -25.098  -77.166  -17.336 0.4000000060
12767  -26.636  -78.001  -17.740 0.4000000060
12817  -32.342  -77.171  -24.213 0.1000000015
12824  -23.513  -78.278  -24.900 0.1000000015
12831  -32.459  -77.171  -24.609 0.1000000015
12834  -23.614  -77.918  -25.073 0.1000000015
12835  -23.952  -77.414  -25.143 0.1000000015
13502  -19.812  -76.818  0.153 0.1000000015
13525  -19.034  -76.960  -0.631 0.1000000015
13552  -31.476  -76.506  -2.144 0.2000000030
13564  -21.428  -76.782  -2.849 0.1000000015
13565  -32.010  -76.311  -2.319 0.2000000030
13576  -33.503  -76.278  -3.456 0.3000000119
13584  -20.664  -76.575  -4.245 0.1000000015
13587  -25.581  -76.510  -4.660 0.5000000000
13594  -33.867  -76.258  -4.065 0.3000000119
13595  -33.917  -76.350  -4.646 0.3000000119
13607  -23.940  -76.098  -5.786 0.5000000000
13612  -31.983  -76.799  -5.108 0.3000000119
13613  -32.461  -76.744  -5.318 0.3000000119
13614  -33.690  -76.404  -5.484 0.3000000119
13615  -33.824  -76.436  -5.139 0.3000000119
13628  -24.212  -76.887  -5.988 0.5000000000
13629  -30.450  -75.856  -6.576 0.3000000119
13633  -33.534  -76.293  -6.175 0.3000000119
13634  -33.788  -76.320  -5.626 0.3000000119
13644  -31.038  -76.133  -7.447 0.3000000119
13646  -32.464  -76.430  -7.191 0.3000000119
13654  -31.123  -76.198  -8.076 0.3000000119
13670  -31.253  -76.266  -8.945 0.3000000119
13672  -32.666  -76.446  -9.786 0.3000000119
13681  -32.705  -76.362  -10.521 0.3000000119
13699  -24.988  -77.441  -12.728 0.6000000238
13710  -25.674  -77.912  -13.252 0.6000000238
13720  -24.311  -77.147  -14.919 0.4000000060
13726  -23.916  -75.866  -16.916 0.3000000119
13749  -24.659  -75.651  -19.429 0.3000000119
13793  -33.685  -76.243  -24.452 0.1000000015
13802  -25.141  -76.970  -24.567 0.2000000030
13805  -33.112  -76.608  -24.748 0.1000000015
13817  -32.914  -76.221  -25.317 0.1000000015
13818  -33.396  -75.778  -25.291 0.1000000015
13872  -26.041  -76.339  -29.090 0.1000000015
13882  -26.113  -76.580  -29.662 0.1000000015
14553  -30.400  -75.389  -2.238 0.2000000030
14556  -32.657  -75.702  -2.999 0.3000000119
14557  -33.246  -75.942  -3.330 0.3000000119
14563  -32.985  -75.512  -3.547 0.3000000119
14571  -24.707  -76.061  -4.997 0.5000000000
14572  -25.142  -75.793  -4.838 0.5000000000
14577  -33.259  -75.368  -4.224 0.3000000119
14579  -34.064  -76.119  -4.673 0.3000000119
14586  -23.846  -75.504  -5.694 0.5000000000
14588  -24.994  -75.161  -5.051 0.5000000000
14589  -26.562  -75.229  -4.872 0.5000000000
14593  -33.486  -75.342  -5.200 0.3000000119
14594  -34.000  -75.885  -5.181 0.3000000119
14595  -34.028  -76.231  -5.039 0.3000000119
14608  -30.482  -75.838  -6.905 0.3000000119
14619  -22.769  -75.005  -7.816 0.5000000000
14621  -29.148  -74.854  -7.592 0.4000000060
14648  -30.142  -75.219  -9.708 0.3000000119
14650  -31.769  -76.337  -10.179 0.3000000119
14663  -32.819  -76.078  -11.155 0.2000000030
14681  -24.071  -76.471  -12.939 0.5000000000
14727  -24.690  -75.004  -20.254 0.2000000030
14747  -27.366  -75.971  -22.509 0.1000000015
14762  -34.358  -75.460  -23.978 0.1000000015
14776  -34.055  -75.765  -24.598 0.1000000015
14777  -34.282  -75.445  -24.298 0.1000000015
14796  -27.768  -75.993  -25.827 0.1000000015
14802  -34.123  -75.377  -24.662 0.1000000015
14821  -33.059  -74.873  -25.695 0.1000000015
14850  -27.598  -75.252  -28.372 0.1000000015
14860  -26.343  -75.726  -28.910 0.1000000015
14914  -31.796  -74.788  -32.289 0.1000000015
15605  -31.877  -75.119  -2.998 0.3000000119
15613  -31.358  -74.676  -3.119 0.3000000119
15614  -31.759  -74.750  -3.450 0.3000000119
15624  -31.175  -74.223  -4.308 0.3000000119
15636  -27.866  -74.601  -6.257 0.4000000060
15637  -31.180  -74.205  -4.653 0.3000000119
15654  -32.058  -74.395  -6.341 0.3000000119
15665  -22.599  -74.223  -7.416 0.3000000119
15668  -29.154  -74.819  -7.934 0.3000000119
15671  -33.275  -75.113  -7.024 0.3000000119
15681  -27.869  -73.574  -8.351 0.4000000060
15696  -23.060  -75.005  -9.714 0.4000000060
15759  -30.178  -74.290  -15.655 0.1000000015
15762  -32.173  -74.700  -16.374 0.1000000015
15763  -32.702  -74.714  -16.574 0.1000000015
15774  -23.362  -74.564  -16.856 0.4000000060
15775  -30.100  -74.491  -16.095 0.1000000015
15777  -31.513  -74.721  -16.671 0.1000000015
15816  -23.565  -74.133  -19.629 0.1000000015
15822  -23.695  -73.886  -20.207 0.1000000015
15859  -34.246  -75.307  -23.775 0.1000000015
15885  -34.183  -75.006  -24.586 0.1000000015
15899  -33.266  -74.462  -25.510 0.1000000015
15907  -28.226  -75.246  -27.904 0.1000000015
15925  -28.050  -75.234  -28.089 0.1000000015
15926  -28.266  -75.270  -28.131 0.1000000015
16610  -23.341  -73.582  -2.046 0.1000000015
16617  -30.552  -74.447  -2.775 0.3000000119
16647  -26.498  -74.103  -5.980 0.4000000060
16665  -25.469  -73.385  -6.459 0.4000000060
16666  -26.569  -73.745  -6.580 0.4000000060
16668  -29.699  -72.610  -6.284 0.3000000119
16684  -32.304  -73.775  -7.945 0.3000000119
16696  -32.018  -73.232  -8.172 0.2000000030
16708  -21.835  -72.893  -9.461 0.4000000060
16709  -22.042  -73.347  -9.782 0.4000000060
16710  -27.657  -72.997  -8.787 0.4000000060
16711  -28.249  -73.227  -9.068 0.4000000060
16773  -29.050  -73.585  -15.283 0.1000000015
16775  -30.165  -73.206  -14.903 0.1000000015
16788  -30.406  -73.784  -15.234 0.1000000015
16802  -29.435  -74.276  -16.438 0.1000000015
16870  -33.109  -73.319  -22.804 0.1000000015
16871  -33.372  -73.347  -23.010 0.1000000015
16895  -33.858  -73.894  -23.846 0.1000000015
16905  -30.517  -73.299  -26.144 0.1000000015
16922  -32.798  -73.959  -25.728 0.1000000015
16923  -33.340  -73.987  -25.302 0.1000000015
17612  -28.702  -72.823  -3.239 0.3000000119
17626  -25.453  -71.718  -3.235 0.1000000015
17627  -27.245  -71.553  -3.274 0.1000000015
17645  -28.858  -71.990  -5.342 0.3000000119
17658  -22.908  -73.057  -7.054 0.3000000119
17659  -23.211  -72.999  -6.919 0.3000000119
17660  -23.940  -72.895  -6.765 0.4000000060
17661  -24.809  -72.874  -6.836 0.4000000060
17663  -29.904  -72.471  -6.781 0.3000000119
17673  -29.817  -72.035  -7.057 0.2000000030
17674  -30.357  -72.392  -7.326 0.2000000030
17683  -25.923  -72.133  -7.901 0.3000000119
17687  -31.480  -72.584  -8.154 0.2000000030
17701  -27.705  -72.546  -9.094 0.3000000119
17713  -22.006  -73.045  -10.310 0.4000000060
17714  -28.840  -72.223  -9.900 0.3000000119
17715  -29.464  -72.524  -10.245 0.3000000119
17724  -21.710  -72.203  -11.215 0.4000000060
17751  -34.203  -72.447  -13.358 0.1000000015
17786  -29.888  -72.650  -14.741 0.1000000015
17795  -27.198  -72.632  -15.988 0.1000000015
17798  -31.023  -73.398  -15.180 0.1000000015
17818  -22.757  -72.127  -18.034 0.1000000015
17836  -22.881  -72.010  -18.583 0.2000000030
17894  -33.132  -73.007  -22.872 0.1000000015
17940  -33.139  -73.109  -24.288 0.1000000015
17950  -27.093  -71.689  -26.782 0.1000000015
17964  -27.870  -71.909  -27.619 0.1000000015
17982  -28.863  -72.439  -28.477 0.1000000015
17994  -30.017  -72.362  -29.436 0.1000000015
18634  -24.725  -71.432  -3.315 0.1000000015
18648  -24.670  -70.874  -3.414 0.1000000015
18651  -26.909  -71.017  -3.347 0.2000000030
18661  -27.853  -71.057  -4.198 0.2000000030
18662  -28.250  -71.408  -4.550 0.3000000119
18674  -28.834  -71.695  -5.799 0.2000000030
18693  -29.041  -71.485  -6.375 0.2000000030
18701  -23.104  -72.086  -7.470 0.3000000119
18702  -23.666  -71.818  -7.539 0.3000000119
18703  -24.626  -71.730  -7.659 0.2000000030
18704  -25.408  -71.789  -7.862 0.3000000119
18719  -27.306  -72.144  -8.999 0.3000000119
18720  -30.427  -71.538  -7.796 0.2000000030
18721  -31.199  -71.532  -8.388 0.2000000030
18739  -26.978  -71.209  -9.036 0.3000000119
18793  -21.614  -71.063  -12.254 0.2000000030
18810  -27.403  -70.951  -14.287 0.1000000015
18811  -27.924  -71.142  -14.277 0.1000000015
18822  -26.496  -70.759  -14.521 0.1000000015
18828  -31.062  -71.713  -14.831 0.1000000015
18856  -23.073  -71.182  -18.292 0.1000000015
18999  -25.875  -71.077  -25.565 0.1000000015
19017  -28.241  -71.599  -27.880 0.1000000015
19665  -21.782  -70.298  -1.983 0.1000000015
19666  -22.373  -70.556  -2.451 0.1000000015
19693  -25.091  -70.266  -3.466 0.1000000015
19696  -27.034  -70.433  -3.856 0.1000000015
19705  -27.880  -70.825  -4.662 0.2000000030
19718  -28.076  -70.727  -5.284 0.2000000030
19738  -28.387  -70.811  -5.835 0.2000000030
19753  -29.081  -70.787  -6.878 0.2000000030
19762  -23.102  -70.595  -8.532 0.3000000119
19765  -25.556  -70.962  -8.643 0.2000000030
19792  -27.858  -70.764  -9.671 0.3000000119
19809  -21.886  -69.950  -10.275 0.3000000119
19811  -29.253  -70.702  -10.412 0.3000000119
19827  -21.643  -70.678  -11.595 0.2000000030
19844  -21.852  -70.441  -12.068 0.2000000030
19865  -25.488  -69.808  -13.343 0.1000000015
19868  -27.172  -70.339  -14.046 0.1000000015
19882  -26.047  -70.295  -14.267 0.1000000015
19885  -29.138  -70.737  -14.411 0.1000000015
19892  -25.807  -70.410  -15.144 0.1000000015
19902  -22.859  -70.625  -16.702 0.1000000015
20015  -32.397  -70.635  -22.520 0.1000000015
20032  -32.379  -70.918  -22.800 0.1000000015
20052  -25.646  -70.511  -25.567 0.1000000015
20059  -25.899  -70.337  -26.053 0.1000000015
20060  -26.362  -70.595  -26.407 0.1000000015
20748  -24.895  -69.426  -3.468 0.1000000015
20751  -26.658  -69.930  -3.964 0.1000000015
20762  -26.518  -69.467  -4.272 0.1000000015
20774  -27.821  -70.239  -5.410 0.2000000030
20790  -27.494  -69.339  -5.647 0.1000000015
20810  -29.911  -69.809  -7.877 0.1000000015
20822  -30.531  -69.710  -8.370 0.1000000015
20865  -22.878  -68.861  -10.440 0.2000000030
20885  -23.264  -68.858  -11.392 0.2000000030
20927  -26.923  -69.661  -13.627 0.1000000015
20944  -28.152  -69.943  -14.160 0.1000000015
20954  -24.819  -69.589  -14.872 0.1000000015
20955  -25.427  -69.890  -14.756 0.1000000015
21099  -25.693  -69.916  -25.890 0.1000000015
21848  -25.815  -68.373  -4.351 0.1000000015
21860  -26.427  -68.341  -5.078 0.1000000015
21936  -23.265  -68.670  -9.943 0.2000000030
21937  -23.871  -68.474  -9.774 0.2000000030
21941  -27.350  -68.994  -9.543 0.1000000015
21956  -23.434  -68.446  -10.231 0.2000000030
21996  -25.720  -68.573  -12.674 0.1000000015
22014  -26.678  -68.795  -13.264 0.1000000015
22144  -23.718  -67.822  -23.374 0.1000000015
22162  -23.720  -67.934  -23.734 0.1000000015
22938  -26.200  -68.112  -4.962 0.1000000015
23010  -32.865  -67.348  -8.699 0.1000000015
23033  -26.760  -67.923  -9.597 0.1000000015
23050  -24.419  -67.851  -10.007 0.2000000030
23051  -25.153  -67.289  -10.137 0.1000000015
23052  -26.190  -67.072  -9.957 0.1000000015
23074  -24.993  -67.030  -11.049 0.2000000030
23079  -33.101  -67.141  -12.118 0.1000000015
23269  -23.699  -67.402  -22.932 0.1000000015
23270  -24.039  -67.880  -22.688 0.1000000015
24137  -27.717  -66.521  -13.514 0.1000000015
24293  -23.688  -66.613  -22.406 0.1000000015
24312  -23.603  -66.926  -23.489 0.1000000015
24313  -23.824  -66.402  -24.039 0.1000000015
25111  -27.107  -65.964  -10.746 0.1000000015
25134  -26.704  -65.928  -11.019 0.1000000015
25135  -27.186  -65.700  -11.292 0.1000000015
25156  -26.585  -65.987  -11.675 0.1000000015
25158  -27.881  -65.071  -12.441 0.1000000015
26204  -29.608  -64.173  -11.704 0.1000000015
26240  -28.478  -64.723  -13.201 0.1000000015
26259  -29.383  -64.718  -14.068 0.1000000015
26403  -24.091  -64.512  -23.701 0.1000000015
27295  -31.073  -63.570  -11.667 0.1000000015
27311  -29.683  -63.512  -12.303 0.1000000015
27313  -32.524  -63.576  -11.833 0.1000000015
27330  -29.859  -63.318  -13.579 0.1000000015
27467  -23.648  -63.856  -22.245 0.1000000015
27491  -23.688  -64.253  -22.730 0.1000000015
27509  -24.362  -63.571  -23.841 0.1000000015
28440  -32.088  -63.115  -11.781 0.1000000015
28460  -30.444  -62.587  -12.682 0.1000000015
28479  -29.844  -63.138  -13.245 0.1000000015
28480  -30.226  -62.789  -13.454 0.1000000015
28517  -31.474  -62.382  -14.778 0.1000000015
28648  -23.824  -63.297  -22.247 0.1000000015
28683  -24.653  -62.651  -24.035 0.1000000015
29620  -31.542  -61.757  -12.818 0.1000000015
29623  -34.089  -61.646  -12.717 0.1000000015
29636  -34.673  -61.238  -12.778 0.1000000015
29806  -24.682  -61.344  -23.235 0.1000000015
30785  -32.805  -60.651  -14.771 0.1000000015
30786  -33.294  -60.191  -14.513 0.1000000015
30798  -33.345  -60.506  -15.216 0.1000000015
30857  -26.374  -60.147  -20.980 0.1000000015
30928  -25.494  -60.686  -24.016 0.1000000015
31911  -34.190  -59.713  -14.188 0.1000000015
32007  -26.369  -59.924  -21.045 0.1000000015
32008  -26.631  -59.888  -21.013 0.1000000015
