#!ascii label  , from subject msSRGRS20160210 vox2ras=TkReg
731
58516  -17.889  -32.105  -26.380 0.4285714328
59448  -18.215  -31.351  -26.711 0.2857142985
59449  -19.186  -31.284  -26.591 0.4285714328
59450  -20.091  -31.075  -26.371 0.4285714328
60379  -18.622  -30.671  -27.094 0.2857142985
60380  -19.518  -30.591  -26.950 0.4285714328
60381  -20.409  -30.164  -26.834 0.4285714328
61399  -19.764  -29.549  -27.541 0.4285714328
61373  -20.444  -29.583  -27.261 0.4285714328
62346  -19.950  -28.879  -27.996 0.4285714328
62347  -20.965  -28.628  -27.744 0.4285714328
63322  -20.362  -27.634  -29.070 0.5714285970
62362  -20.107  -28.300  -28.601 0.5714285970
62363  -20.873  -28.047  -28.501 0.4285714328
63323  -21.388  -27.451  -28.781 0.2857142985
64264  -21.841  -26.208  -29.487 0.7142857313
64249  -22.613  -26.550  -28.830 0.4285714328
63335  -21.318  -26.812  -29.385 0.7142857313
64248  -21.922  -26.879  -29.031 0.5714285970
65233  -23.057  -25.126  -29.453 0.5714285970
65232  -22.141  -25.297  -29.630 0.5714285970
65234  -23.863  -25.018  -29.232 0.4285714328
66147  -23.515  -24.490  -29.700 0.5714285970
67069  -24.435  -23.305  -30.347 0.5714285970
66146  -22.515  -24.458  -29.657 0.7142857313
67053  -24.036  -23.962  -30.142 0.7142857313
67070  -25.239  -23.200  -30.316 0.5714285970
66144  -20.476  -24.616  -29.981 0.5714285970
67052  -23.055  -23.615  -29.775 0.8571428657
67998  -24.633  -22.598  -30.383 0.7142857313
67999  -25.327  -22.473  -30.506 0.5714285970
67051  -21.870  -23.609  -29.687 0.7142857313
68907  -24.732  -21.828  -30.423 0.7142857313
67981  -23.253  -22.739  -29.823 0.7142857313
68906  -24.148  -22.023  -30.040 0.7142857313
68908  -25.416  -21.738  -30.790 0.5714285970
68891  -23.557  -22.102  -29.802 0.7142857313
69783  -25.558  -21.043  -31.121 0.5714285970
68890  -22.787  -21.986  -29.650 0.5714285970
69768  -23.747  -21.692  -29.892 0.7142857313
69781  -23.956  -21.206  -30.085 0.7142857313
69796  -25.380  -20.494  -31.131 0.7142857313
69780  -22.998  -20.640  -29.826 0.7142857313
69782  -24.859  -20.875  -30.647 0.7142857313
70672  -25.364  -20.168  -31.417 0.7142857313
70660  -23.834  -19.925  -30.149 0.7142857313
69766  -22.530  -21.250  -29.734 0.5714285970
70673  -25.330  -19.733  -31.843 0.5714285970
71562  -25.460  -18.868  -32.389 0.5714285970
71554  -25.373  -18.697  -31.402 0.7142857313
71544  -24.967  -18.652  -30.752 0.7142857313
71543  -24.189  -18.724  -30.263 0.7142857313
73295  -24.824  -16.700  -30.444 0.8571428657
72442  -25.623  -17.777  -31.624 0.5714285970
72429  -24.426  -17.680  -30.455 0.8571428657
74173  -24.298  -15.651  -30.369 0.8571428657
74174  -25.328  -15.693  -30.553 0.8571428657
75057  -24.706  -14.696  -30.523 0.8571428657
75056  -23.723  -14.686  -30.575 1.0000000000
73294  -23.851  -16.643  -30.298 0.8571428657
74172  -23.246  -15.619  -30.493 1.0000000000
75953  -23.214  -13.745  -30.773 1.0000000000
76855  -21.821  -12.679  -31.334 0.7142857313
76840  -22.751  -12.746  -31.050 1.0000000000
78482  -22.092  -10.187  -31.265 1.0000000000
78481  -21.306  -10.248  -31.462 0.8571428657
80139  -22.060  -8.356  -31.362 0.8571428657
79286  -21.534  -9.270  -31.399 1.0000000000
82766  -22.635  -5.581  -31.572 0.8571428657
81036  -21.627  -7.441  -31.410 0.8571428657
84460  -23.522  -3.786  -31.650 0.8571428657
83647  -23.108  -4.664  -31.575 0.8571428657
85198  -22.973  -3.127  -31.725 0.7142857313
83645  -21.135  -4.549  -31.730 0.5714285970
85197  -22.160  -2.927  -31.821 0.7142857313
85210  -22.867  -2.310  -32.154 0.5714285970
84456  -19.889  -3.381  -31.458 0.5714285970
83644  -20.167  -4.440  -31.595 0.5714285970
85195  -20.370  -2.431  -31.693 0.4285714328
85981  -21.162  -1.270  -32.391 0.4285714328
85972  -19.538  -1.528  -30.728 0.2857142985
85965  -18.913  -1.538  -29.948 0.2857142985
86752  -19.502  -0.703  -30.362 0.2857142985
70661  -25.057  -19.754  -30.788 0.7142857313
70662  -25.331  -19.247  -31.135 0.7142857313
72430  -25.195  -17.733  -30.834 0.8571428657
73296  -25.576  -16.812  -30.856 0.8571428657
74190  -25.925  -16.091  -30.933 0.8571428657
77695  -22.307  -11.443  -31.241 0.8571428657
86732  -20.303  -0.922  -28.966 0.1428571492
60378  -17.610  -30.595  -27.118 0.2857142985
60404  -18.127  -29.934  -27.505 0.2857142985
60405  -19.080  -30.065  -27.445 0.2857142985
60406  -19.700  -30.118  -27.218 0.4285714328
61374  -21.109  -29.335  -27.087 0.4285714328
61398  -18.690  -29.222  -27.933 0.2857142985
62361  -19.028  -28.479  -28.494 0.5714285970
63324  -22.351  -27.144  -28.359 0.4285714328
63333  -19.857  -27.095  -29.425 0.2857142985
63334  -20.591  -27.013  -29.485 0.7142857313
64265  -22.819  -25.869  -29.237 0.4285714328
65231  -21.134  -25.430  -29.806 0.5714285970
66148  -24.565  -24.583  -29.492 0.4285714328
66145  -21.475  -24.534  -29.766 0.7142857313
67054  -25.013  -23.931  -30.058 0.4285714328
67068  -23.749  -23.278  -30.107 0.7142857313
67997  -23.955  -22.677  -30.149 0.7142857313
67050  -20.813  -23.672  -29.928 0.5714285970
69784  -25.903  -21.084  -31.492 0.5714285970
67980  -22.311  -22.710  -29.691 0.5714285970
68909  -26.130  -21.504  -30.888 0.5714285970
69797  -25.555  -20.595  -31.729 0.5714285970
72428  -23.457  -17.649  -30.288 1.0000000000
75954  -24.113  -13.845  -30.673 1.0000000000
74171  -22.101  -15.594  -30.918 1.0000000000
77713  -21.031  -11.294  -31.629 0.7142857313
77696  -23.363  -11.004  -30.810 1.0000000000
77694  -21.692  -10.795  -31.424 0.7142857313
81944  -22.139  -6.528  -31.478 0.8571428657
81037  -22.689  -7.617  -31.286 1.0000000000
83646  -22.123  -4.629  -31.658 0.7142857313
84457  -20.725  -3.526  -31.692 0.7142857313
85209  -21.687  -2.093  -32.221 0.7142857313
84447  -19.231  -3.309  -30.890 0.4285714328
85973  -20.009  -1.484  -31.556 0.2857142985
85980  -20.414  -1.228  -32.191 0.4285714328
85982  -22.116  -1.356  -32.561 0.4285714328
86765  -21.530  -0.530  -32.595 0.4285714328
86758  -19.834  -0.797  -31.060 0.2857142985
86764  -20.793  -0.572  -32.380 0.4285714328
64263  -20.799  -26.263  -29.734 0.4285714328
65230  -20.138  -25.513  -29.956 0.4285714328
85207  -20.353  -1.736  -31.943 0.4285714328
58517  -18.857  -31.979  -26.201 0.4285714328
59447  -17.169  -31.337  -26.736 0.2857142985
58518  -19.804  -31.825  -25.992 0.4285714328
62345  -19.357  -29.044  -28.003 0.2857142985
61400  -20.453  -29.204  -27.528 0.4285714328
69767  -23.276  -21.466  -29.764 0.8571428657
75976  -22.338  -13.669  -31.018 1.0000000000
77714  -21.609  -12.027  -31.478 0.8571428657
82765  -21.621  -5.542  -31.664 0.8571428657
84458  -21.649  -3.684  -31.711 0.7142857313
85196  -21.217  -2.730  -31.839 0.5714285970
85194  -19.705  -2.407  -31.121 0.4285714328
85208  -20.822  -1.895  -32.087 0.4285714328
86743  -20.379  -0.194  -29.925 0.1428571492
88278  -22.065  2.317  -35.132 0.2857142985
88266  -22.091  1.969  -34.111 0.1428571492
87536  -22.324  1.183  -33.761 0.2857142985
88279  -22.535  2.009  -35.165 0.2857142985
88956  -21.418  2.890  -33.717 0.1428571492
87527  -20.940  0.118  -32.233 0.1428571492
87532  -21.886  0.575  -32.941 0.2857142985
88268  -23.193  1.104  -34.544 0.2857142985
86786  -24.452  -0.634  -36.221 0.2857142985
87549  -24.132  0.543  -35.683 0.2857142985
88264  -21.705  1.748  -32.927 0.1428571492
87533  -22.498  0.171  -33.157 0.2857142985
85991  -24.553  -1.300  -33.501 0.2857142985
85232  -25.145  -2.405  -35.207 0.1428571492
86772  -24.398  -0.398  -34.263 0.2857142985
87538  -23.787  0.589  -34.638 0.2857142985
86771  -23.686  -0.303  -33.600 0.2857142985
87537  -22.896  0.645  -33.696 0.2857142985
83670  -24.517  -4.458  -35.658 0.1428571492
84494  -24.856  -3.476  -35.372 0.1428571492
86000  -25.210  -1.519  -34.785 0.4285714328
85990  -23.784  -1.046  -33.125 0.2857142985
82778  -25.750  -5.755  -32.399 0.2857142985
84472  -25.435  -3.541  -32.623 0.4285714328
85218  -24.684  -2.021  -32.858 0.2857142985
81066  -26.191  -7.603  -33.576 0.1428571492
83660  -25.923  -4.710  -33.209 0.2857142985
83649  -24.924  -4.716  -31.937 0.5714285970
84471  -24.843  -3.015  -32.327 0.7142857313
80162  -26.072  -8.536  -32.324 0.1428571492
81041  -26.142  -7.630  -31.955 0.1428571492
84461  -24.550  -3.615  -31.965 0.7142857313
85211  -24.184  -2.373  -32.282 0.4285714328
82769  -25.314  -5.598  -31.970 0.4285714328
79291  -26.063  -9.519  -31.946 0.2857142985
80143  -25.808  -8.532  -31.681 0.7142857313
82767  -23.634  -5.596  -31.561 0.7142857313
79311  -22.914  -8.674  -31.160 0.8571428657
80141  -24.271  -8.414  -31.034 0.8571428657
81946  -24.174  -6.558  -31.429 0.5714285970
78505  -26.386  -10.461  -32.411 0.2857142985
81943  -21.124  -6.486  -31.555 0.5714285970
77725  -26.379  -11.436  -33.013 0.1428571492
79289  -24.716  -9.366  -30.861 0.7142857313
73306  -20.482  -16.305  -31.668 0.5714285970
75077  -21.969  -14.551  -31.151 0.8571428657
75076  -21.350  -14.583  -31.428 0.4285714328
75975  -21.584  -13.748  -31.333 0.5714285970
77683  -23.918  -12.016  -30.799 0.8571428657
78483  -23.029  -10.210  -30.903 0.8571428657
76856  -26.291  -12.253  -31.674 0.2857142985
78485  -25.238  -10.529  -30.835 0.8571428657
81038  -23.691  -7.573  -31.189 0.8571428657
75995  -26.314  -13.503  -33.129 0.4285714328
78476  -25.755  -11.140  -30.967 0.7142857313
72440  -20.096  -17.196  -31.723 0.2857142985
74188  -21.197  -15.549  -31.454 0.5714285970
75055  -22.760  -14.630  -30.791 0.8571428657
77682  -22.998  -12.013  -31.080 0.8571428657
75957  -26.253  -12.921  -31.405 0.4285714328
76843  -25.262  -12.927  -30.931 0.8571428657
77697  -24.508  -11.127  -30.683 0.8571428657
75978  -26.511  -13.459  -31.913 0.4285714328
69778  -20.859  -20.304  -30.476 0.7142857313
70657  -20.361  -19.351  -30.921 0.4285714328
69779  -21.851  -20.550  -30.008 0.7142857313
71541  -21.872  -18.516  -30.506 0.8571428657
71540  -20.790  -18.361  -31.173 0.5714285970
71553  -20.393  -17.774  -31.565 0.5714285970
72427  -22.390  -17.600  -30.496 0.8571428657
72426  -21.448  -17.508  -30.991 0.5714285970
73307  -21.224  -16.595  -31.350 0.5714285970
73293  -22.795  -16.618  -30.472 0.7142857313
73292  -21.869  -16.668  -30.857 0.5714285970
74175  -25.931  -15.395  -30.877 0.7142857313
75058  -25.650  -14.603  -30.778 0.7142857313
75955  -25.056  -13.804  -30.719 0.7142857313
76842  -24.493  -12.968  -30.814 0.8571428657
74206  -25.911  -15.572  -33.521 0.2857142985
75079  -26.334  -14.653  -31.746 0.4285714328
75977  -26.332  -13.971  -31.422 0.5714285970
67979  -21.157  -22.592  -29.938 0.4285714328
67996  -20.978  -21.675  -30.153 0.4285714328
69777  -19.992  -20.312  -30.717 0.4285714328
70659  -22.467  -19.603  -30.067 0.7142857313
71542  -23.033  -18.654  -30.103 0.7142857313
74200  -26.113  -15.627  -32.510 0.2857142985
74191  -26.120  -15.724  -31.536 0.5714285970
67978  -20.165  -22.834  -30.219 0.5714285970
68905  -21.155  -21.051  -30.120 0.5714285970
72449  -25.698  -18.087  -32.454 0.4285714328
73309  -25.981  -16.636  -32.322 0.4285714328
73318  -25.804  -16.611  -33.284 0.4285714328
68000  -26.094  -22.285  -30.275 0.4285714328
68920  -26.335  -21.144  -31.351 0.4285714328
69824  -25.660  -20.164  -33.218 0.4285714328
70700  -25.629  -19.573  -33.606 0.4285714328
71563  -25.545  -18.551  -33.040 0.4285714328
62348  -21.834  -28.191  -27.478 0.1428571492
69798  -26.143  -20.919  -32.012 0.4285714328
69812  -26.279  -20.442  -32.807 0.4285714328
63304  -22.057  -27.657  -27.880 0.1428571492
63325  -23.052  -26.823  -28.149 0.1428571492
65235  -24.446  -24.997  -28.974 0.2857142985
67983  -27.025  -22.496  -29.450 0.2857142985
69786  -28.327  -20.428  -30.988 0.2857142985
68910  -27.098  -21.178  -30.675 0.2857142985
67055  -25.982  -23.581  -29.517 0.4285714328
69799  -27.204  -20.590  -31.782 0.2857142985
62349  -22.369  -27.879  -27.352 0.1428571492
63305  -23.044  -27.484  -27.395 0.1428571492
63303  -21.442  -28.013  -28.090 0.1428571492
64250  -23.614  -26.205  -28.445 0.2857142985
67031  -26.363  -24.023  -28.798 0.2857142985
67965  -27.325  -23.086  -28.826 0.2857142985
67056  -26.715  -23.147  -29.234 0.2857142985
66149  -25.479  -24.266  -29.340 0.2857142985
64227  -23.672  -26.847  -27.744 0.1428571492
64252  -25.530  -25.746  -27.842 0.2857142985
64228  -24.448  -26.618  -27.651 0.2857142985
65211  -24.927  -25.235  -28.506 0.2857142985
64251  -24.662  -25.930  -28.084 0.2857142985
66126  -25.252  -24.743  -28.873 0.2857142985
62320  -21.249  -28.920  -27.327 0.1428571492
62322  -22.600  -28.379  -26.877 0.1428571492
58493  -18.581  -32.692  -25.788 0.2857142985
58492  -17.625  -32.854  -26.013 0.2857142985
60382  -21.594  -30.112  -26.319 0.2857142985
58491  -16.674  -32.824  -26.082 0.2857142985
57562  -17.346  -33.513  -25.704 0.1428571492
66127  -26.043  -24.506  -28.619 0.2857142985
67966  -27.833  -22.807  -28.794 0.2857142985
66150  -25.937  -24.077  -29.080 0.2857142985
68893  -28.148  -21.550  -29.717 0.2857142985
69785  -27.678  -20.750  -30.910 0.2857142985
69814  -28.081  -19.490  -32.863 0.2857142985
70658  -21.343  -19.441  -30.512 0.7142857313
70686  -25.279  -19.734  -32.903 0.4285714328
72443  -25.844  -17.394  -32.169 0.4285714328
72458  -25.525  -17.571  -34.096 0.2857142985
80138  -21.139  -8.289  -31.450 0.7142857313
75956  -25.973  -13.545  -31.089 0.7142857313
79287  -22.648  -9.133  -31.142 0.8571428657
82764  -20.590  -5.500  -31.638 0.4285714328
75087  -26.252  -14.560  -32.763 0.2857142985
79288  -23.646  -9.202  -30.858 0.8571428657
81945  -23.167  -6.566  -31.402 0.8571428657
86767  -23.222  -0.660  -33.085 0.2857142985
81958  -26.072  -6.663  -32.366 0.4285714328
83658  -25.908  -5.296  -32.760 0.4285714328
84485  -25.391  -3.434  -34.565 0.1428571492
63306  -24.206  -27.292  -27.207 0.1428571492
64266  -23.494  -25.537  -29.030 0.2857142985
67057  -28.537  -22.953  -28.714 0.2857142985
67984  -28.165  -22.314  -29.139 0.2857142985
68903  -19.728  -21.203  -30.530 0.2857142985
69800  -28.498  -19.846  -32.049 0.2857142985
70687  -27.957  -19.303  -33.440 0.2857142985
70671  -19.875  -18.897  -31.257 0.4285714328
69813  -27.230  -19.834  -33.086 0.4285714328
73305  -19.603  -16.179  -31.756 0.2857142985
72441  -20.756  -17.314  -31.513 0.5714285970
69825  -26.220  -19.967  -33.607 0.2857142985
69811  -25.551  -20.408  -32.535 0.4285714328
73317  -20.029  -15.764  -31.736 0.2857142985
70701  -26.289  -19.336  -34.473 0.1428571492
71576  -25.444  -18.692  -33.888 0.4285714328
76841  -23.579  -12.957  -30.852 0.8571428657
75059  -26.121  -14.924  -31.150 0.5714285970
77686  -26.060  -11.637  -31.229 0.7142857313
79312  -23.175  -8.765  -31.080 0.8571428657
76887  -26.200  -12.484  -33.558 0.2857142985
86759  -20.245  -0.471  -31.747 0.2857142985
77699  -26.280  -11.482  -31.563 0.4285714328
76873  -26.371  -12.422  -32.538 0.4285714328
78518  -26.198  -10.408  -33.543 0.1428571492
81040  -25.536  -7.592  -31.523 0.5714285970
87528  -21.526  0.859  -32.144 0.1428571492
81947  -25.153  -6.560  -31.614 0.5714285970
80176  -26.022  -8.526  -33.073 0.1428571492
81960  -26.267  -6.675  -33.107 0.1428571492
85992  -25.200  -1.709  -33.984 0.2857142985
84478  -25.714  -3.461  -33.659 0.2857142985
82781  -25.877  -5.257  -33.851 0.2857142985
82784  -25.617  -5.486  -34.557 0.1428571492
82788  -24.953  -5.450  -35.336 0.1428571492
83671  -25.255  -4.447  -34.954 0.1428571492
86780  -24.927  -1.097  -35.422 0.2857142985
86006  -24.571  -1.758  -36.045 0.1428571492
85231  -24.502  -2.698  -35.859 0.1428571492
58519  -20.562  -31.580  -25.813 0.1428571492
68894  -29.071  -21.443  -29.798 0.2857142985
84504  -23.185  -3.489  -36.727 0.1428571492
86794  -23.833  -0.422  -37.532 0.2857142985
58515  -16.911  -32.136  -26.387 0.2857142985
59451  -21.074  -30.877  -25.937 0.1428571492
67071  -25.809  -22.925  -30.139 0.4285714328
68889  -21.790  -21.679  -29.804 0.4285714328
71575  -25.367  -19.142  -33.227 0.4285714328
83648  -24.084  -4.648  -31.657 0.7142857313
85199  -23.663  -2.987  -31.829 0.5714285970
85983  -23.252  -1.396  -32.694 0.2857142985
85984  -24.147  -1.571  -32.815 0.2857142985
86766  -22.449  -0.468  -32.883 0.2857142985
73308  -25.896  -16.740  -31.525 0.4285714328
62321  -21.642  -28.778  -27.161 0.1428571492
74170  -21.572  -16.109  -31.166 0.5714285970
80161  -23.086  -8.397  -31.170 0.8571428657
86770  -22.947  -0.100  -33.223 0.2857142985
87531  -21.216  -0.125  -32.507 0.2857142985
88267  -22.692  1.433  -34.444 0.2857142985
86779  -24.680  -0.578  -35.042 0.2857142985
87548  -23.793  1.029  -35.398 0.2857142985
87539  -24.295  0.044  -34.870 0.2857142985
85999  -24.905  -1.064  -34.273 0.2857142985
85226  -25.449  -2.464  -34.242 0.2857142985
84493  -24.119  -3.500  -36.128 0.1428571492
83663  -25.708  -4.447  -34.121 0.1428571492
86007  -25.040  -1.588  -35.435 0.1428571492
82782  -26.010  -5.782  -33.402 0.1428571492
84462  -25.193  -4.139  -32.182 0.4285714328
81077  -26.028  -7.217  -34.203 0.1428571492
83657  -25.566  -4.797  -32.406 0.4285714328
82768  -24.563  -5.606  -31.706 0.5714285970
80142  -25.161  -8.472  -31.207 0.4285714328
81948  -25.791  -6.924  -31.829 0.5714285970
79290  -25.558  -9.500  -31.295 0.5714285970
81039  -24.704  -7.516  -31.281 0.7142857313
78486  -26.121  -10.671  -31.438 0.5714285970
78484  -24.108  -10.229  -30.706 0.8571428657
74189  -21.664  -15.077  -31.288 0.5714285970
75974  -20.981  -13.883  -31.583 0.4285714328
74187  -20.397  -15.357  -31.672 0.4285714328
77684  -24.875  -11.967  -30.951 0.8571428657
76844  -25.971  -12.513  -31.139 0.4285714328
68904  -20.493  -21.083  -30.398 0.5714285970
71539  -20.226  -18.700  -31.267 0.4285714328
71552  -19.903  -18.171  -31.574 0.4285714328
71551  -19.069  -18.103  -31.511 0.2857142985
75078  -26.154  -14.318  -31.167 0.5714285970
67995  -20.346  -21.929  -30.348 0.5714285970
72450  -25.749  -17.681  -33.050 0.4285714328
73325  -25.674  -16.541  -34.258 0.2857142985
68001  -26.673  -21.801  -30.152 0.2857142985
68921  -26.630  -20.953  -31.476 0.4285714328
65210  -24.154  -25.468  -28.705 0.2857142985
66125  -24.791  -24.864  -28.971 0.2857142985
68892  -27.370  -21.799  -29.739 0.2857142985
67982  -26.328  -22.911  -29.766 0.2857142985
63281  -23.297  -28.051  -26.836 0.1428571492
67032  -27.053  -23.693  -28.646 0.2857142985
65212  -25.772  -25.139  -28.229 0.2857142985
58494  -19.506  -32.469  -25.587 0.1428571492
87519  -20.763  0.345  -31.383 0.1428571492
81035  -20.688  -7.419  -31.510 0.5714285970
79308  -19.648  -9.414  -31.846 0.4285714328
79284  -20.110  -8.947  -31.637 0.4285714328
80137  -20.340  -8.267  -31.541 0.5714285970
79309  -20.335  -9.616  -31.687 0.4285714328
78504  -20.714  -10.248  -31.641 0.4285714328
78503  -20.155  -10.400  -31.901 0.4285714328
79310  -20.883  -9.679  -31.516 0.5714285970
79285  -20.695  -9.009  -31.528 0.5714285970
76854  -21.121  -13.120  -31.559 0.5714285970
69788  -30.198  -20.506  -31.223 0.1428571492
69801  -29.748  -19.943  -31.712 0.1428571492
70674  -29.435  -19.565  -32.366 0.1428571492
63321  -19.332  -27.525  -29.111 0.2857142985
68911  -28.222  -20.935  -30.310 0.1428571492
68017  -31.594  -22.329  -32.414 0.1428571492
68922  -30.770  -21.225  -31.345 0.1428571492
68939  -32.374  -21.841  -33.883 0.1428571492
68930  -31.051  -21.036  -32.029 0.1428571492
68948  -32.584  -21.691  -34.593 0.1428571492
67058  -29.158  -22.794  -28.872 0.1428571492
67072  -30.422  -22.624  -29.790 0.1428571492
67985  -29.092  -22.163  -29.342 0.1428571492
68010  -31.018  -22.217  -31.299 0.1428571492
68026  -32.764  -22.554  -33.820 0.1428571492
68924  -34.281  -21.702  -32.305 0.1428571492
68028  -34.186  -22.837  -34.073 0.1428571492
68932  -34.508  -21.541  -33.126 0.1428571492
62360  -18.057  -28.159  -28.366 0.2857142985
65214  -27.745  -24.973  -27.795 0.1428571492
66129  -28.136  -24.428  -28.088 0.1428571492
67033  -28.205  -23.507  -28.499 0.1428571492
66128  -27.001  -24.447  -28.288 0.1428571492
67073  -30.879  -22.928  -30.409 0.1428571492
66151  -30.441  -23.461  -29.252 0.1428571492
67086  -31.594  -23.403  -32.440 0.1428571492
67060  -30.566  -23.178  -29.621 0.1428571492
67093  -32.956  -23.601  -33.632 0.1428571492
67088  -34.576  -23.699  -33.002 0.1428571492
68012  -34.489  -22.809  -32.469 0.1428571492
68019  -34.477  -22.881  -33.347 0.1428571492
61412  -18.467  -28.663  -28.251 0.2857142985
61411  -18.082  -28.746  -28.139 0.2857142985
61397  -17.601  -29.109  -27.837 0.2857142985
64253  -26.234  -25.610  -27.717 0.1428571492
66130  -29.268  -24.219  -28.214 0.1428571492
66161  -31.059  -23.955  -30.763 0.1428571492
66131  -30.179  -23.801  -28.708 0.1428571492
66172  -31.530  -24.247  -32.620 0.1428571492
67095  -34.253  -23.684  -33.612 0.1428571492
66173  -32.285  -24.353  -33.176 0.1428571492
68914  -33.670  -21.695  -31.268 0.1428571492
68011  -34.227  -22.376  -31.693 0.1428571492
65192  -26.875  -25.837  -27.469 0.1428571492
65195  -29.953  -25.139  -27.750 0.1428571492
65194  -28.672  -25.379  -27.552 0.1428571492
65236  -31.027  -24.660  -30.176 0.1428571492
66115  -28.938  -24.782  -27.801 0.1428571492
65245  -31.038  -24.830  -31.131 0.1428571492
66132  -30.743  -24.335  -28.929 0.1428571492
66168  -31.187  -24.107  -31.790 0.1428571492
66174  -34.544  -24.509  -32.717 0.1428571492
65265  -33.333  -24.686  -33.443 0.1428571492
68005  -34.376  -23.066  -31.701 0.1428571492
67081  -34.524  -23.743  -32.203 0.1428571492
64230  -26.355  -26.340  -27.403 0.1428571492
64233  -29.643  -26.432  -27.357 0.1428571492
64232  -28.485  -26.354  -27.149 0.1428571492
64231  -27.447  -26.511  -27.123 0.1428571492
65193  -27.657  -25.675  -27.436 0.1428571492
64275  -30.720  -25.607  -31.512 0.1428571492
64268  -30.936  -25.548  -30.314 0.1428571492
65251  -30.862  -24.868  -32.126 0.1428571492
65258  -32.621  -25.178  -33.188 0.1428571492
66180  -34.298  -24.401  -33.326 0.1428571492
63310  -29.740  -27.575  -27.106 0.1428571492
64210  -28.299  -27.155  -26.845 0.1428571492
64254  -30.982  -26.425  -28.752 0.1428571492
63311  -30.483  -27.347  -27.706 0.1428571492
64255  -31.049  -25.939  -29.261 0.1428571492
65266  -33.682  -24.879  -33.336 0.1428571492
65257  -31.400  -25.077  -32.826 0.1428571492
64234  -30.765  -26.273  -27.950 0.1428571492
65218  -31.100  -24.989  -29.173 0.1428571492
66152  -30.837  -23.912  -29.588 0.1428571492
68004  -33.922  -22.737  -30.927 0.1428571492
68018  -32.100  -22.845  -33.002 0.1428571492
68912  -29.184  -20.786  -30.297 0.1428571492
69815  -30.966  -20.609  -32.623 0.1428571492
65267  -34.213  -25.008  -33.074 0.1428571492
66169  -34.547  -24.595  -31.896 0.1428571492
67987  -33.508  -22.934  -30.127 0.1428571492
68896  -33.115  -21.878  -30.042 0.1428571492
76871  -21.264  -12.358  -31.574 0.4285714328
68925  -34.540  -22.180  -33.004 0.1428571492
68940  -34.086  -21.843  -34.348 0.1428571492
70690  -30.539  -20.006  -32.920 0.1428571492
70688  -28.824  -19.196  -33.053 0.1428571492
81034  -19.852  -7.542  -31.556 0.4285714328
81942  -20.126  -6.538  -31.547 0.4285714328
87556  -23.884  0.608  -37.034 0.1428571492
69787  -29.375  -20.264  -31.009 0.1428571492
64229  -25.385  -26.486  -27.526 0.1428571492
65213  -26.735  -25.122  -27.869 0.1428571492
70702  -27.407  -19.285  -34.215 0.1428571492
69826  -26.711  -19.663  -33.878 0.1428571492
68895  -29.778  -21.470  -30.072 0.1428571492
68913  -30.168  -21.062  -30.588 0.1428571492
68923  -31.181  -21.652  -31.920 0.1428571492
68938  -31.834  -21.545  -33.388 0.1428571492
68025  -32.146  -22.256  -33.317 0.1428571492
68002  -30.416  -22.037  -30.263 0.1428571492
69816  -31.399  -20.921  -33.197 0.1428571492
68958  -32.482  -21.390  -35.350 0.1428571492
68037  -33.268  -22.249  -34.471 0.1428571492
67035  -29.666  -23.247  -28.830 0.1428571492
67059  -29.967  -22.927  -29.233 0.1428571492
67986  -29.824  -22.126  -29.733 0.1428571492
68027  -33.482  -22.931  -34.128 0.1428571492
67094  -33.683  -23.682  -33.869 0.1428571492
67080  -31.195  -23.182  -31.530 0.1428571492
68933  -34.507  -21.953  -33.712 0.1428571492
67034  -29.207  -23.419  -28.591 0.1428571492
67087  -32.238  -23.535  -33.085 0.1428571492
66178  -33.132  -24.328  -33.517 0.1428571492
65216  -30.028  -24.462  -28.261 0.1428571492
66179  -33.789  -24.329  -33.619 0.1428571492
65217  -30.554  -24.676  -28.458 0.1428571492
65196  -30.848  -25.415  -28.350 0.1428571492
64281  -30.598  -25.656  -32.375 0.1428571492
65259  -33.561  -25.533  -32.967 0.1428571492
65197  -31.069  -25.580  -28.786 0.1428571492
58489  -14.932  -32.588  -25.548 0.1428571492
59429  -14.865  -31.638  -25.838 0.1428571492
58490  -15.695  -32.585  -25.956 0.1428571492
58514  -16.163  -32.154  -26.251 0.1428571492
59446  -16.079  -31.380  -26.542 0.1428571492
60377  -16.436  -30.300  -26.972 0.1428571492
60403  -17.179  -29.795  -27.392 0.1428571492
61372  -15.714  -29.657  -26.616 0.1428571492
60402  -16.627  -29.631  -27.232 0.1428571492
61396  -16.748  -29.098  -27.462 0.1428571492
62343  -16.925  -28.249  -27.749 0.1428571492
62344  -17.612  -28.443  -28.065 0.1428571492
63320  -18.348  -27.424  -28.737 0.1428571492
64262  -19.818  -26.376  -29.722 0.2857142985
67049  -19.851  -23.743  -30.095 0.4285714328
76870  -20.451  -12.677  -31.879 0.2857142985
79307  -18.901  -9.516  -31.913 0.2857142985
80159  -19.087  -8.608  -31.710 0.2857142985
80136  -19.688  -8.429  -31.619 0.2857142985
81056  -19.213  -7.790  -31.584 0.4285714328
63319  -17.578  -27.269  -28.290 0.1428571492
62359  -17.409  -27.892  -28.095 0.1428571492
64245  -17.747  -26.408  -28.535 0.2857142985
64247  -19.300  -26.755  -29.416 0.2857142985
64246  -18.560  -26.503  -29.123 0.2857142985
66143  -19.511  -24.638  -29.932 0.4285714328
67048  -18.934  -23.668  -29.888 0.2857142985
75075  -20.732  -14.632  -31.625 0.2857142985
75994  -20.427  -13.789  -31.778 0.2857142985
76853  -20.729  -13.372  -31.708 0.2857142985
75992  -19.120  -12.987  -32.020 0.2857142985
76869  -19.459  -12.416  -32.123 0.2857142985
77712  -19.921  -11.435  -32.113 0.2857142985
78502  -19.373  -10.425  -32.140 0.2857142985
78501  -18.650  -10.472  -32.022 0.2857142985
64261  -19.052  -26.169  -29.524 0.2857142985
75086  -20.099  -14.538  -31.787 0.2857142985
75993  -19.633  -13.587  -31.955 0.2857142985
75085  -19.557  -14.557  -31.793 0.2857142985
77711  -19.041  -11.415  -32.214 0.2857142985
77710  -18.361  -11.378  -31.951 0.2857142985
76868  -18.687  -12.374  -32.013 0.2857142985
59445  -15.314  -31.262  -26.239 0.1428571492
61395  -16.192  -29.306  -27.019 0.1428571492
65229  -19.238  -25.503  -29.731 0.4285714328
76867  -18.102  -12.063  -31.745 0.2857142985
67994  -19.562  -22.078  -30.435 0.2857142985
88982  -24.402  2.916  -36.994 0.1428571492
88988  -25.312  2.622  -37.340 0.1428571492
88290  -23.873  1.763  -36.710 0.1428571492
88983  -25.273  2.525  -36.246 0.1428571492
88280  -23.391  1.692  -35.612 0.1428571492
88980  -22.310  3.343  -36.771 0.1428571492
68902  -19.018  -21.388  -30.491 0.2857142985
87561  -23.547  0.557  -38.192 0.1428571492
88991  -24.853  2.667  -38.404 0.1428571492
88295  -23.702  1.680  -37.913 0.1428571492
88289  -23.690  2.238  -36.849 0.1428571492
88981  -23.399  2.873  -36.992 0.1428571492
88970  -22.934  2.285  -35.906 0.1428571492
88281  -23.794  1.270  -35.822 0.1428571492
88987  -24.095  2.833  -37.707 0.1428571492
88971  -24.694  2.915  -35.877 0.1428571492
88990  -23.802  2.543  -38.748 0.1428571492
75972  -18.781  -13.561  -31.797 0.1428571492
75973  -19.251  -14.079  -31.843 0.1428571492
77681  -17.595  -11.509  -30.592 0.1428571492
78480  -17.766  -10.675  -31.012 0.1428571492
74199  -19.882  -15.212  -31.742 0.1428571492
77709  -17.910  -11.418  -31.489 0.1428571492
79283  -17.875  -9.686  -31.199 0.1428571492
79275  -17.620  -9.559  -30.530 0.2857142985
70655  -18.689  -19.196  -31.037 0.1428571492
73304  -18.721  -16.383  -31.611 0.1428571492
75074  -19.054  -14.584  -31.772 0.1428571492
75971  -17.983  -13.556  -31.332 0.1428571492
78500  -18.146  -10.547  -31.577 0.1428571492
80158  -18.417  -8.669  -31.517 0.1428571492
80157  -17.982  -9.010  -31.345 0.1428571492
80134  -17.438  -8.734  -31.025 0.2857142985
81033  -17.952  -7.691  -31.349 0.2857142985
82740  -17.653  -5.311  -29.687 0.2857142985
83635  -18.172  -4.263  -30.069 0.2857142985
85959  -19.003  -1.609  -29.128 0.1428571492
81032  -17.503  -8.094  -31.218 0.2857142985
81941  -19.128  -6.848  -31.458 0.2857142985
82762  -18.783  -6.078  -31.265 0.2857142985
81915  -17.289  -6.217  -29.699 0.2857142985
82751  -18.417  -5.385  -30.802 0.2857142985
82739  -17.262  -5.854  -29.281 0.2857142985
83643  -19.362  -4.251  -31.291 0.2857142985
85185  -19.042  -2.390  -30.455 0.1428571492
83616  -17.634  -4.450  -28.580 0.2857142985
86753  -19.890  -0.024  -30.906 0.1428571492
87510  -20.445  0.217  -30.695 0.1428571492
80989  -16.642  -7.423  -28.342 0.1428571492
82729  -17.543  -4.818  -29.064 0.2857142985
84437  -17.903  -3.309  -29.558 0.1428571492
83625  -17.758  -4.245  -29.258 0.2857142985
85177  -17.847  -2.498  -28.989 0.1428571492
84428  -17.822  -3.553  -28.457 0.1428571492
83607  -17.500  -4.580  -27.143 0.1428571492
85935  -19.253  -2.402  -27.662 0.1428571492
84408  -17.678  -3.984  -26.847 0.1428571492
78459  -17.865  -10.413  -29.933 0.1428571492
76005  -26.067  -13.541  -34.206 0.1428571492
72439  -19.319  -17.259  -31.663 0.1428571492
74185  -18.156  -15.493  -31.433 0.1428571492
75073  -18.415  -14.538  -31.551 0.1428571492
76852  -18.241  -12.774  -31.626 0.1428571492
77693  -17.698  -11.491  -31.112 0.1428571492
78474  -17.893  -10.520  -30.222 0.1428571492
79306  -18.351  -9.644  -31.593 0.1428571492
81017  -17.130  -7.635  -30.724 0.1428571492
81018  -17.599  -7.046  -31.102 0.2857142985
81926  -16.947  -6.868  -29.952 0.1428571492
81927  -17.606  -6.455  -30.475 0.1428571492
83599  -17.609  -4.438  -26.539 0.1428571492
82719  -17.430  -5.400  -27.552 0.2857142985
84418  -17.730  -4.023  -27.609 0.1428571492
85184  -18.268  -2.388  -29.864 0.1428571492
85948  -18.839  -2.477  -28.038 0.1428571492
85958  -18.508  -2.101  -28.641 0.1428571492
75092  -26.040  -14.553  -33.835 0.1428571492
82763  -19.423  -5.473  -31.395 0.2857142985
83636  -18.794  -4.208  -30.741 0.2857142985
84446  -18.511  -3.271  -30.311 0.2857142985
85964  -18.325  -1.859  -29.334 0.1428571492
81055  -18.683  -7.903  -31.547 0.1428571492
75072  -17.667  -14.555  -31.120 0.1428571492
74198  -19.459  -15.284  -31.739 0.1428571492
80135  -17.837  -8.416  -31.324 0.2857142985
81956  -18.889  -7.451  -31.537 0.2857142985
82752  -18.955  -4.810  -31.129 0.2857142985
82728  -17.344  -5.416  -28.626 0.1428571492
85949  -19.305  -1.904  -28.319 0.1428571492
81940  -18.248  -6.661  -31.207 0.2857142985
81914  -16.947  -6.551  -29.033 0.1428571492
84427  -17.710  -4.147  -28.131 0.2857142985
85169  -18.309  -2.798  -28.203 0.1428571492
64226  -17.149  -26.372  -27.891 0.1428571492
65208  -17.875  -25.491  -28.805 0.1428571492
65191  -17.255  -25.278  -28.067 0.1428571492
66113  -17.114  -24.480  -27.939 0.1428571492
66123  -17.405  -24.220  -28.448 0.1428571492
66124  -17.976  -24.832  -29.134 0.1428571492
65209  -18.507  -25.550  -29.367 0.1428571492
67046  -17.463  -23.340  -28.955 0.1428571492
66142  -18.577  -24.575  -29.549 0.1428571492
67030  -17.105  -23.114  -28.433 0.1428571492
67047  -18.110  -23.491  -29.490 0.1428571492
67993  -18.888  -22.113  -30.373 0.1428571492
69776  -18.995  -20.377  -30.692 0.1428571492
79259  -17.396  -9.283  -29.542 0.1428571492
65190  -16.876  -25.483  -27.351 0.1428571492
67977  -19.279  -22.852  -30.193 0.1428571492
66112  -16.964  -24.433  -27.491 0.1428571492
66141  -17.886  -24.118  -29.125 0.1428571492
67029  -16.995  -23.268  -27.994 0.1428571492
64225  -16.705  -26.482  -27.245 0.1428571492
64235  -31.019  -25.939  -28.562 0.1428571492
65215  -28.278  -24.909  -27.785 0.1428571492
66114  -28.524  -24.871  -27.784 0.1428571492
68003  -30.768  -22.260  -30.690 0.1428571492
68009  -30.684  -21.766  -30.807 0.1428571492
68036  -32.922  -22.093  -34.506 0.1428571492
68038  -33.749  -22.324  -34.381 0.1428571492
68931  -31.381  -21.354  -32.573 0.1428571492
68957  -32.015  -21.213  -35.176 0.1428571492
69802  -30.554  -20.446  -31.906 0.1428571492
69828  -31.631  -20.755  -33.957 0.1428571492
70670  -19.331  -18.754  -31.332 0.4285714328
70675  -30.164  -19.875  -32.340 0.1428571492
70676  -30.567  -20.230  -32.423 0.1428571492
73316  -19.750  -15.636  -31.726 0.1428571492
74186  -18.889  -15.426  -31.714 0.1428571492
76872  -21.565  -12.353  -31.468 0.8571428657
77685  -25.617  -11.839  -30.885 0.7142857313
77698  -25.257  -11.315  -30.723 0.8571428657
77715  -26.461  -11.438  -32.059 0.1428571492
78475  -25.493  -11.134  -30.811 0.7142857313
79313  -26.069  -9.478  -32.757 0.2857142985
80140  -23.527  -8.398  -31.082 0.8571428657
80160  -22.725  -8.385  -31.238 1.0000000000
81057  -22.929  -8.109  -31.231 0.8571428657
81058  -23.192  -8.021  -31.187 0.8571428657
81059  -26.266  -7.605  -32.703 0.1428571492
81955  -18.562  -7.297  -31.466 0.2857142985
81957  -25.674  -6.274  -31.984 0.2857142985
81963  -26.146  -6.604  -33.805 0.1428571492
82779  -26.000  -5.925  -32.848 0.2857142985
82785  -25.940  -5.917  -34.013 0.1428571492
83615  -17.596  -4.668  -27.913 0.2857142985
83661  -26.028  -5.410  -33.042 0.2857142985
84459  -22.590  -3.791  -31.624 0.7142857313
85212  -24.954  -2.638  -32.637 0.5714285970
85219  -25.237  -2.415  -33.327 0.5714285970
86787  -24.806  -1.254  -35.744 0.1428571492
