#!ascii label  , from subject msSRGRS20160210 vox2ras=TkReg
843
43229  20.376  -41.913  38.459 0.0000000000
46286  31.150  -38.913  43.221 0.0000000000
62693  36.411  -22.101  20.235 0.0000000000
53865  29.457  -32.203  27.412 0.0000000000
51107  32.053  -35.211  36.294 0.0000000000
71240  46.816  -13.212  13.473 0.0000000000
59865  36.733  -25.131  22.958 0.0000000000
57797  32.886  -26.721  21.889 0.0000000000
41367  16.235  -45.739  37.272 0.0000000000
42190  26.225  -42.030  39.805 0.0000000000
43247  28.039  -41.450  37.917 0.0000000000
43284  23.071  -42.438  34.784 0.0000000000
68429  41.772  -15.912  17.762 0.0000000000
43180  24.077  -41.140  41.002 0.0000000000
42178  19.368  -42.781  41.576 0.0000000000
67432  40.917  -17.981  21.799 0.0000000000
39578  14.430  -46.341  40.963 0.0000000000
36793  12.546  -50.889  41.244 0.0000000000
58804  32.480  -27.066  26.484 0.0000000000
52042  31.407  -33.908  30.786 0.0000000000
49341  30.204  -38.096  31.945 0.0000000000
46368  30.741  -40.960  34.590 0.0000000000
58833  37.423  -25.633  24.234 0.0000000000
57795  34.338  -26.245  22.359 0.0000000000
57760  35.027  -26.276  23.848 0.0000000000
59831  39.652  -24.903  24.211 0.0000000000
42294  18.261  -43.608  35.501 0.0000000000
41384  17.211  -45.191  35.358 0.0000000000
42263  17.939  -43.443  37.268 0.0000000000
42216  23.330  -41.706  39.313 0.0000000000
42262  24.092  -41.646  37.368 0.0000000000
43269  20.878  -42.106  36.197 0.0000000000
43303  20.483  -42.633  33.991 0.0000000000
64674  37.020  -20.621  19.022 0.0000000000
62690  38.900  -21.992  21.797 0.0000000000
65601  39.050  -20.246  21.018 0.0000000000
67447  39.107  -18.308  19.378 0.0000000000
41313  18.100  -43.426  43.153 0.0000000000
41324  16.312  -44.416  41.258 0.0000000000
40450  16.459  -44.452  43.303 0.0000000000
37727  12.372  -48.539  44.786 0.0000000000
38650  12.726  -48.212  42.680 0.0000000000
36775  11.647  -51.036  43.453 0.0000000000
33861  11.190  -53.241  44.435 0.0000000000
33851  10.612  -53.866  45.969 0.0000000000
52908  33.745  -33.822  32.396 0.0000000000
52002  32.218  -34.737  33.496 0.0000000000
51152  29.339  -35.834  32.482 0.0000000000
50230  29.784  -36.785  33.887 0.0000000000
42315  25.362  -41.830  34.430 0.0000000000
44257  29.574  -41.102  36.201 0.0000000000
44298  26.846  -41.240  33.675 0.0000000000
45343  28.375  -40.871  31.825 0.0000000000
56737  30.380  -29.458  27.051 0.0000000000
57747  29.701  -28.528  24.543 0.0000000000
54813  29.051  -31.332  25.092 0.0000000000
72211  49.936  -12.686  11.896 0.0000000000
71250  47.689  -13.369  11.471 0.0000000000
61720  36.841  -23.501  21.641 0.0000000000
60798  33.823  -24.990  20.806 0.0000000000
61710  39.062  -23.706  22.820 0.0000000000
43157  29.269  -41.092  41.951 0.0000000000
44205  29.892  -40.750  40.953 0.0000000000
42212  27.031  -42.069  39.163 0.0000000000
42277  25.212  -41.726  36.568 0.0000000000
42318  23.681  -42.940  33.108 0.0000000000
68413  44.362  -15.473  19.277 0.0000000000
69402  44.967  -15.416  17.320 0.0000000000
70367  44.976  -14.954  15.211 0.0000000000
71242  45.337  -14.362  13.147 0.0000000000
42194  21.846  -42.146  40.304 0.0000000000
42220  19.092  -42.583  39.670 0.0000000000
42159  20.971  -42.320  41.396 0.0000000000
42155  25.843  -41.462  40.764 0.0000000000
68404  41.970  -16.610  19.569 0.0000000000
42222  17.135  -43.866  39.853 0.0000000000
40492  15.708  -45.777  38.929 0.0000000000
39620  14.511  -48.050  38.896 0.0000000000
39543  13.858  -46.523  42.767 0.0000000000
38670  13.596  -48.084  40.838 0.0000000000
32979  9.066  -54.915  48.584 0.0000000000
57713  34.867  -26.769  26.640 0.0000000000
54745  31.390  -31.255  28.616 0.0000000000
53839  32.902  -32.447  29.685 0.0000000000
52954  30.794  -32.858  29.230 0.0000000000
52045  28.673  -35.071  30.384 0.0000000000
49353  29.489  -37.674  29.652 0.0000000000
47449  29.446  -39.495  29.311 0.0000000000
46324  30.124  -39.835  39.470 0.0000000000
47364  30.574  -38.991  37.989 0.0000000000
49301  30.172  -37.778  36.311 0.0000000000
47410  30.789  -39.901  32.620 0.0000000000
46417  28.219  -40.468  30.307 0.0000000000
57763  31.872  -27.020  23.631 0.0000000000
57800  30.586  -28.217  22.004 0.0000000000
57740  37.231  -25.882  24.719 0.0000000000
57759  36.162  -26.003  23.852 0.0000000000
57741  36.125  -26.248  24.765 0.0000000000
58816  38.306  -25.669  24.902 0.0000000000
43271  19.097  -42.915  36.259 0.0000000000
42279  18.248  -43.328  36.551 0.0000000000
43253  18.693  -42.820  37.591 0.0000000000
43228  21.491  -41.639  38.328 0.0000000000
43227  22.549  -41.571  37.800 0.0000000000
43251  20.649  -41.855  37.346 0.0000000000
43270  19.987  -42.262  36.499 0.0000000000
63706  36.295  -21.530  19.167 0.0000000000
62704  37.685  -21.768  20.747 0.0000000000
64662  39.123  -20.780  21.382 0.0000000000
63704  37.728  -21.253  20.401 0.0000000000
64673  37.765  -20.600  19.849 0.0000000000
36743  11.760  -50.103  45.542 0.0000000000
36762  11.774  -50.128  44.261 0.0000000000
36763  11.516  -51.129  44.236 0.0000000000
35746  11.443  -51.835  43.753 0.0000000000
35731  11.361  -51.791  44.657 0.0000000000
33862  10.899  -53.728  45.001 0.0000000000
51992  33.083  -34.520  34.518 0.0000000000
51126  32.385  -34.808  34.814 0.0000000000
51128  30.498  -35.424  34.318 0.0000000000
51109  30.447  -35.735  35.878 0.0000000000
46297  31.619  -38.549  42.950 0.0000000000
43317  24.983  -42.397  33.017 0.0000000000
43315  26.591  -41.421  34.270 0.0000000000
43331  25.349  -41.897  32.738 0.0000000000
44309  25.599  -41.622  32.163 0.0000000000
55772  30.291  -30.458  27.435 0.0000000000
55800  29.602  -30.116  26.237 0.0000000000
71235  47.053  -13.245  14.530 0.0000000000
71239  47.786  -12.859  13.796 0.0000000000
72203  48.592  -12.616  13.086 0.0000000000
72208  48.476  -12.866  12.074 0.0000000000
71244  47.614  -12.894  12.652 0.0000000000
60795  36.751  -24.200  22.151 0.0000000000
61722  34.889  -24.178  21.068 0.0000000000
59878  35.218  -25.087  21.969 0.0000000000
57796  33.733  -26.416  22.102 0.0000000000
58887  33.553  -26.216  21.499 0.0000000000
57820  32.072  -27.412  20.547 0.0000000000
60774  38.380  -24.822  23.590 0.0000000000
60784  37.898  -24.432  22.918 0.0000000000
61719  38.055  -23.317  22.025 0.0000000000
41375  16.794  -45.200  36.576 0.0000000000
40514  15.796  -46.712  37.126 0.0000000000
43189  28.313  -41.697  41.001 0.0000000000
42169  28.270  -41.724  40.431 0.0000000000
42189  27.001  -42.116  39.849 0.0000000000
43248  23.467  -41.881  36.480 0.0000000000
42261  24.995  -41.653  37.425 0.0000000000
43266  23.559  -42.163  35.461 0.0000000000
42304  24.379  -42.240  34.361 0.0000000000
43300  23.350  -42.772  33.978 0.0000000000
43319  22.279  -42.797  33.110 0.0000000000
51194  27.687  -35.320  28.320 0.0000000000
68427  43.539  -15.661  18.233 0.0000000000
69397  44.281  -15.524  18.023 0.0000000000
69403  43.844  -15.585  17.304 0.0000000000
69431  43.888  -15.048  15.355 0.0000000000
70387  43.596  -15.237  13.844 0.0000000000
70376  44.788  -14.453  14.019 0.0000000000
42175  22.502  -41.927  40.528 0.0000000000
42176  21.441  -42.284  40.864 0.0000000000
42158  22.059  -42.055  41.033 0.0000000000
42156  24.612  -41.339  40.646 0.0000000000
42174  23.745  -41.573  40.273 0.0000000000
68395  42.754  -16.285  20.684 0.0000000000
68397  40.964  -17.268  20.315 0.0000000000
68407  39.415  -17.680  18.724 0.0000000000
42197  18.684  -42.906  40.833 0.0000000000
42221  17.923  -43.218  39.790 0.0000000000
42198  17.595  -43.546  40.912 0.0000000000
40470  15.738  -44.889  41.289 0.0000000000
41333  16.164  -44.661  40.505 0.0000000000
40481  15.029  -45.798  40.503 0.0000000000
39619  14.945  -47.293  38.783 0.0000000000
39599  14.675  -46.753  39.890 0.0000000000
39526  13.817  -46.595  43.880 0.0000000000
37745  12.543  -49.100  42.032 0.0000000000
38661  13.022  -48.519  41.579 0.0000000000
37754  12.925  -49.408  41.240 0.0000000000
37762  13.606  -49.067  40.106 0.0000000000
56722  32.286  -29.322  28.595 0.0000000000
52924  32.910  -33.888  31.452 0.0000000000
52931  33.633  -32.794  30.573 0.0000000000
52942  32.255  -33.089  29.868 0.0000000000
52953  31.615  -32.867  29.454 0.0000000000
52943  31.186  -33.410  29.982 0.0000000000
52053  29.527  -33.847  29.746 0.0000000000
52043  30.660  -34.004  30.603 0.0000000000
50248  29.608  -37.339  31.871 0.0000000000
50249  29.217  -36.544  31.730 0.0000000000
49352  29.886  -37.981  30.195 0.0000000000
48388  29.825  -38.491  29.620 0.0000000000
47448  29.988  -38.945  29.837 0.0000000000
43205  29.066  -41.025  39.066 0.0000000000
45244  30.005  -40.292  40.605 0.0000000000
44229  29.442  -40.689  38.481 0.0000000000
45290  30.170  -41.216  35.417 0.0000000000
45267  30.216  -40.450  37.124 0.0000000000
46350  30.650  -40.096  36.445 0.0000000000
48334  30.320  -38.401  37.122 0.0000000000
47389  31.027  -39.656  34.610 0.0000000000
48358  30.849  -39.025  34.063 0.0000000000
46377  31.105  -40.314  33.543 0.0000000000
45345  26.076  -41.085  30.645 0.0000000000
46402  28.630  -40.665  31.124 0.0000000000
57714  33.719  -26.893  26.761 0.0000000000
57729  33.861  -26.607  25.759 0.0000000000
57730  32.615  -26.878  25.814 0.0000000000
56762  29.174  -29.546  23.421 0.0000000000
57783  30.229  -28.372  22.541 0.0000000000
72217  49.926  -12.669  10.768 0.0000000000
58850  37.055  -25.513  23.748 0.0000000000
58869  35.617  -25.723  22.762 0.0000000000
57777  35.704  -25.992  23.237 0.0000000000
57778  34.903  -26.226  22.913 0.0000000000
57779  33.907  -26.456  22.889 0.0000000000
59814  39.425  -25.254  24.742 0.0000000000
59833  38.051  -25.387  24.148 0.0000000000
42295  17.747  -44.410  35.005 0.0000000000
42280  17.601  -44.161  36.235 0.0000000000
42264  17.329  -44.041  37.529 0.0000000000
42215  24.481  -41.711  39.119 0.0000000000
42214  25.506  -41.835  39.114 0.0000000000
42241  23.595  -41.606  38.335 0.0000000000
43249  22.647  -41.853  36.741 0.0000000000
43268  21.920  -42.132  35.976 0.0000000000
43302  21.569  -42.547  33.913 0.0000000000
43286  21.156  -42.383  35.051 0.0000000000
43288  18.904  -43.221  34.906 0.0000000000
69422  40.974  -15.833  16.417 0.0000000000
43163  23.355  -40.976  41.275 0.0000000000
64653  40.337  -20.902  22.523 0.0000000000
65592  39.502  -19.930  21.559 0.0000000000
66455  39.631  -18.938  21.180 0.0000000000
67438  39.893  -18.114  20.502 0.0000000000
66466  38.872  -19.196  19.958 0.0000000000
65611  37.769  -19.943  19.144 0.0000000000
42162  18.316  -43.327  42.626 0.0000000000
42180  17.692  -43.587  41.681 0.0000000000
41322  17.512  -43.711  42.192 0.0000000000
40460  16.313  -44.485  42.221 0.0000000000
40461  15.616  -44.948  42.514 0.0000000000
38638  13.284  -47.213  44.246 0.0000000000
38628  12.495  -48.365  44.202 0.0000000000
37737  12.083  -49.443  43.382 0.0000000000
36784  12.123  -50.734  42.139 0.0000000000
35762  11.704  -51.881  42.716 0.0000000000
52013  33.251  -34.205  32.486 0.0000000000
52015  31.336  -34.712  32.561 0.0000000000
52032  30.382  -34.632  31.706 0.0000000000
51150  30.729  -34.936  32.676 0.0000000000
51139  29.720  -35.692  33.465 0.0000000000
50239  29.781  -37.405  32.863 0.0000000000
42301  26.543  -41.623  35.903 0.0000000000
43263  28.481  -41.096  36.783 0.0000000000
43297  27.670  -41.388  35.534 0.0000000000
44285  28.146  -41.373  35.090 0.0000000000
45316  28.981  -41.508  33.648 0.0000000000
46379  29.874  -41.264  33.335 0.0000000000
45329  27.730  -41.063  32.739 0.0000000000
44318  26.142  -41.140  32.055 0.0000000000
57700  31.380  -28.425  27.315 0.0000000000
57731  31.353  -27.281  25.522 0.0000000000
57733  29.791  -28.716  25.682 0.0000000000
56753  29.352  -29.160  25.150 0.0000000000
72212  49.006  -12.947  11.387 0.0000000000
61734  36.055  -22.985  20.817 0.0000000000
62694  35.413  -22.566  19.751 0.0000000000
61735  35.045  -23.408  20.445 0.0000000000
58886  34.173  -25.881  21.699 0.0000000000
59881  33.145  -25.992  20.506 0.0000000000
60771  40.489  -24.218  23.692 0.0000000000
61708  40.599  -23.264  23.261 0.0000000000
62678  40.664  -22.398  22.941 0.0000000000
62680  39.300  -22.483  22.276 0.0000000000
61732  37.648  -22.620  21.327 0.0000000000
45218  30.248  -39.840  42.752 0.0000000000
45228  30.210  -40.090  42.141 0.0000000000
44206  29.663  -41.068  41.217 0.0000000000
43197  28.788  -41.495  40.298 0.0000000000
42236  27.708  -41.694  38.356 0.0000000000
42239  25.667  -41.769  38.373 0.0000000000
42260  25.797  -41.671  37.585 0.0000000000
42275  26.573  -41.545  37.060 0.0000000000
42291  25.490  -41.795  35.869 0.0000000000
42316  24.798  -42.228  33.741 0.0000000000
42328  24.257  -43.297  32.313 0.0000000000
69401  46.035  -15.290  17.508 0.0000000000
69419  43.457  -15.431  16.297 0.0000000000
69418  44.659  -15.389  16.197 0.0000000000
70362  45.504  -15.059  16.074 0.0000000000
70366  46.049  -14.242  15.533 0.0000000000
71237  45.489  -13.983  13.894 0.0000000000
71241  46.005  -13.819  13.218 0.0000000000
71245  46.675  -13.624  12.327 0.0000000000
43207  21.006  -41.878  39.157 0.0000000000
43209  19.789  -42.379  39.506 0.0000000000
42219  20.240  -42.433  40.013 0.0000000000
42196  19.861  -42.611  40.704 0.0000000000
42177  20.460  -42.505  41.198 0.0000000000
42142  21.533  -41.985  41.576 0.0000000000
42160  19.909  -42.561  41.954 0.0000000000
42144  19.396  -42.572  43.032 0.0000000000
46272  30.625  -39.029  43.638 0.0000000000
44169  29.850  -40.199  42.880 0.0000000000
43158  28.760  -41.149  42.025 0.0000000000
43177  27.528  -41.340  41.447 0.0000000000
43160  27.365  -40.887  41.888 0.0000000000
42172  26.076  -41.831  40.343 0.0000000000
42192  24.166  -41.628  39.767 0.0000000000
42217  22.241  -41.918  39.648 0.0000000000
68393  44.292  -15.538  20.462 0.0000000000
68403  42.813  -16.124  19.736 0.0000000000
68416  41.929  -16.303  18.707 0.0000000000
68398  40.328  -17.459  19.875 0.0000000000
68417  40.940  -16.642  18.497 0.0000000000
68430  40.634  -16.335  17.615 0.0000000000
42245  18.168  -43.120  38.495 0.0000000000
42246  17.273  -43.895  38.780 0.0000000000
41366  16.653  -44.726  37.923 0.0000000000
42199  16.978  -43.879  40.447 0.0000000000
41346  16.107  -44.975  39.496 0.0000000000
40502  15.824  -46.147  37.962 0.0000000000
40503  15.406  -46.592  38.341 0.0000000000
38686  14.711  -48.211  38.032 0.0000000000
40462  14.951  -45.513  42.744 0.0000000000
39558  14.355  -46.049  42.097 0.0000000000
38660  13.268  -47.506  42.039 0.0000000000
39559  13.847  -46.913  41.468 0.0000000000
38679  14.088  -48.347  39.625 0.0000000000
32983  10.078  -54.353  47.265 0.0000000000
57727  36.030  -26.524  25.691 0.0000000000
58781  32.277  -27.646  27.620 0.0000000000
57685  32.124  -28.443  28.118 0.0000000000
55770  31.274  -29.877  27.989 0.0000000000
54769  30.713  -31.187  28.237 0.0000000000
53848  32.389  -32.082  29.174 0.0000000000
53863  30.873  -31.715  28.689 0.0000000000
52967  29.493  -32.637  28.340 0.0000000000
52956  28.992  -33.239  28.616 0.0000000000
52054  28.642  -34.714  29.811 0.0000000000
50265  28.471  -36.306  29.209 0.0000000000
51167  29.173  -35.454  31.602 0.0000000000
50258  28.640  -36.278  30.011 0.0000000000
50264  29.056  -36.895  29.412 0.0000000000
48398  29.602  -38.502  28.573 0.0000000000
47465  29.458  -39.281  28.468 0.0000000000
51096  31.984  -35.183  37.328 0.0000000000
45236  30.312  -39.765  41.111 0.0000000000
46318  30.526  -39.302  40.653 0.0000000000
47345  30.692  -38.801  40.101 0.0000000000
45268  29.766  -40.617  37.671 0.0000000000
46332  30.402  -39.439  38.650 0.0000000000
48308  30.927  -37.667  39.752 0.0000000000
48325  30.594  -38.080  38.082 0.0000000000
49291  30.192  -37.125  37.389 0.0000000000
50206  30.147  -36.173  36.471 0.0000000000
49310  29.981  -37.218  35.566 0.0000000000
49326  30.138  -37.841  33.696 0.0000000000
48374  30.619  -38.983  32.082 0.0000000000
46401  29.492  -40.696  31.749 0.0000000000
47421  29.767  -40.336  31.005 0.0000000000
47432  29.732  -40.011  30.379 0.0000000000
46434  28.397  -40.297  29.284 0.0000000000
57742  35.026  -26.397  24.812 0.0000000000
57761  33.951  -26.415  23.819 0.0000000000
57781  31.939  -27.071  22.641 0.0000000000
57745  31.672  -27.060  24.617 0.0000000000
57782  31.115  -27.692  22.649 0.0000000000
57799  31.088  -27.965  21.625 0.0000000000
71251  46.468  -14.419  11.180 0.0000000000
57726  37.064  -26.249  25.617 0.0000000000
57725  38.104  -25.951  25.495 0.0000000000
43252  19.630  -42.244  37.479 0.0000000000
62706  36.637  -21.529  19.930 0.0000000000
63693  35.879  -22.046  19.526 0.0000000000
62705  37.105  -21.620  20.366 0.0000000000
63692  38.103  -21.581  20.860 0.0000000000
63705  37.024  -21.114  19.834 0.0000000000
36744  11.526  -50.937  45.061 0.0000000000
35718  11.313  -51.672  45.594 0.0000000000
34758  11.191  -52.651  45.113 0.0000000000
51117  32.925  -34.805  35.532 0.0000000000
51118  31.877  -35.106  35.374 0.0000000000
51119  30.960  -35.395  35.188 0.0000000000
51108  31.215  -35.470  36.033 0.0000000000
47301  32.156  -38.194  43.744 0.0000000000
46285  31.618  -38.556  43.265 0.0000000000
43332  24.790  -42.839  32.150 0.0000000000
54770  30.044  -31.144  27.456 0.0000000000
54790  29.617  -31.075  26.689 0.0000000000
71234  47.962  -13.120  14.764 0.0000000000
60785  36.784  -24.760  22.637 0.0000000000
60796  35.778  -24.670  21.989 0.0000000000
60786  36.254  -24.997  22.546 0.0000000000
57819  32.920  -26.581  21.355 0.0000000000
59864  37.290  -24.916  23.091 0.0000000000
41376  16.426  -45.800  36.611 0.0000000000
40527  16.519  -45.889  36.271 0.0000000000
42171  26.944  -41.955  40.428 0.0000000000
42170  27.663  -41.897  40.457 0.0000000000
43267  22.837  -42.187  35.747 0.0000000000
43283  23.596  -42.439  34.629 0.0000000000
43301  22.614  -42.683  33.991 0.0000000000
50272  28.099  -36.325  28.203 0.0000000000
68428  42.816  -15.793  18.029 0.0000000000
69404  42.773  -15.637  17.121 0.0000000000
70386  44.206  -15.108  13.523 0.0000000000
42157  23.250  -41.548  40.727 0.0000000000
68390  41.832  -17.105  21.380 0.0000000000
68391  41.205  -17.389  21.046 0.0000000000
39508  13.777  -46.687  44.711 0.0000000000
37755  12.465  -49.986  41.631 0.0000000000
36792  12.926  -50.243  40.888 0.0000000000
52925  32.241  -34.021  31.261 0.0000000000
52933  32.005  -33.713  30.683 0.0000000000
52934  31.317  -33.736  30.516 0.0000000000
50256  29.404  -37.258  31.171 0.0000000000
49346  29.905  -37.911  31.011 0.0000000000
48387  30.064  -38.535  30.333 0.0000000000
43224  28.492  -41.370  38.506 0.0000000000
43223  29.028  -41.015  38.076 0.0000000000
45302  30.083  -41.382  34.223 0.0000000000
45289  30.667  -40.893  35.463 0.0000000000
46357  30.904  -40.442  35.267 0.0000000000
47381  30.774  -39.541  35.680 0.0000000000
46367  31.086  -40.358  34.149 0.0000000000
46378  30.581  -40.810  33.414 0.0000000000
57715  32.961  -26.972  26.509 0.0000000000
58851  36.188  -25.766  23.385 0.0000000000
58834  36.796  -25.758  23.943 0.0000000000
59813  40.468  -25.040  24.984 0.0000000000
58817  37.812  -25.703  24.636 0.0000000000
58831  38.586  -25.424  24.648 0.0000000000
58849  37.631  -25.335  23.885 0.0000000000
43250  21.697  -41.742  37.062 0.0000000000
43287  19.926  -42.619  35.257 0.0000000000
63681  39.893  -21.558  22.305 0.0000000000
63690  39.260  -21.413  21.820 0.0000000000
64663  38.651  -20.741  20.753 0.0000000000
65593  39.221  -19.664  20.966 0.0000000000
66456  39.227  -19.062  20.573 0.0000000000
65602  38.861  -19.964  20.441 0.0000000000
41321  17.978  -43.501  42.596 0.0000000000
41314  17.526  -43.712  42.934 0.0000000000
41315  16.944  -44.052  42.640 0.0000000000
38627  12.855  -47.883  44.738 0.0000000000
36774  11.896  -50.329  43.066 0.0000000000
37746  12.174  -49.729  42.486 0.0000000000
36785  11.848  -51.054  42.733 0.0000000000
34765  11.306  -52.582  44.175 0.0000000000
34773  11.442  -52.702  43.318 0.0000000000
34759  10.937  -53.141  45.759 0.0000000000
52001  33.429  -34.306  33.219 0.0000000000
52014  32.558  -34.324  32.282 0.0000000000
52003  31.524  -34.873  33.243 0.0000000000
51129  29.809  -35.953  34.380 0.0000000000
50231  29.480  -36.522  33.212 0.0000000000
43282  27.256  -41.471  36.178 0.0000000000
43298  26.741  -41.559  35.237 0.0000000000
43330  26.091  -41.463  33.479 0.0000000000
43314  27.398  -41.389  34.867 0.0000000000
44297  27.825  -41.340  34.156 0.0000000000
44296  28.461  -41.584  34.150 0.0000000000
45317  27.955  -41.295  33.516 0.0000000000
44307  27.365  -41.139  33.433 0.0000000000
57701  30.787  -28.993  27.134 0.0000000000
57717  30.426  -28.674  26.524 0.0000000000
55801  29.296  -30.531  25.600 0.0000000000
56745  29.510  -29.546  25.828 0.0000000000
56746  29.193  -29.853  25.149 0.0000000000
72213  48.413  -12.996  11.550 0.0000000000
71249  48.377  -13.104  11.269 0.0000000000
71255  48.284  -13.374  10.743 0.0000000000
61733  37.058  -22.798  21.132 0.0000000000
61721  35.864  -23.808  21.394 0.0000000000
60797  34.740  -24.806  21.473 0.0000000000
61723  34.310  -24.512  20.836 0.0000000000
58870  34.675  -25.995  22.264 0.0000000000
59867  35.178  -25.651  22.341 0.0000000000
58888  32.527  -26.784  20.164 0.0000000000
59890  32.830  -26.307  19.462 0.0000000000
59830  40.258  -24.815  24.315 0.0000000000
60761  40.752  -24.489  24.243 0.0000000000
60762  40.157  -24.712  24.051 0.0000000000
60782  39.522  -23.990  23.227 0.0000000000
61701  40.332  -24.010  23.519 0.0000000000
61709  39.991  -23.487  23.070 0.0000000000
62672  40.474  -22.917  23.032 0.0000000000
61717  39.631  -22.892  22.590 0.0000000000
62679  40.032  -22.458  22.595 0.0000000000
61718  39.137  -23.094  22.449 0.0000000000
44182  29.908  -40.445  42.280 0.0000000000
44198  29.626  -40.900  41.822 0.0000000000
42188  27.648  -41.945  39.836 0.0000000000
42187  28.202  -41.696  39.740 0.0000000000
42210  28.151  -41.651  38.984 0.0000000000
42211  27.642  -41.894  39.116 0.0000000000
42240  24.759  -41.678  38.320 0.0000000000
42259  26.472  -41.682  37.714 0.0000000000
42276  25.944  -41.631  36.843 0.0000000000
42290  26.184  -41.670  36.251 0.0000000000
42305  23.874  -42.592  34.056 0.0000000000
42317  24.247  -42.698  33.344 0.0000000000
44286  20.890  -42.706  33.451 0.0000000000
44287  20.565  -42.819  33.497 0.0000000000
69390  44.979  -15.253  19.336 0.0000000000
69396  44.969  -15.415  18.386 0.0000000000
69420  42.429  -15.537  16.293 0.0000000000
69430  44.540  -15.174  15.521 0.0000000000
70375  45.444  -14.216  14.672 0.0000000000
42218  21.184  -42.158  39.844 0.0000000000
42195  20.873  -42.396  40.562 0.0000000000
43165  21.018  -41.850  42.233 0.0000000000
42143  20.494  -42.298  42.114 0.0000000000
42161  18.805  -43.005  42.678 0.0000000000
45208  30.166  -39.378  43.442 0.0000000000
43176  28.257  -41.417  41.493 0.0000000000
43178  26.646  -41.172  41.295 0.0000000000
42154  26.838  -41.614  40.888 0.0000000000
42173  25.016  -41.590  40.234 0.0000000000
42193  22.966  -41.870  39.991 0.0000000000
42243  21.688  -41.835  39.247 0.0000000000
62695  34.593  -23.174  19.437 0.0000000000
68396  41.940  -16.776  20.451 0.0000000000
68415  42.810  -15.944  18.897 0.0000000000
67439  39.363  -18.531  20.072 0.0000000000
67446  39.717  -17.912  19.842 0.0000000000
68419  39.001  -17.534  18.061 0.0000000000
68418  40.004  -17.107  18.235 0.0000000000
68431  39.668  -16.874  17.362 0.0000000000
42244  18.848  -42.716  38.842 0.0000000000
41356  16.603  -44.480  39.086 0.0000000000
41331  17.257  -43.768  41.546 0.0000000000
41332  16.736  -44.019  40.954 0.0000000000
40480  15.606  -45.360  39.998 0.0000000000
41357  16.142  -45.288  38.431 0.0000000000
38687  14.286  -48.816  38.573 0.0000000000
39525  14.476  -45.984  43.675 0.0000000000
39542  14.507  -45.925  42.960 0.0000000000
38639  12.818  -47.906  43.768 0.0000000000
39579  14.114  -47.301  40.338 0.0000000000
33838  10.071  -53.653  47.775 0.0000000000
32984  9.651  -54.779  47.735 0.0000000000
57698  34.688  -26.839  27.612 0.0000000000
58769  32.594  -27.722  28.266 0.0000000000
55745  31.696  -30.323  28.416 0.0000000000
55771  30.817  -30.404  27.876 0.0000000000
55746  31.165  -30.797  28.295 0.0000000000
53831  33.462  -32.572  30.201 0.0000000000
53849  31.564  -32.169  28.992 0.0000000000
53850  30.681  -32.204  28.903 0.0000000000
52966  30.130  -32.496  28.860 0.0000000000
52955  29.750  -33.097  29.109 0.0000000000
51188  28.021  -35.407  29.143 0.0000000000
51180  28.428  -35.566  29.921 0.0000000000
51166  29.775  -34.948  31.840 0.0000000000
52033  29.654  -34.884  31.504 0.0000000000
50257  29.064  -36.704  30.622 0.0000000000
49360  29.296  -37.602  28.689 0.0000000000
47466  29.093  -39.838  28.314 0.0000000000
45237  30.097  -40.244  41.430 0.0000000000
45227  30.548  -39.646  41.954 0.0000000000
45250  29.935  -40.150  39.606 0.0000000000
45243  30.181  -39.834  40.235 0.0000000000
47340  31.021  -38.576  41.153 0.0000000000
46323  30.363  -39.506  39.590 0.0000000000
44258  29.018  -41.003  36.732 0.0000000000
44241  29.384  -40.899  37.319 0.0000000000
45280  29.998  -40.913  36.617 0.0000000000
46342  30.314  -39.749  37.791 0.0000000000
46341  30.422  -39.347  38.219 0.0000000000
47352  30.689  -38.918  38.965 0.0000000000
47353  30.704  -38.554  38.491 0.0000000000
48318  30.794  -38.005  38.963 0.0000000000
48341  30.480  -38.696  36.025 0.0000000000
49292  30.167  -36.583  36.872 0.0000000000
49302  30.036  -36.890  36.419 0.0000000000
49309  30.320  -38.075  35.313 0.0000000000
48365  30.925  -39.071  33.348 0.0000000000
49317  30.402  -38.338  34.375 0.0000000000
49333  30.631  -38.819  33.143 0.0000000000
49334  30.378  -38.414  32.862 0.0000000000
48366  30.806  -39.080  32.827 0.0000000000
45328  28.907  -41.144  32.450 0.0000000000
46388  29.749  -41.098  32.806 0.0000000000
45342  28.965  -41.042  31.972 0.0000000000
46416  29.166  -40.424  30.729 0.0000000000
47420  30.258  -39.823  31.369 0.0000000000
46433  29.032  -40.224  29.940 0.0000000000
57712  35.891  -26.729  26.560 0.0000000000
57728  34.976  -26.575  25.743 0.0000000000
57744  32.823  -26.683  24.717 0.0000000000
57743  33.940  -26.493  24.785 0.0000000000
57762  32.902  -26.631  23.726 0.0000000000
57732  30.431  -27.981  25.562 0.0000000000
57746  30.651  -27.682  24.549 0.0000000000
73191  50.465  -12.421  9.901 0.0000000000
73194  51.223  -11.832  9.464 0.0000000000
57758  36.964  -25.766  24.158 0.0000000000
57739  37.937  -25.922  25.129 0.0000000000
42242  22.491  -41.681  38.832 0.0000000000
62691  38.141  -22.189  21.325 0.0000000000
63691  38.634  -21.420  21.222 0.0000000000
63703  38.285  -21.215  20.689 0.0000000000
64672  38.178  -20.895  20.369 0.0000000000
64664  38.391  -20.481  20.219 0.0000000000
41304  18.048  -43.499  43.883 0.0000000000
41305  17.458  -43.778  43.626 0.0000000000
51993  32.345  -34.760  34.286 0.0000000000
51127  31.610  -35.029  34.311 0.0000000000
51137  31.574  -34.914  33.605 0.0000000000
51120  30.134  -35.797  35.108 0.0000000000
43299  25.967  -41.659  34.598 0.0000000000
43316  25.505  -41.801  33.742 0.0000000000
44308  26.442  -41.207  32.873 0.0000000000
43347  25.116  -42.311  31.843 0.0000000000
55787  30.447  -30.000  27.405 0.0000000000
56738  29.905  -29.499  26.505 0.0000000000
55788  29.960  -30.303  26.888 0.0000000000
55789  29.542  -30.723  26.267 0.0000000000
71232  46.576  -13.648  15.034 0.0000000000
71231  47.158  -13.619  15.476 0.0000000000
72207  49.302  -12.710  12.443 0.0000000000
58871  34.072  -26.249  22.078 0.0000000000
57818  33.369  -26.436  21.687 0.0000000000
59848  38.819  -24.921  23.940 0.0000000000
60772  39.873  -24.415  23.624 0.0000000000
60783  39.000  -24.219  23.206 0.0000000000
61711  38.518  -23.952  22.773 0.0000000000
60794  37.374  -23.877  22.210 0.0000000000
39637  15.592  -47.159  36.917 0.0000000000
39638  15.288  -47.408  37.381 0.0000000000
43175  28.860  -41.405  41.473 0.0000000000
43188  28.871  -41.566  40.941 0.0000000000
42278  24.300  -41.841  36.236 0.0000000000
42293  24.046  -42.216  35.007 0.0000000000
42292  24.726  -41.948  35.462 0.0000000000
43318  23.022  -43.007  33.169 0.0000000000
52063  27.723  -34.781  28.085 0.0000000000
68414  43.793  -15.635  18.918 0.0000000000
69432  42.754  -15.270  15.419 0.0000000000
69444  43.024  -15.266  14.355 0.0000000000
70377  44.137  -14.858  14.552 0.0000000000
70385  44.819  -14.912  13.027 0.0000000000
40469  16.279  -44.462  41.655 0.0000000000
40493  15.202  -46.258  39.392 0.0000000000
39600  14.450  -47.544  39.488 0.0000000000
38651  12.348  -48.991  42.803 0.0000000000
38671  13.278  -48.947  40.837 0.0000000000
37763  13.212  -49.666  40.460 0.0000000000
56721  32.984  -29.241  29.158 0.0000000000
55744  32.652  -30.268  28.915 0.0000000000
52923  33.903  -33.047  31.270 0.0000000000
52932  33.021  -33.166  30.386 0.0000000000
52941  32.756  -32.969  29.915 0.0000000000
53840  32.160  -32.570  29.401 0.0000000000
52944  30.325  -33.303  29.664 0.0000000000
52052  30.422  -33.622  30.006 0.0000000000
52044  29.366  -34.680  30.808 0.0000000000
49347  29.486  -37.577  30.537 0.0000000000
44213  29.603  -41.023  40.503 0.0000000000
44212  29.780  -40.649  40.119 0.0000000000
44220  29.470  -40.822  39.617 0.0000000000
44219  29.627  -40.500  39.170 0.0000000000
44228  29.618  -40.489  38.594 0.0000000000
44270  29.624  -41.331  35.648 0.0000000000
45279  30.470  -40.697  36.028 0.0000000000
47374  30.510  -39.299  36.820 0.0000000000
48350  30.628  -38.909  34.993 0.0000000000
47397  31.141  -39.730  33.547 0.0000000000
47398  31.039  -40.218  33.202 0.0000000000
45344  26.893  -40.802  31.570 0.0000000000
45356  27.836  -40.622  31.070 0.0000000000
45357  27.033  -40.643  30.376 0.0000000000
46418  27.550  -40.529  29.640 0.0000000000
57748  29.281  -29.040  23.944 0.0000000000
57765  30.098  -28.176  23.588 0.0000000000
57784  29.776  -28.555  22.952 0.0000000000
72218  49.005  -13.180  10.273 0.0000000000
59850  36.989  -25.346  23.437 0.0000000000
58868  36.398  -25.495  23.149 0.0000000000
58852  35.449  -25.968  22.891 0.0000000000
59815  38.920  -25.330  24.671 0.0000000000
59832  38.665  -25.247  24.331 0.0000000000
59849  37.760  -25.156  23.679 0.0000000000
42191  25.298  -41.798  39.741 0.0000000000
43226  23.291  -41.653  37.354 0.0000000000
43285  22.217  -42.356  34.917 0.0000000000
68448  41.201  -15.803  16.985 0.0000000000
69405  41.990  -15.643  16.935 0.0000000000
69421  41.565  -15.694  16.336 0.0000000000
44188  23.967  -40.412  41.391 0.0000000000
65584  40.782  -20.068  22.826 0.0000000000
64654  39.666  -20.777  22.012 0.0000000000
66445  40.724  -18.962  22.487 0.0000000000
66454  40.068  -18.918  21.884 0.0000000000
67437  40.419  -18.066  21.162 0.0000000000
65603  38.367  -19.949  19.807 0.0000000000
66467  38.339  -19.189  19.375 0.0000000000
66479  37.867  -19.199  18.690 0.0000000000
42179  18.295  -43.337  41.924 0.0000000000
41323  16.767  -44.128  41.806 0.0000000000
40471  14.948  -45.500  41.681 0.0000000000
38640  12.392  -48.619  43.500 0.0000000000
35761  11.977  -51.384  42.305 0.0000000000
52895  34.022  -34.078  33.077 0.0000000000
52909  33.145  -34.120  32.130 0.0000000000
52030  32.346  -34.123  31.594 0.0000000000
52031  31.624  -34.175  31.430 0.0000000000
52016  30.631  -34.845  32.350 0.0000000000
51151  30.029  -35.087  32.471 0.0000000000
51138  30.872  -35.050  33.345 0.0000000000
50240  29.359  -36.628  32.529 0.0000000000
43264  27.759  -41.317  37.066 0.0000000000
43246  28.634  -41.151  37.515 0.0000000000
43281  28.168  -41.223  36.173 0.0000000000
44272  28.261  -41.264  35.620 0.0000000000
44271  28.970  -41.253  35.654 0.0000000000
45303  29.459  -41.549  34.822 0.0000000000
45315  29.947  -41.331  33.619 0.0000000000
45330  26.779  -40.951  32.351 0.0000000000
58793  31.944  -27.401  26.896 0.0000000000
58805  31.886  -27.152  26.220 0.0000000000
57716  31.179  -27.743  26.374 0.0000000000
57718  29.847  -29.055  26.192 0.0000000000
71260  48.327  -13.783  9.954 0.0000000000
59866  35.727  -25.304  22.471 0.0000000000
59879  34.653  -25.451  21.808 0.0000000000
59880  33.764  -25.690  21.196 0.0000000000
60799  33.440  -25.532  20.617 0.0000000000
60810  33.180  -25.383  19.868 0.0000000000
61700  40.891  -23.681  23.710 0.0000000000
62689  39.465  -21.967  22.170 0.0000000000
62681  38.717  -22.616  21.943 0.0000000000
62692  37.341  -22.182  20.843 0.0000000000
45207  30.659  -39.215  43.214 0.0000000000
45217  30.655  -39.454  42.647 0.0000000000
44197  29.881  -40.624  41.655 0.0000000000
43187  29.299  -41.334  40.782 0.0000000000
43206  28.671  -41.395  39.481 0.0000000000
42235  28.113  -41.590  38.570 0.0000000000
43225  28.090  -41.549  38.335 0.0000000000
42213  26.336  -41.975  39.157 0.0000000000
42238  26.409  -41.848  38.439 0.0000000000
42258  27.069  -41.663  37.745 0.0000000000
42274  27.170  -41.488  37.173 0.0000000000
42289  26.791  -41.541  36.553 0.0000000000
42302  25.870  -41.721  35.299 0.0000000000
42303  25.045  -41.923  34.838 0.0000000000
42327  24.598  -42.751  32.852 0.0000000000
43320  21.352  -42.851  32.957 0.0000000000
70352  46.612  -14.917  17.104 0.0000000000
69417  45.535  -15.355  16.723 0.0000000000
70361  46.241  -14.851  16.606 0.0000000000
71236  46.138  -13.640  14.379 0.0000000000
43230  19.413  -42.406  38.701 0.0000000000
43208  20.320  -42.158  39.381 0.0000000000
42141  22.685  -41.510  41.167 0.0000000000
43164  22.036  -41.409  41.686 0.0000000000
41312  18.427  -43.236  43.497 0.0000000000
42145  18.717  -43.012  43.519 0.0000000000
47288  31.672  -38.487  44.235 0.0000000000
46271  31.122  -38.814  43.835 0.0000000000
44183  29.572  -40.720  42.419 0.0000000000
44170  29.416  -40.492  42.974 0.0000000000
42153  27.634  -41.723  40.986 0.0000000000
69384  44.708  -15.388  20.524 0.0000000000
68401  44.302  -15.459  20.042 0.0000000000
68394  43.823  -15.791  20.839 0.0000000000
68402  43.638  -15.752  19.902 0.0000000000
68405  41.084  -16.982  19.347 0.0000000000
68406  40.077  -17.391  19.157 0.0000000000
43231  18.761  -42.746  38.422 0.0000000000
41345  16.611  -44.326  40.058 0.0000000000
40515  15.574  -46.711  37.689 0.0000000000
34750  10.782  -53.067  46.546 0.0000000000
33842  10.383  -53.873  46.895 0.0000000000
32989  10.172  -54.484  46.840 0.0000000000
32990  9.940  -54.945  46.848 0.0000000000
57711  36.876  -26.566  26.481 0.0000000000
58792  32.848  -27.077  27.079 0.0000000000
56731  30.976  -29.491  27.542 0.0000000000
56730  31.610  -29.304  28.022 0.0000000000
54743  32.999  -31.031  29.114 0.0000000000
54744  32.258  -31.291  28.896 0.0000000000
53864  30.161  -31.921  28.274 0.0000000000
52061  29.070  -33.541  29.084 0.0000000000
52062  28.307  -34.169  28.607 0.0000000000
51179  28.728  -35.622  30.661 0.0000000000
50271  28.940  -36.978  28.377 0.0000000000
51097  31.169  -35.516  36.891 0.0000000000
46298  31.223  -38.933  42.578 0.0000000000
46310  30.863  -39.144  41.617 0.0000000000
47330  31.563  -38.434  42.083 0.0000000000
48307  31.046  -37.870  40.564 0.0000000000
43245  29.037  -40.989  37.570 0.0000000000
45259  29.643  -40.526  38.279 0.0000000000
45258  29.851  -40.291  38.382 0.0000000000
46333  30.152  -39.846  38.918 0.0000000000
48317  30.772  -38.314  39.668 0.0000000000
49267  31.029  -37.036  39.340 0.0000000000
49279  30.612  -37.061  38.526 0.0000000000
50198  30.907  -35.918  37.906 0.0000000000
50199  30.404  -36.092  37.097 0.0000000000
51098  30.650  -35.745  36.507 0.0000000000
50213  29.917  -36.352  35.761 0.0000000000
50221  29.859  -36.589  34.904 0.0000000000
49318  30.017  -37.496  34.628 0.0000000000
48380  30.314  -38.748  31.140 0.0000000000
46387  30.265  -40.600  32.487 0.0000000000
46400  30.295  -40.297  32.014 0.0000000000
47431  30.049  -39.270  30.353 0.0000000000
47450  28.849  -40.068  28.779 0.0000000000
57780  32.925  -26.680  22.759 0.0000000000
57798  32.001  -27.229  21.646 0.0000000000
57764  30.928  -27.622  23.569 0.0000000000
71257  46.707  -14.777  10.444 0.0000000000
42237  27.057  -41.880  38.440 0.0000000000
42257  27.518  -41.511  37.619 0.0000000000
42273  27.462  -41.436  37.308 0.0000000000
43174  29.317  -41.276  41.384 0.0000000000
43196  29.205  -41.204  40.019 0.0000000000
43265  27.213  -41.445  36.748 0.0000000000
43280  28.699  -41.075  36.330 0.0000000000
44184  29.145  -40.921  42.562 0.0000000000
44242  29.023  -40.981  37.307 0.0000000000
44284  28.637  -41.576  34.614 0.0000000000
45249  30.131  -39.834  39.742 0.0000000000
45291  29.603  -41.442  35.382 0.0000000000
46270  31.663  -38.528  43.776 0.0000000000
46358  30.756  -40.971  35.181 0.0000000000
47287  32.192  -38.183  44.313 0.0000000000
47363  30.554  -39.193  38.450 0.0000000000
47409  31.042  -39.426  33.043 0.0000000000
49325  30.506  -38.618  33.577 0.0000000000
51140  29.279  -36.107  32.985 0.0000000000
56754  29.105  -29.544  24.381 0.0000000000
57766  29.519  -28.785  23.455 0.0000000000
58832  38.080  -25.505  24.409 0.0000000000
59847  39.363  -24.743  23.849 0.0000000000
70368  44.433  -15.012  15.232 0.0000000000
