#!ascii label  , from subject msSRGRS20160210 vox2ras=TkReg
1378
31251  12.749  -56.305  44.241 0.0000000000
59863  41.338  -27.265  20.642 0.0000000000
39660  28.944  -47.666  35.788 0.0000000000
46330  36.297  -40.819  38.500 0.0000000000
40525  20.792  -47.456  36.036 0.0000000000
36772  17.676  -50.827  43.150 0.0000000000
68479  47.889  -17.987  13.916 0.0000000000
65569  48.701  -20.733  22.245 0.0000000000
52051  35.032  -34.584  29.136 0.0000000000
71270  50.369  -14.953  6.613 0.0000000000
39551  27.123  -48.099  41.415 0.0000000000
33873  14.924  -53.164  43.116 0.0000000000
66489  48.389  -19.562  17.675 0.0000000000
65623  43.488  -21.151  16.767 0.0000000000
55798  43.709  -30.772  25.382 0.0000000000
58797  47.887  -27.382  25.698 0.0000000000
54806  39.295  -31.885  25.138 0.0000000000
45340  32.099  -41.338  31.789 0.0000000000
42271  32.655  -44.232  36.967 0.0000000000
39555  23.022  -48.131  41.305 0.0000000000
37723  21.017  -49.504  43.778 0.0000000000
38669  19.035  -49.142  40.029 0.0000000000
35800  16.861  -52.271  39.218 0.0000000000
39648  24.631  -48.083  36.300 0.0000000000
69439  52.334  -15.821  14.612 0.0000000000
67454  52.812  -18.617  18.547 0.0000000000
61706  45.771  -24.453  21.403 0.0000000000
55706  38.789  -31.790  30.660 0.0000000000
48356  35.427  -38.119  33.861 0.0000000000
67548  50.237  -18.162  9.914 0.0000000000
70421  54.018  -16.021  9.826 0.0000000000
67555  55.473  -18.441  7.640 0.0000000000
39501  26.273  -48.582  43.388 0.0000000000
32155  13.568  -54.978  43.675 0.0000000000
33849  14.097  -53.933  45.730 0.0000000000
32988  12.806  -55.016  46.458 0.0000000000
65644  43.607  -20.177  15.184 0.0000000000
55736  44.095  -30.309  28.435 0.0000000000
57677  45.633  -29.066  28.524 0.0000000000
28033  10.571  -59.804  50.488 0.0000000000
54874  38.950  -31.404  21.907 0.0000000000
41389  29.282  -46.024  33.961 0.0000000000
42313  30.641  -44.468  33.649 0.0000000000
41374  31.127  -46.018  36.337 0.0000000000
39615  22.370  -47.737  38.362 0.0000000000
39576  21.038  -48.003  40.266 0.0000000000
39618  19.891  -48.049  38.065 0.0000000000
39650  22.771  -47.745  36.474 0.0000000000
39613  24.331  -47.971  38.368 0.0000000000
37725  19.153  -50.223  43.816 0.0000000000
69452  49.857  -16.664  13.774 0.0000000000
68443  52.777  -17.604  16.172 0.0000000000
68445  51.050  -17.641  16.399 0.0000000000
66452  48.404  -19.811  20.592 0.0000000000
66450  50.783  -19.271  20.721 0.0000000000
60817  40.738  -25.958  18.362 0.0000000000
61744  42.323  -24.821  18.015 0.0000000000
59860  43.750  -25.992  21.257 0.0000000000
53876  34.532  -32.939  27.130 0.0000000000
55785  36.478  -31.820  26.937 0.0000000000
53837  37.109  -32.852  29.307 0.0000000000
46356  33.527  -41.007  35.051 0.0000000000
47396  33.668  -39.743  32.835 0.0000000000
47372  35.569  -40.026  36.265 0.0000000000
66566  46.802  -19.314  11.648 0.0000000000
67540  47.832  -18.462  10.088 0.0000000000
66551  48.745  -19.203  12.012 0.0000000000
68486  51.124  -17.502  12.308 0.0000000000
68553  54.504  -17.451  5.773 0.0000000000
69520  52.938  -16.956  6.978 0.0000000000
68528  54.966  -17.224  8.468 0.0000000000
69515  52.034  -15.985  7.593 0.0000000000
39609  28.644  -48.510  38.617 0.0000000000
39607  30.706  -47.850  38.982 0.0000000000
39549  29.129  -47.965  41.636 0.0000000000
35730  15.934  -52.169  43.591 0.0000000000
35705  17.347  -52.498  44.626 0.0000000000
34748  15.542  -53.325  44.907 0.0000000000
66542  45.520  -19.105  13.538 0.0000000000
67489  48.151  -18.676  15.308 0.0000000000
66522  45.410  -19.396  15.254 0.0000000000
66478  45.684  -19.873  17.716 0.0000000000
64659  46.404  -21.191  19.970 0.0000000000
57757  42.704  -29.212  22.885 0.0000000000
58829  45.079  -28.093  23.055 0.0000000000
57723  46.048  -29.047  25.698 0.0000000000
50279  33.435  -36.477  28.143 0.0000000000
47343  38.524  -39.357  39.124 0.0000000000
29134  11.641  -58.318  45.762 0.0000000000
31233  11.855  -57.069  47.065 0.0000000000
29117  11.443  -58.507  48.821 0.0000000000
57833  39.380  -28.422  19.784 0.0000000000
55822  41.039  -30.430  22.370 0.0000000000
54804  41.348  -31.787  25.011 0.0000000000
54737  41.720  -31.796  28.186 0.0000000000
43356  30.339  -43.054  30.784 0.0000000000
43311  31.896  -42.912  34.544 0.0000000000
44239  34.183  -42.661  37.527 0.0000000000
41344  32.963  -45.982  39.715 0.0000000000
42185  34.749  -44.515  40.257 0.0000000000
39503  24.300  -48.668  43.290 0.0000000000
38603  23.500  -49.128  43.486 0.0000000000
39523  22.064  -48.700  42.855 0.0000000000
38647  20.260  -49.018  42.300 0.0000000000
37743  18.811  -49.796  41.897 0.0000000000
38685  18.826  -49.101  38.263 0.0000000000
37768  17.984  -50.428  39.426 0.0000000000
36791  17.127  -51.255  41.871 0.0000000000
34793  16.053  -52.930  41.214 0.0000000000
33036  14.822  -54.242  41.842 0.0000000000
32170  13.402  -55.554  41.643 0.0000000000
40564  27.546  -46.874  33.381 0.0000000000
39694  25.464  -47.558  33.355 0.0000000000
39646  27.171  -48.174  36.264 0.0000000000
39611  26.448  -48.416  38.400 0.0000000000
39553  25.074  -47.952  41.342 0.0000000000
66486  54.108  -19.625  17.522 0.0000000000
67456  51.062  -18.879  18.518 0.0000000000
63729  41.678  -22.748  16.536 0.0000000000
62701  44.248  -23.260  18.943 0.0000000000
63657  47.515  -22.901  22.260 0.0000000000
59827  47.367  -26.596  23.677 0.0000000000
61671  48.484  -24.244  24.290 0.0000000000
54831  36.385  -32.003  24.382 0.0000000000
55765  38.816  -31.714  27.752 0.0000000000
55689  40.948  -31.053  31.113 0.0000000000
48379  33.830  -38.353  30.335 0.0000000000
51164  35.268  -35.842  31.687 0.0000000000
48331  38.411  -38.198  36.988 0.0000000000
51115  37.822  -36.233  34.889 0.0000000000
51161  38.655  -34.896  31.631 0.0000000000
53798  39.314  -32.510  33.299 0.0000000000
56614  40.956  -30.500  33.752 0.0000000000
69509  49.910  -16.704  8.283 0.0000000000
68519  52.047  -17.125  9.935 0.0000000000
70393  53.515  -15.382  12.535 0.0000000000
38599  27.411  -49.134  43.918 0.0000000000
31250  13.070  -55.920  44.066 0.0000000000
32136  12.791  -55.130  44.943 0.0000000000
32137  12.680  -55.470  45.133 0.0000000000
55700  43.993  -30.297  29.893 0.0000000000
56703  44.579  -29.746  29.488 0.0000000000
26963  8.998  -60.942  49.733 0.0000000000
40547  29.232  -46.614  34.762 0.0000000000
41383  29.802  -46.175  34.838 0.0000000000
40522  30.092  -47.101  36.112 0.0000000000
39634  21.212  -47.552  37.458 0.0000000000
39617  20.654  -47.768  38.262 0.0000000000
39635  20.468  -47.714  37.230 0.0000000000
40551  22.098  -47.490  34.980 0.0000000000
40523  21.758  -47.506  36.299 0.0000000000
39633  22.089  -47.611  37.322 0.0000000000
37736  18.354  -50.464  43.439 0.0000000000
36759  18.384  -50.915  43.999 0.0000000000
68468  48.868  -17.198  14.378 0.0000000000
69428  49.826  -16.825  15.202 0.0000000000
68458  48.981  -17.646  15.243 0.0000000000
65581  48.283  -20.494  21.510 0.0000000000
66442  49.873  -19.608  21.718 0.0000000000
60808  41.040  -26.173  18.985 0.0000000000
59886  41.901  -25.933  19.426 0.0000000000
59862  41.844  -26.931  20.792 0.0000000000
52070  33.680  -34.685  27.429 0.0000000000
52964  34.511  -33.454  27.780 0.0000000000
53861  35.472  -32.607  28.228 0.0000000000
52940  36.195  -33.675  29.065 0.0000000000
46340  34.705  -41.125  37.070 0.0000000000
47373  34.822  -40.266  35.862 0.0000000000
47362  35.701  -40.347  37.014 0.0000000000
67518  46.952  -18.817  13.220 0.0000000000
66565  47.722  -19.303  11.598 0.0000000000
67516  48.192  -18.463  12.998 0.0000000000
68488  49.601  -17.771  12.931 0.0000000000
70446  51.934  -16.027  5.774 0.0000000000
70438  51.523  -15.880  6.652 0.0000000000
69514  53.030  -16.273  7.716 0.0000000000
70434  51.216  -15.851  7.160 0.0000000000
39590  27.726  -48.455  39.537 0.0000000000
39589  28.783  -48.416  39.669 0.0000000000
39550  28.139  -48.095  41.507 0.0000000000
34771  15.444  -52.689  43.151 0.0000000000
35717  15.986  -52.356  44.128 0.0000000000
34764  14.898  -52.991  44.241 0.0000000000
32986  13.997  -55.185  46.824 0.0000000000
32995  14.346  -54.540  46.125 0.0000000000
66543  44.466  -19.494  13.189 0.0000000000
66531  45.394  -19.180  14.443 0.0000000000
66524  43.998  -19.815  14.548 0.0000000000
65632  43.260  -20.930  16.163 0.0000000000
65631  44.138  -20.190  16.036 0.0000000000
65622  44.190  -20.599  17.035 0.0000000000
65609  45.392  -20.440  18.393 0.0000000000
64670  44.719  -21.638  18.398 0.0000000000
56752  43.209  -30.386  24.071 0.0000000000
56758  44.458  -29.595  24.131 0.0000000000
56743  44.770  -30.005  25.780 0.0000000000
66555  45.180  -19.354  12.442 0.0000000000
29127  11.476  -58.655  46.826 0.0000000000
28052  11.156  -59.405  47.431 0.0000000000
56814  38.305  -29.321  19.368 0.0000000000
56782  40.379  -29.686  21.384 0.0000000000
56784  39.050  -30.192  20.599 0.0000000000
54851  38.744  -31.793  23.102 0.0000000000
54827  40.646  -31.701  24.084 0.0000000000
54805  40.295  -31.888  25.048 0.0000000000
54762  41.354  -31.846  27.126 0.0000000000
54763  40.155  -31.864  26.913 0.0000000000
43346  30.036  -43.680  31.121 0.0000000000
42299  31.340  -44.197  35.131 0.0000000000
43312  31.392  -43.361  33.814 0.0000000000
43278  32.350  -43.497  35.979 0.0000000000
44269  32.742  -42.781  35.783 0.0000000000
43243  33.680  -43.678  37.582 0.0000000000
39565  31.253  -47.208  40.669 0.0000000000
40491  31.809  -46.987  39.706 0.0000000000
40466  32.344  -46.457  41.100 0.0000000000
42168  34.104  -45.107  41.704 0.0000000000
43194  35.535  -43.629  40.279 0.0000000000
39539  23.332  -48.323  42.231 0.0000000000
39522  22.725  -48.671  43.009 0.0000000000
39540  22.171  -48.508  42.252 0.0000000000
38668  19.789  -48.606  40.158 0.0000000000
38657  20.831  -48.533  41.368 0.0000000000
38658  19.995  -48.844  41.292 0.0000000000
38648  19.505  -49.384  42.140 0.0000000000
37752  18.656  -49.742  40.841 0.0000000000
38692  19.049  -48.426  36.600 0.0000000000
35810  17.141  -51.647  38.431 0.0000000000
37775  18.018  -50.325  38.210 0.0000000000
36804  17.629  -51.087  39.588 0.0000000000
36797  17.679  -50.888  40.264 0.0000000000
35775  16.990  -51.712  40.959 0.0000000000
34792  16.486  -52.370  41.314 0.0000000000
34807  16.461  -52.789  40.312 0.0000000000
32169  14.169  -54.994  41.654 0.0000000000
41411  27.331  -46.206  32.011 0.0000000000
40593  26.880  -46.405  31.974 0.0000000000
39680  24.414  -47.783  34.486 0.0000000000
39679  25.335  -47.756  34.245 0.0000000000
39663  25.966  -47.880  34.873 0.0000000000
39647  25.892  -48.189  36.012 0.0000000000
39629  26.216  -48.384  37.286 0.0000000000
39630  25.061  -48.247  37.293 0.0000000000
39594  23.574  -47.875  39.370 0.0000000000
39593  24.578  -47.972  39.380 0.0000000000
39554  24.043  -48.027  41.338 0.0000000000
39538  24.379  -48.151  42.211 0.0000000000
38622  22.081  -49.197  43.467 0.0000000000
31219  11.998  -57.073  48.902 0.0000000000
31225  12.542  -56.586  48.213 0.0000000000
68456  53.155  -17.340  15.469 0.0000000000
68424  53.239  -18.314  17.208 0.0000000000
68423  53.741  -18.623  17.094 0.0000000000
67464  53.612  -18.668  17.667 0.0000000000
66472  53.445  -19.462  18.560 0.0000000000
66504  48.334  -19.532  16.770 0.0000000000
66503  49.393  -19.352  16.925 0.0000000000
66487  50.169  -19.185  18.286 0.0000000000
67436  51.702  -19.143  20.157 0.0000000000
61716  43.723  -24.756  20.086 0.0000000000
62703  43.347  -24.005  18.311 0.0000000000
62677  45.097  -23.545  20.305 0.0000000000
63679  45.566  -22.849  20.268 0.0000000000
61705  46.257  -23.987  21.495 0.0000000000
58812  46.435  -28.087  24.056 0.0000000000
59829  45.831  -27.204  22.799 0.0000000000
58826  47.422  -27.174  24.220 0.0000000000
54832  35.519  -32.491  24.376 0.0000000000
55742  37.607  -32.009  28.810 0.0000000000
55783  37.991  -31.683  27.444 0.0000000000
55741  38.497  -31.810  28.705 0.0000000000
55704  40.259  -31.465  30.294 0.0000000000
55690  40.102  -31.091  31.244 0.0000000000
45355  31.464  -41.414  30.435 0.0000000000
45354  32.021  -41.012  30.879 0.0000000000
47407  34.192  -38.921  32.556 0.0000000000
47419  33.707  -39.321  31.009 0.0000000000
48372  34.459  -38.132  32.075 0.0000000000
50247  34.485  -37.022  31.192 0.0000000000
50238  34.883  -36.731  32.532 0.0000000000
47349  38.324  -39.165  38.053 0.0000000000
51981  38.629  -35.371  34.832 0.0000000000
51134  38.184  -35.419  33.334 0.0000000000
51988  39.368  -34.309  34.060 0.0000000000
52011  39.376  -33.881  31.959 0.0000000000
52880  39.495  -33.368  33.744 0.0000000000
67550  48.557  -18.144  9.730 0.0000000000
68530  50.301  -17.212  8.904 0.0000000000
69497  51.003  -16.910  9.004 0.0000000000
68509  51.037  -17.948  10.180 0.0000000000
70384  51.831  -15.820  13.145 0.0000000000
69461  52.288  -16.342  12.239 0.0000000000
70382  53.140  -15.343  13.289 0.0000000000
69449  54.262  -16.199  13.441 0.0000000000
68536  54.943  -17.969  6.244 0.0000000000
70427  54.941  -16.306  9.303 0.0000000000
69484  55.853  -16.525  10.496 0.0000000000
70403  55.265  -15.795  11.381 0.0000000000
39536  26.414  -48.069  42.248 0.0000000000
39517  27.806  -48.204  43.065 0.0000000000
39500  27.271  -48.566  43.484 0.0000000000
33021  14.225  -53.981  43.431 0.0000000000
33875  14.160  -53.626  44.110 0.0000000000
33015  13.464  -54.429  44.499 0.0000000000
32996  13.350  -54.495  46.105 0.0000000000
32987  13.379  -54.946  46.812 0.0000000000
65645  42.369  -20.933  15.265 0.0000000000
64716  42.239  -21.403  15.812 0.0000000000
55763  43.886  -30.643  27.099 0.0000000000
56736  44.808  -29.962  26.720 0.0000000000
56719  44.524  -29.873  28.514 0.0000000000
57656  45.783  -28.868  29.340 0.0000000000
28047  10.684  -59.993  48.657 0.0000000000
26962  10.021  -60.544  49.081 0.0000000000
26956  9.401  -60.990  50.818 0.0000000000
54924  38.321  -30.916  20.476 0.0000000000
54852  37.638  -31.921  23.256 0.0000000000
42326  29.744  -44.701  32.097 0.0000000000
41398  29.933  -45.286  33.508 0.0000000000
42300  30.817  -44.810  34.769 0.0000000000
41381  31.367  -45.252  36.157 0.0000000000
39595  22.614  -47.815  39.346 0.0000000000
39575  21.936  -47.907  40.248 0.0000000000
39596  21.703  -47.781  39.315 0.0000000000
39598  20.117  -48.085  39.122 0.0000000000
38677  19.388  -48.655  38.949 0.0000000000
34823  16.195  -52.987  39.070 0.0000000000
34840  15.757  -52.573  38.165 0.0000000000
39682  22.866  -47.665  34.797 0.0000000000
39649  23.638  -47.905  36.436 0.0000000000
39631  24.013  -47.954  37.372 0.0000000000
39632  23.035  -47.810  37.399 0.0000000000
39614  23.323  -47.859  38.380 0.0000000000
38625  20.043  -49.557  43.578 0.0000000000
69440  51.314  -15.955  14.223 0.0000000000
69425  52.712  -16.646  15.248 0.0000000000
69427  50.875  -16.494  15.148 0.0000000000
68444  52.005  -17.478  16.386 0.0000000000
68426  51.759  -17.957  16.925 0.0000000000
66463  48.395  -19.543  19.554 0.0000000000
66474  49.295  -19.386  18.919 0.0000000000
66451  49.589  -19.464  20.704 0.0000000000
66441  51.004  -19.425  21.811 0.0000000000
61764  41.282  -24.209  16.905 0.0000000000
60816  41.721  -25.286  18.171 0.0000000000
60792  43.285  -25.336  20.249 0.0000000000
60780  44.310  -25.344  21.116 0.0000000000
59797  48.731  -26.260  25.758 0.0000000000
54811  34.743  -32.961  25.379 0.0000000000
54810  35.455  -32.517  25.347 0.0000000000
54767  35.635  -32.197  27.432 0.0000000000
54766  36.349  -31.939  28.195 0.0000000000
54726  37.962  -32.262  29.948 0.0000000000
45313  33.038  -40.969  33.724 0.0000000000
46386  32.644  -40.872  32.105 0.0000000000
46376  33.629  -40.161  33.517 0.0000000000
46375  34.234  -39.682  33.852 0.0000000000
47387  35.500  -38.895  34.467 0.0000000000
67542  45.932  -18.510  10.630 0.0000000000
68511  46.424  -17.598  10.129 0.0000000000
66577  47.294  -19.116  10.797 0.0000000000
66576  48.169  -19.138  10.822 0.0000000000
67538  49.732  -18.811  10.696 0.0000000000
67537  50.805  -18.283  10.688 0.0000000000
67514  50.022  -18.362  12.334 0.0000000000
69451  50.527  -16.493  13.417 0.0000000000
70445  53.062  -15.837  5.039 0.0000000000
68554  53.695  -17.422  6.115 0.0000000000
68538  53.613  -17.449  6.928 0.0000000000
68532  55.466  -18.034  8.224 0.0000000000
69513  53.884  -16.903  7.931 0.0000000000
69505  53.844  -16.358  8.592 0.0000000000
69506  53.029  -16.104  8.622 0.0000000000
39645  28.302  -48.118  36.481 0.0000000000
39644  29.589  -47.779  36.546 0.0000000000
39608  29.683  -48.331  38.809 0.0000000000
39567  29.908  -47.883  40.847 0.0000000000
39547  30.701  -47.260  42.131 0.0000000000
36773  17.074  -51.351  43.569 0.0000000000
36742  17.341  -51.698  44.240 0.0000000000
35729  16.508  -51.870  43.900 0.0000000000
35707  16.454  -52.706  44.592 0.0000000000
33859  14.649  -53.528  44.988 0.0000000000
33848  15.218  -53.743  45.232 0.0000000000
67507  46.351  -18.826  13.639 0.0000000000
68459  47.952  -18.196  14.763 0.0000000000
67491  46.488  -18.861  14.748 0.0000000000
66521  46.338  -19.256  15.393 0.0000000000
66506  46.424  -19.619  16.293 0.0000000000
65643  44.260  -19.910  15.523 0.0000000000
66492  45.419  -19.884  16.935 0.0000000000
66476  47.429  -19.595  18.357 0.0000000000
66465  46.714  -19.789  18.878 0.0000000000
65598  47.082  -20.130  19.967 0.0000000000
64650  47.246  -21.164  21.077 0.0000000000
58848  41.869  -27.962  21.919 0.0000000000
58846  43.569  -27.636  22.274 0.0000000000
57756  43.385  -28.790  22.961 0.0000000000
57737  45.761  -28.845  24.359 0.0000000000
57722  46.800  -28.355  25.243 0.0000000000
57707  45.985  -29.090  26.776 0.0000000000
57706  46.720  -28.626  26.379 0.0000000000
58786  47.930  -27.610  26.719 0.0000000000
51193  33.834  -35.565  28.542 0.0000000000
46321  37.263  -40.516  39.317 0.0000000000
67543  45.277  -18.255  10.759 0.0000000000
66567  45.803  -19.226  11.495 0.0000000000
66554  46.230  -19.123  12.725 0.0000000000
72233  51.056  -13.417  6.487 0.0000000000
72234  50.331  -14.289  6.584 0.0000000000
30245  12.089  -57.573  44.532 0.0000000000
31237  12.057  -56.761  46.427 0.0000000000
30233  11.799  -57.637  46.425 0.0000000000
30221  11.715  -57.734  48.403 0.0000000000
30210  11.847  -57.690  49.872 0.0000000000
28038  11.035  -59.269  49.183 0.0000000000
59889  39.877  -27.090  19.072 0.0000000000
58896  39.380  -27.768  19.239 0.0000000000
58884  40.395  -27.844  20.278 0.0000000000
57775  41.218  -28.721  21.731 0.0000000000
56761  42.052  -29.991  22.984 0.0000000000
55807  42.222  -30.976  24.016 0.0000000000
54873  39.686  -31.209  22.207 0.0000000000
54849  40.966  -31.296  23.390 0.0000000000
55799  42.914  -31.200  25.225 0.0000000000
55764  43.190  -31.236  26.981 0.0000000000
54735  43.198  -31.251  28.992 0.0000000000
54712  42.846  -31.290  29.882 0.0000000000
44316  31.376  -42.282  31.732 0.0000000000
42325  30.470  -44.100  32.498 0.0000000000
43328  31.244  -43.097  32.921 0.0000000000
44305  32.075  -42.093  33.120 0.0000000000
45301  32.581  -42.001  34.294 0.0000000000
45278  33.527  -41.897  36.143 0.0000000000
45256  35.543  -41.972  38.611 0.0000000000
40510  30.955  -47.302  37.608 0.0000000000
40509  31.477  -46.556  37.247 0.0000000000
41364  32.735  -45.580  38.085 0.0000000000
41329  33.576  -45.614  41.153 0.0000000000
41353  33.517  -45.488  39.385 0.0000000000
42233  33.805  -44.792  38.650 0.0000000000
43221  34.605  -43.724  38.578 0.0000000000
44218  35.709  -42.906  39.472 0.0000000000
45247  36.307  -41.971  39.676 0.0000000000
38619  24.838  -48.878  43.532 0.0000000000
38620  23.887  -48.932  43.455 0.0000000000
38633  22.523  -48.963  43.317 0.0000000000
38635  21.186  -48.975  43.250 0.0000000000
39541  21.522  -48.425  41.657 0.0000000000
38646  21.156  -48.751  42.462 0.0000000000
38636  20.473  -49.142  43.161 0.0000000000
38637  19.704  -49.486  43.080 0.0000000000
37735  18.940  -49.886  42.906 0.0000000000
37744  18.224  -50.269  42.594 0.0000000000
39636  19.723  -48.060  36.964 0.0000000000
38684  19.291  -48.562  37.679 0.0000000000
38678  18.823  -49.241  39.187 0.0000000000
37782  17.819  -50.004  37.186 0.0000000000
37767  18.464  -49.755  38.778 0.0000000000
37760  18.515  -49.758  39.813 0.0000000000
37761  18.058  -50.291  40.532 0.0000000000
37753  18.149  -50.263  41.576 0.0000000000
36782  17.636  -50.770  42.227 0.0000000000
35759  16.553  -51.885  42.144 0.0000000000
35760  16.091  -52.272  42.247 0.0000000000
33881  15.233  -53.257  42.495 0.0000000000
33896  15.869  -53.498  40.524 0.0000000000
33888  15.445  -53.594  41.632 0.0000000000
33882  14.817  -53.714  42.699 0.0000000000
32161  14.293  -54.748  42.236 0.0000000000
32162  13.772  -55.223  42.636 0.0000000000
31260  12.750  -56.570  43.177 0.0000000000
30254  12.302  -57.081  43.535 0.0000000000
30246  11.546  -57.909  44.253 0.0000000000
41410  28.099  -45.930  32.171 0.0000000000
40578  27.972  -46.455  32.995 0.0000000000
40535  28.085  -47.416  34.771 0.0000000000
40565  26.854  -47.093  33.164 0.0000000000
39677  27.080  -47.413  34.215 0.0000000000
39661  28.095  -47.824  35.520 0.0000000000
39628  27.373  -48.432  37.388 0.0000000000
39610  27.555  -48.522  38.479 0.0000000000
39591  26.655  -48.372  39.452 0.0000000000
39612  25.362  -48.248  38.368 0.0000000000
39592  25.604  -48.175  39.402 0.0000000000
39552  26.099  -48.042  41.362 0.0000000000
39537  25.400  -48.089  42.215 0.0000000000
39502  25.277  -48.601  43.332 0.0000000000
31232  12.253  -56.427  47.436 0.0000000000
32117  12.740  -56.002  47.652 0.0000000000
68442  53.479  -18.164  16.172 0.0000000000
68447  49.386  -18.154  15.726 0.0000000000
67479  51.212  -18.263  17.052 0.0000000000
67455  51.966  -18.632  18.670 0.0000000000
67445  51.199  -19.053  19.549 0.0000000000
67444  52.207  -18.901  19.423 0.0000000000
67443  52.880  -18.816  19.106 0.0000000000
64717  41.527  -21.670  15.674 0.0000000000
64687  42.722  -22.225  16.949 0.0000000000
62716  42.363  -23.729  17.340 0.0000000000
63717  42.795  -22.873  17.276 0.0000000000
64671  44.000  -22.083  17.914 0.0000000000
64661  45.194  -21.939  19.075 0.0000000000
63677  46.647  -22.239  21.094 0.0000000000
64631  48.028  -21.837  22.238 0.0000000000
58845  44.667  -27.470  22.453 0.0000000000
59844  45.394  -26.645  22.298 0.0000000000
60768  46.497  -25.350  22.265 0.0000000000
59810  48.466  -25.867  24.914 0.0000000000
60742  48.207  -25.375  24.273 0.0000000000
60767  46.960  -24.941  22.438 0.0000000000
62645  48.032  -23.854  23.296 0.0000000000
63640  48.747  -22.437  23.530 0.0000000000
54853  36.579  -31.999  23.366 0.0000000000
54830  37.420  -31.903  24.331 0.0000000000
54785  36.859  -31.826  26.278 0.0000000000
54784  38.042  -31.719  26.573 0.0000000000
54783  39.148  -31.800  26.193 0.0000000000
55739  40.087  -31.764  28.311 0.0000000000
55703  41.449  -31.575  30.112 0.0000000000
56679  42.430  -30.466  31.944 0.0000000000
46414  33.096  -39.949  30.853 0.0000000000
49351  33.774  -37.613  29.580 0.0000000000
51187  34.101  -36.076  29.628 0.0000000000
51176  35.712  -35.186  30.315 0.0000000000
47350  37.544  -39.953  38.465 0.0000000000
47370  37.558  -39.078  36.343 0.0000000000
49308  36.945  -37.732  34.878 0.0000000000
50205  38.146  -37.085  36.183 0.0000000000
50219  36.829  -37.045  34.441 0.0000000000
51148  36.115  -35.777  32.765 0.0000000000
51163  36.586  -35.402  31.501 0.0000000000
52040  36.501  -34.701  29.714 0.0000000000
52038  38.421  -33.928  30.281 0.0000000000
53827  38.531  -33.071  31.187 0.0000000000
54704  38.809  -31.837  31.746 0.0000000000
53779  39.872  -32.352  35.159 0.0000000000
54693  39.380  -31.451  33.063 0.0000000000
55675  39.512  -31.185  32.435 0.0000000000
56661  40.917  -30.528  32.534 0.0000000000
71271  49.928  -14.865  6.958 0.0000000000
70435  50.636  -15.771  7.271 0.0000000000
69516  51.214  -16.106  7.766 0.0000000000
69507  51.971  -16.276  8.523 0.0000000000
69495  52.932  -16.446  9.689 0.0000000000
68497  52.119  -17.199  11.304 0.0000000000
69473  53.193  -16.055  11.301 0.0000000000
70414  54.025  -15.736  10.744 0.0000000000
70391  55.007  -15.681  12.114 0.0000000000
38601  25.446  -49.042  43.651 0.0000000000
38600  26.450  -49.101  43.760 0.0000000000
32147  12.826  -55.736  44.602 0.0000000000
56695  43.734  -30.341  30.735 0.0000000000
56694  44.614  -29.549  30.664 0.0000000000
40534  28.786  -47.211  35.114 0.0000000000
40533  29.693  -46.922  35.552 0.0000000000
40512  21.018  -47.500  36.727 0.0000000000
40513  20.625  -47.592  36.606 0.0000000000
40524  21.410  -47.477  36.189 0.0000000000
40511  21.604  -47.512  36.743 0.0000000000
37726  18.429  -50.681  43.812 0.0000000000
36760  17.768  -51.099  43.881 0.0000000000
68469  48.292  -17.772  14.374 0.0000000000
65580  49.026  -20.132  21.933 0.0000000000
65568  49.472  -20.320  22.797 0.0000000000
59876  41.152  -26.962  20.100 0.0000000000
59887  41.408  -26.317  19.428 0.0000000000
52059  34.567  -34.310  28.489 0.0000000000
52069  34.123  -34.019  27.807 0.0000000000
52058  35.157  -33.848  28.707 0.0000000000
52952  34.936  -33.585  28.393 0.0000000000
52050  35.672  -34.241  29.118 0.0000000000
46331  35.624  -41.211  38.165 0.0000000000
46339  35.462  -40.799  37.509 0.0000000000
46338  36.035  -40.553  37.840 0.0000000000
67517  47.542  -18.597  13.260 0.0000000000
67505  47.874  -18.213  13.546 0.0000000000
68478  48.462  -17.781  13.717 0.0000000000
70447  51.209  -15.457  6.102 0.0000000000
70439  50.815  -15.449  6.665 0.0000000000
39570  26.872  -48.262  40.459 0.0000000000
39569  27.915  -48.316  40.552 0.0000000000
34772  14.976  -52.924  43.656 0.0000000000
66544  43.598  -19.725  12.926 0.0000000000
66532  44.595  -19.471  14.113 0.0000000000
66533  43.730  -19.846  13.850 0.0000000000
64685  44.167  -21.346  17.708 0.0000000000
65610  44.664  -20.794  17.873 0.0000000000
55805  43.352  -30.803  24.688 0.0000000000
56751  43.979  -30.217  24.550 0.0000000000
56744  44.352  -30.317  25.229 0.0000000000
28061  11.088  -59.378  46.802 0.0000000000
57835  38.120  -28.997  19.073 0.0000000000
56799  38.670  -29.723  19.997 0.0000000000
56800  37.972  -30.139  19.741 0.0000000000
54829  38.491  -31.918  24.217 0.0000000000
54828  39.579  -31.875  24.093 0.0000000000
54781  40.901  -31.919  26.019 0.0000000000
54782  39.964  -31.874  25.876 0.0000000000
42287  31.735  -44.309  35.928 0.0000000000
43279  31.792  -43.703  35.410 0.0000000000
42286  32.345  -44.059  36.475 0.0000000000
43262  32.941  -43.522  36.788 0.0000000000
43244  33.045  -44.052  37.227 0.0000000000
40479  31.368  -46.997  41.275 0.0000000000
40478  31.643  -46.970  40.716 0.0000000000
40467  31.769  -46.751  41.542 0.0000000000
38659  19.291  -49.228  41.082 0.0000000000
35799  17.337  -51.611  39.346 0.0000000000
35787  17.362  -51.421  40.142 0.0000000000
35788  17.001  -51.957  39.995 0.0000000000
39665  24.106  -47.894  35.456 0.0000000000
39664  25.069  -47.941  35.231 0.0000000000
39574  22.828  -47.934  40.315 0.0000000000
39573  23.796  -47.940  40.363 0.0000000000
37722  21.511  -49.363  43.606 0.0000000000
31212  12.188  -57.311  49.514 0.0000000000
31218  12.567  -56.974  48.986 0.0000000000
69438  53.083  -15.996  14.556 0.0000000000
69424  53.250  -16.746  14.883 0.0000000000
68412  52.939  -18.330  17.837 0.0000000000
68411  53.281  -18.528  17.954 0.0000000000
67453  53.433  -18.942  18.343 0.0000000000
66488  49.306  -19.414  17.978 0.0000000000
61707  44.982  -24.391  20.909 0.0000000000
61715  44.251  -24.355  20.192 0.0000000000
62670  45.493  -23.832  20.889 0.0000000000
58798  47.363  -27.790  25.135 0.0000000000
58811  47.032  -27.824  24.499 0.0000000000
58810  47.674  -27.303  24.847 0.0000000000
54833  34.659  -33.013  24.296 0.0000000000
55719  38.620  -31.845  29.675 0.0000000000
55705  39.409  -31.530  30.502 0.0000000000
45341  31.576  -41.579  31.152 0.0000000000
48357  34.908  -38.448  33.487 0.0000000000
48363  34.544  -38.433  32.688 0.0000000000
49324  34.842  -37.963  32.988 0.0000000000
49332  34.739  -37.488  32.490 0.0000000000
49323  35.201  -37.481  33.301 0.0000000000
51113  38.816  -35.275  36.195 0.0000000000
51989  38.777  -35.103  34.172 0.0000000000
52871  39.726  -33.400  35.069 0.0000000000
67549  49.324  -18.219  9.787 0.0000000000
68522  48.878  -17.572  9.234 0.0000000000
68521  49.815  -17.539  9.142 0.0000000000
68520  50.931  -17.523  9.496 0.0000000000
67547  50.754  -18.038  10.042 0.0000000000
70373  52.049  -15.609  13.829 0.0000000000
70383  52.440  -15.522  13.232 0.0000000000
70372  52.767  -15.415  14.004 0.0000000000
70371  53.385  -15.577  13.979 0.0000000000
67564  54.970  -18.298  6.885 0.0000000000
66586  55.652  -19.372  7.446 0.0000000000
70420  55.047  -16.158  9.827 0.0000000000
69492  55.804  -16.670  9.657 0.0000000000
70412  55.423  -16.100  10.621 0.0000000000
70413  54.739  -15.789  10.633 0.0000000000
39518  26.801  -48.235  42.979 0.0000000000
33028  13.887  -54.675  43.228 0.0000000000
33022  13.934  -54.114  43.741 0.0000000000
33008  12.719  -54.976  45.432 0.0000000000
33007  12.990  -54.677  45.280 0.0000000000
32997  12.712  -54.950  45.798 0.0000000000
65646  41.155  -21.006  14.932 0.0000000000
56720  44.190  -30.255  28.068 0.0000000000
56729  44.121  -30.371  27.607 0.0000000000
26972  10.190  -60.402  48.100 0.0000000000
41399  29.274  -45.481  32.773 0.0000000000
41382  30.599  -45.916  35.527 0.0000000000
41388  30.216  -45.471  34.353 0.0000000000
39597  20.876  -47.863  39.220 0.0000000000
39667  22.490  -47.682  35.675 0.0000000000
39666  23.245  -47.812  35.586 0.0000000000
37709  19.817  -50.410  44.136 0.0000000000
69441  50.300  -16.436  14.374 0.0000000000
69426  51.853  -16.301  15.244 0.0000000000
69416  49.911  -17.075  15.735 0.0000000000
69415  50.490  -16.998  15.794 0.0000000000
66462  49.328  -19.367  19.838 0.0000000000
61755  40.411  -24.935  17.137 0.0000000000
60825  40.868  -25.297  17.628 0.0000000000
59874  42.763  -25.869  20.384 0.0000000000
60793  42.659  -25.676  20.007 0.0000000000
60781  43.571  -25.735  20.967 0.0000000000
54812  34.178  -33.217  25.485 0.0000000000
54788  34.721  -32.765  26.443 0.0000000000
54768  34.948  -32.594  27.169 0.0000000000
53847  36.076  -32.701  28.698 0.0000000000
54742  35.988  -32.197  28.342 0.0000000000
54741  36.820  -32.320  28.825 0.0000000000
54740  37.621  -32.248  29.326 0.0000000000
54727  37.456  -32.460  29.395 0.0000000000
45300  33.056  -41.497  34.622 0.0000000000
46366  33.593  -40.706  34.467 0.0000000000
47380  34.894  -39.874  35.245 0.0000000000
47388  34.865  -39.237  34.260 0.0000000000
47379  35.827  -39.203  35.128 0.0000000000
66578  46.494  -19.104  10.861 0.0000000000
66552  48.267  -19.151  12.262 0.0000000000
66564  48.483  -19.254  11.544 0.0000000000
66575  48.945  -19.190  10.982 0.0000000000
67527  49.673  -18.938  11.672 0.0000000000
68477  49.246  -17.195  13.604 0.0000000000
68476  49.864  -16.980  13.186 0.0000000000
69531  52.415  -16.598  6.342 0.0000000000
69530  52.894  -16.927  5.919 0.0000000000
68539  53.117  -17.208  6.506 0.0000000000
68534  53.869  -17.307  7.533 0.0000000000
69519  53.510  -17.180  7.367 0.0000000000
39627  28.525  -48.415  37.510 0.0000000000
39626  29.546  -48.199  37.774 0.0000000000
39568  28.937  -48.185  40.674 0.0000000000
39588  29.791  -48.147  39.837 0.0000000000
39548  30.044  -47.662  41.820 0.0000000000
35744  16.507  -51.746  43.187 0.0000000000
36761  17.038  -51.630  44.024 0.0000000000
34756  15.563  -52.957  44.622 0.0000000000
34755  16.205  -52.767  44.602 0.0000000000
34747  16.132  -53.088  44.791 0.0000000000
33867  13.973  -53.731  44.550 0.0000000000
67508  45.901  -18.911  13.879 0.0000000000
67497  46.896  -18.509  14.318 0.0000000000
67499  45.716  -18.961  14.038 0.0000000000
66530  45.939  -19.096  14.822 0.0000000000
65654  42.847  -20.249  14.173 0.0000000000
65653  43.534  -20.016  14.467 0.0000000000
65621  45.014  -20.223  17.649 0.0000000000
66493  44.755  -19.892  16.412 0.0000000000
66491  46.466  -19.781  17.185 0.0000000000
66477  46.399  -19.731  18.153 0.0000000000
65600  45.804  -20.704  19.054 0.0000000000
65599  46.493  -20.439  19.476 0.0000000000
65590  46.819  -20.725  20.121 0.0000000000
65589  47.411  -20.486  20.588 0.0000000000
64651  46.703  -21.472  20.625 0.0000000000
57774  42.355  -28.725  22.417 0.0000000000
57773  42.993  -28.223  22.463 0.0000000000
56749  45.420  -29.513  25.334 0.0000000000
57738  44.959  -29.313  24.166 0.0000000000
56735  45.327  -29.548  27.193 0.0000000000
57692  45.836  -29.085  27.748 0.0000000000
57691  46.603  -28.695  27.456 0.0000000000
57690  47.328  -28.188  27.093 0.0000000000
58773  48.541  -27.367  28.041 0.0000000000
51200  33.300  -35.852  27.538 0.0000000000
67529  44.643  -18.438  11.090 0.0000000000
67528  45.278  -18.795  11.049 0.0000000000
66568  44.845  -19.172  11.590 0.0000000000
66541  46.016  -18.995  13.321 0.0000000000
72239  50.950  -14.188  5.962 0.0000000000
29140  11.837  -58.060  45.239 0.0000000000
30238  11.942  -57.629  45.680 0.0000000000
30239  11.834  -57.908  45.933 0.0000000000
29121  11.492  -58.593  47.869 0.0000000000
30227  11.706  -57.770  47.430 0.0000000000
30215  11.724  -57.728  49.251 0.0000000000
28039  10.572  -59.970  49.561 0.0000000000
29110  10.874  -59.259  49.955 0.0000000000
59896  39.524  -26.722  18.301 0.0000000000
58897  38.710  -28.226  19.008 0.0000000000
57815  40.178  -28.374  20.539 0.0000000000
57792  40.877  -28.316  21.207 0.0000000000
57793  40.355  -28.749  20.958 0.0000000000
55836  40.526  -30.239  21.840 0.0000000000
56770  40.901  -29.647  21.904 0.0000000000
55813  41.996  -30.685  23.406 0.0000000000
55814  41.305  -30.831  23.040 0.0000000000
54898  38.511  -31.110  20.922 0.0000000000
54803  42.214  -31.482  24.831 0.0000000000
55782  43.174  -31.175  25.988 0.0000000000
54780  42.238  -31.708  26.076 0.0000000000
54761  42.381  -31.641  27.444 0.0000000000
54736  42.691  -31.545  28.456 0.0000000000
54722  43.131  -31.183  29.601 0.0000000000
54713  42.309  -31.565  29.822 0.0000000000
44329  30.657  -42.389  30.420 0.0000000000
44317  30.812  -42.595  31.111 0.0000000000
42314  30.037  -44.825  32.897 0.0000000000
44295  31.641  -42.680  33.285 0.0000000000
44306  31.580  -42.513  32.613 0.0000000000
44294  32.068  -42.416  33.961 0.0000000000
44283  32.592  -42.341  34.905 0.0000000000
44255  33.445  -42.576  36.621 0.0000000000
44268  33.132  -42.129  35.715 0.0000000000
44254  34.108  -42.109  37.073 0.0000000000
45266  34.765  -41.715  37.545 0.0000000000
45257  34.826  -42.284  37.961 0.0000000000
39625  30.395  -47.912  38.081 0.0000000000
39643  30.286  -47.703  37.261 0.0000000000
40501  30.969  -47.550  38.258 0.0000000000
40490  32.410  -46.475  39.222 0.0000000000
40500  31.708  -46.912  38.474 0.0000000000
40499  32.383  -46.343  38.665 0.0000000000
41365  32.207  -45.888  37.634 0.0000000000
41354  32.933  -45.772  38.761 0.0000000000
42167  34.722  -44.657  41.317 0.0000000000
42186  34.153  -45.108  40.726 0.0000000000
42209  34.058  -45.033  39.756 0.0000000000
42208  34.426  -44.581  39.421 0.0000000000
42232  34.475  -44.332  39.014 0.0000000000
43204  34.905  -44.089  39.548 0.0000000000
43193  35.977  -43.131  40.459 0.0000000000
44217  36.053  -42.448  39.721 0.0000000000
39504  23.393  -48.794  43.272 0.0000000000
38634  21.924  -48.933  43.210 0.0000000000
38645  21.697  -48.753  42.870 0.0000000000
39557  21.458  -48.178  40.955 0.0000000000
38693  18.683  -48.973  37.163 0.0000000000
36790  17.581  -50.903  41.174 0.0000000000
36783  17.058  -51.243  42.744 0.0000000000
34780  16.165  -52.411  41.826 0.0000000000
34781  15.758  -52.742  42.199 0.0000000000
33904  16.112  -53.338  39.891 0.0000000000
33042  15.249  -54.097  41.088 0.0000000000
33035  15.173  -53.993  41.497 0.0000000000
33889  15.084  -53.711  42.160 0.0000000000
33027  14.292  -54.306  42.924 0.0000000000
31268  13.140  -56.134  42.510 0.0000000000
31259  13.232  -55.875  43.517 0.0000000000
30262  12.403  -56.867  43.016 0.0000000000
30263  12.001  -57.045  42.990 0.0000000000
40579  27.336  -46.590  32.561 0.0000000000
40563  28.198  -46.655  33.641 0.0000000000
40549  27.683  -47.156  34.157 0.0000000000
39704  25.492  -47.292  32.611 0.0000000000
39703  25.952  -47.082  32.521 0.0000000000
39693  26.122  -47.284  32.980 0.0000000000
39662  27.061  -47.723  34.968 0.0000000000
39572  24.809  -47.964  40.379 0.0000000000
39571  25.837  -48.104  40.402 0.0000000000
39520  24.796  -48.338  42.893 0.0000000000
36741  17.910  -51.469  44.299 0.0000000000
35714  18.008  -52.038  44.684 0.0000000000
32116  13.027  -56.094  47.969 0.0000000000
32121  13.283  -55.697  47.289 0.0000000000
31231  13.400  -56.273  47.652 0.0000000000
67463  54.046  -19.105  17.451 0.0000000000
67488  48.948  -18.659  15.676 0.0000000000
67467  50.845  -18.784  17.611 0.0000000000
67480  50.408  -18.602  16.690 0.0000000000
67466  51.735  -18.368  17.733 0.0000000000
66461  50.219  -19.249  20.015 0.0000000000
66473  50.221  -19.210  19.198 0.0000000000
67435  52.299  -19.276  19.980 0.0000000000
66460  52.729  -19.287  19.579 0.0000000000
63741  40.602  -22.255  15.778 0.0000000000
63740  41.260  -22.335  16.074 0.0000000000
64700  41.740  -22.142  16.145 0.0000000000
63728  42.340  -22.528  16.859 0.0000000000
61753  41.840  -24.532  17.414 0.0000000000
61752  42.545  -24.341  17.759 0.0000000000
62702  43.756  -23.656  18.589 0.0000000000
62714  43.429  -23.608  18.132 0.0000000000
63716  43.526  -22.939  17.884 0.0000000000
63702  44.184  -22.717  18.426 0.0000000000
63701  44.720  -22.631  18.980 0.0000000000
63670  46.463  -22.867  21.238 0.0000000000
63678  46.088  -22.520  20.676 0.0000000000
63669  47.043  -22.569  21.679 0.0000000000
64644  47.032  -21.780  21.228 0.0000000000
63668  47.626  -22.269  22.084 0.0000000000
59828  46.478  -26.696  22.937 0.0000000000
59843  46.128  -26.051  22.353 0.0000000000
60759  46.646  -25.930  22.625 0.0000000000
61657  48.615  -24.755  24.798 0.0000000000
60757  47.999  -24.735  23.674 0.0000000000
60758  47.361  -25.484  23.091 0.0000000000
61686  47.791  -24.374  23.151 0.0000000000
61696  47.306  -24.409  22.558 0.0000000000
61685  48.144  -24.125  23.601 0.0000000000
54854  35.598  -32.299  23.420 0.0000000000
55786  35.927  -32.015  26.839 0.0000000000
54786  36.012  -32.004  26.186 0.0000000000
55766  38.452  -31.731  27.945 0.0000000000
54765  38.469  -31.701  27.422 0.0000000000
54764  39.118  -31.732  27.285 0.0000000000
54739  39.880  -31.763  27.775 0.0000000000
55717  40.448  -31.805  29.103 0.0000000000
55688  41.947  -30.980  31.142 0.0000000000
46385  33.170  -40.310  32.440 0.0000000000
46399  32.701  -40.548  31.421 0.0000000000
46398  33.351  -39.939  31.563 0.0000000000
48385  33.278  -38.500  29.381 0.0000000000
50254  34.548  -36.535  31.097 0.0000000000
51178  34.284  -36.417  30.166 0.0000000000
51177  34.578  -35.969  30.570 0.0000000000
47344  38.028  -40.010  39.775 0.0000000000
48323  38.645  -38.448  37.644 0.0000000000
47359  38.312  -38.997  37.447 0.0000000000
48332  38.016  -38.524  36.398 0.0000000000
48333  37.456  -38.795  35.928 0.0000000000
48338  37.643  -38.266  35.734 0.0000000000
51114  38.386  -35.819  35.464 0.0000000000
50210  38.268  -36.491  36.090 0.0000000000
50211  37.832  -36.855  35.454 0.0000000000
50212  37.297  -37.198  34.966 0.0000000000
50227  37.008  -36.394  34.256 0.0000000000
50228  36.447  -36.474  33.876 0.0000000000
51135  37.119  -35.878  33.638 0.0000000000
51146  38.449  -35.154  32.300 0.0000000000
51147  37.411  -35.471  32.459 0.0000000000
51162  37.926  -35.121  31.265 0.0000000000
51175  37.071  -35.009  30.508 0.0000000000
51174  37.765  -34.879  30.537 0.0000000000
52039  37.724  -34.357  29.951 0.0000000000
52029  38.134  -34.760  30.629 0.0000000000
52892  39.319  -33.317  32.772 0.0000000000
52920  39.140  -33.574  31.721 0.0000000000
53807  38.888  -32.412  32.154 0.0000000000
53819  38.667  -32.497  31.468 0.0000000000
53799  39.090  -32.218  32.742 0.0000000000
52870  39.927  -32.765  35.574 0.0000000000
53778  40.273  -32.350  35.724 0.0000000000
55634  39.909  -31.232  34.089 0.0000000000
55653  39.852  -31.109  33.485 0.0000000000
55652  40.447  -30.692  33.151 0.0000000000
55674  40.143  -30.849  32.123 0.0000000000
72230  49.724  -14.331  7.163 0.0000000000
67541  46.852  -18.464  10.303 0.0000000000
68510  47.264  -17.611  9.774 0.0000000000
70430  49.132  -15.863  7.841 0.0000000000
70436  49.919  -15.699  7.452 0.0000000000
69517  50.509  -16.193  7.797 0.0000000000
69496  51.640  -16.800  9.158 0.0000000000
68518  52.580  -16.811  10.245 0.0000000000
67525  51.064  -18.119  11.617 0.0000000000
67536  51.314  -17.984  11.141 0.0000000000
68498  51.645  -17.527  11.662 0.0000000000
70394  52.748  -15.737  12.476 0.0000000000
69474  52.652  -16.481  11.586 0.0000000000
70406  53.147  -15.744  11.881 0.0000000000
70405  53.752  -15.572  11.596 0.0000000000
70404  54.552  -15.498  11.492 0.0000000000
70392  54.386  -15.428  12.551 0.0000000000
70444  54.278  -15.907  4.907 0.0000000000
69528  54.866  -16.599  5.193 0.0000000000
32146  13.038  -55.401  44.443 0.0000000000
32127  12.453  -55.680  46.055 0.0000000000
55714  44.050  -30.297  28.970 0.0000000000
40532  30.274  -46.705  35.926 0.0000000000
39616  21.476  -47.665  38.342 0.0000000000
40536  21.879  -47.520  35.835 0.0000000000
39651  22.108  -47.575  36.397 0.0000000000
36740  18.700  -51.169  44.271 0.0000000000
69442  49.519  -16.775  14.378 0.0000000000
69429  49.207  -16.935  14.876 0.0000000000
68457  49.673  -17.272  15.541 0.0000000000
66443  49.009  -19.838  21.298 0.0000000000
66428  50.376  -19.628  22.552 0.0000000000
60807  41.556  -25.853  18.933 0.0000000000
59875  42.150  -26.172  20.074 0.0000000000
59861  42.991  -26.353  21.112 0.0000000000
52977  34.129  -33.375  27.104 0.0000000000
53862  34.963  -32.723  27.681 0.0000000000
52963  35.027  -33.084  28.206 0.0000000000
52951  35.583  -33.355  28.675 0.0000000000
52939  36.795  -33.438  29.208 0.0000000000
45287  34.054  -40.986  36.069 0.0000000000
46355  34.150  -40.594  35.417 0.0000000000
46349  34.750  -40.686  36.468 0.0000000000
46348  35.366  -40.451  36.817 0.0000000000
66553  47.379  -19.092  12.575 0.0000000000
67515  49.104  -18.746  12.469 0.0000000000
68489  48.909  -17.949  13.139 0.0000000000
69521  52.235  -16.307  6.837 0.0000000000
34763  15.419  -52.602  43.976 0.0000000000
66523  44.568  -19.646  14.997 0.0000000000
64669  45.359  -21.223  18.911 0.0000000000
56760  42.762  -29.867  23.326 0.0000000000
56759  43.766  -29.662  23.734 0.0000000000
56750  44.840  -29.726  24.767 0.0000000000
57676  46.360  -28.739  28.485 0.0000000000
57834  38.781  -28.745  19.404 0.0000000000
57817  39.203  -28.922  19.985 0.0000000000
57794  39.821  -29.072  20.593 0.0000000000
56798  39.440  -29.213  20.326 0.0000000000
56783  39.626  -29.730  20.795 0.0000000000
55837  39.962  -30.403  21.480 0.0000000000
42312  31.130  -44.059  34.421 0.0000000000
43296  31.579  -43.534  34.758 0.0000000000
43295  32.122  -43.099  35.237 0.0000000000
44256  32.866  -43.090  36.281 0.0000000000
44240  33.650  -43.002  37.214 0.0000000000
39606  31.258  -47.417  39.485 0.0000000000
40477  32.399  -46.540  40.169 0.0000000000
43173  35.243  -44.325  42.399 0.0000000000
42184  35.134  -44.091  40.387 0.0000000000
39521  23.794  -48.460  42.904 0.0000000000
39577  20.397  -48.107  39.903 0.0000000000
38667  20.400  -48.410  40.602 0.0000000000
36818  17.373  -50.859  37.517 0.0000000000
36811  17.674  -51.050  38.735 0.0000000000
35774  17.408  -51.225  40.647 0.0000000000
33043  14.574  -54.597  40.820 0.0000000000
32176  13.852  -55.039  41.017 0.0000000000
39695  24.640  -47.647  33.619 0.0000000000
39678  26.390  -47.514  33.945 0.0000000000
31226  11.909  -56.995  47.953 0.0000000000
67452  53.811  -19.352  17.972 0.0000000000
66519  48.239  -19.290  15.954 0.0000000000
66518  48.975  -19.221  16.210 0.0000000000
66502  50.097  -19.178  17.467 0.0000000000
66449  51.739  -19.327  20.876 0.0000000000
63730  40.789  -22.882  16.237 0.0000000000
61731  43.011  -24.871  19.160 0.0000000000
61743  42.946  -24.604  18.498 0.0000000000
61730  43.560  -24.468  19.376 0.0000000000
62688  44.015  -23.765  19.220 0.0000000000
62687  44.531  -23.471  19.548 0.0000000000
63689  45.240  -22.611  19.677 0.0000000000
62669  46.023  -23.489  21.149 0.0000000000
62668  46.585  -23.496  21.595 0.0000000000
58828  45.964  -27.872  23.318 0.0000000000
58844  45.415  -27.498  22.738 0.0000000000
58827  46.846  -27.447  23.715 0.0000000000
61670  48.785  -23.784  24.652 0.0000000000
55768  36.730  -31.793  27.797 0.0000000000
55784  37.292  -31.686  27.186 0.0000000000
55767  37.738  -31.754  27.999 0.0000000000
55740  39.326  -31.729  28.296 0.0000000000
55718  39.396  -31.699  29.452 0.0000000000
47395  34.199  -39.234  33.184 0.0000000000
47408  33.866  -39.352  32.148 0.0000000000
48373  34.214  -38.460  31.446 0.0000000000
49340  34.320  -37.601  30.882 0.0000000000
49339  34.500  -37.561  31.638 0.0000000000
50246  34.693  -36.675  31.811 0.0000000000
50245  34.998  -36.250  32.359 0.0000000000
48306  39.262  -38.655  39.381 0.0000000000
48316  38.917  -38.593  38.547 0.0000000000
49278  39.135  -37.671  38.216 0.0000000000
51124  38.092  -35.744  34.376 0.0000000000
51999  38.942  -34.824  33.144 0.0000000000
52012  39.099  -34.627  32.124 0.0000000000
51998  39.441  -34.111  32.947 0.0000000000
68523  48.080  -17.555  9.466 0.0000000000
69498  49.178  -17.033  8.729 0.0000000000
69508  50.977  -16.593  8.430 0.0000000000
68529  50.609  -16.986  8.809 0.0000000000
69462  51.698  -16.635  12.513 0.0000000000
70395  52.178  -15.949  12.692 0.0000000000
70381  53.859  -15.485  13.433 0.0000000000
67563  55.296  -18.550  6.472 0.0000000000
69504  54.955  -16.669  8.835 0.0000000000
68505  56.326  -17.598  10.351 0.0000000000
39535  27.424  -48.028  42.314 0.0000000000
38617  26.821  -48.870  43.716 0.0000000000
33874  14.494  -53.549  43.614 0.0000000000
33860  13.698  -53.964  45.208 0.0000000000
33850  13.464  -54.167  45.685 0.0000000000
65633  42.575  -21.245  15.916 0.0000000000
64698  43.158  -21.402  16.625 0.0000000000
55781  43.744  -30.787  26.284 0.0000000000
55780  44.309  -30.380  26.458 0.0000000000
55762  44.351  -30.261  27.094 0.0000000000
56728  44.634  -29.950  27.608 0.0000000000
56727  45.159  -29.448  28.085 0.0000000000
56718  45.075  -29.279  28.964 0.0000000000
26971  10.789  -59.922  47.834 0.0000000000
26955  9.999  -60.560  50.106 0.0000000000
26973  9.429  -60.461  48.587 0.0000000000
26951  10.084  -60.360  51.131 0.0000000000
54875  37.837  -31.824  22.162 0.0000000000
42288  31.120  -44.862  35.519 0.0000000000
42272  32.090  -44.782  36.760 0.0000000000
39556  22.121  -48.159  41.146 0.0000000000
35829  16.729  -51.552  37.698 0.0000000000
39681  23.591  -47.746  34.700 0.0000000000
69413  52.204  -16.993  15.740 0.0000000000
69414  51.446  -16.940  15.802 0.0000000000
68425  52.487  -18.072  17.182 0.0000000000
67465  52.472  -18.367  18.020 0.0000000000
66475  48.360  -19.487  18.633 0.0000000000
61765  40.624  -24.329  16.713 0.0000000000
60824  41.379  -24.983  17.585 0.0000000000
60815  42.377  -25.045  18.470 0.0000000000
60806  42.490  -25.407  19.237 0.0000000000
60805  43.046  -24.982  19.536 0.0000000000
60791  43.876  -24.934  20.439 0.0000000000
60779  45.155  -24.935  21.294 0.0000000000
58796  48.445  -27.028  26.477 0.0000000000
54787  35.402  -32.351  26.289 0.0000000000
55769  36.166  -31.892  27.259 0.0000000000
55743  36.854  -32.028  28.379 0.0000000000
55720  38.158  -32.053  29.788 0.0000000000
55707  38.282  -31.785  30.067 0.0000000000
45327  32.538  -41.211  32.812 0.0000000000
45326  33.037  -40.627  33.137 0.0000000000
46365  34.211  -40.030  34.468 0.0000000000
48349  35.315  -38.624  34.112 0.0000000000
48348  35.940  -38.422  34.423 0.0000000000
67539  48.755  -18.713  10.313 0.0000000000
67526  50.404  -18.605  11.550 0.0000000000
67513  50.669  -18.112  12.186 0.0000000000
68487  50.399  -17.428  12.726 0.0000000000
69463  50.986  -16.798  12.794 0.0000000000
69450  51.285  -16.148  13.244 0.0000000000
70374  51.601  -15.785  13.615 0.0000000000
69529  53.851  -16.770  5.410 0.0000000000
68537  54.407  -17.881  6.722 0.0000000000
67556  54.843  -18.143  7.295 0.0000000000
68533  54.630  -17.658  7.834 0.0000000000
69512  54.576  -17.103  8.314 0.0000000000
70429  53.769  -16.201  9.101 0.0000000000
70422  53.474  -16.190  9.274 0.0000000000
39587  30.648  -47.712  40.071 0.0000000000
39566  30.892  -47.348  41.063 0.0000000000
39534  28.428  -48.006  42.406 0.0000000000
39533  29.413  -47.882  42.526 0.0000000000
39515  29.881  -47.972  43.242 0.0000000000
35715  17.352  -52.092  44.471 0.0000000000
35716  16.612  -52.313  44.363 0.0000000000
35706  16.821  -52.620  44.596 0.0000000000
34746  16.930  -53.020  44.773 0.0000000000
33866  14.482  -53.385  44.422 0.0000000000
34757  14.892  -53.197  44.638 0.0000000000
33858  15.252  -53.390  44.967 0.0000000000
67506  47.307  -18.415  13.742 0.0000000000
68470  47.626  -18.177  14.269 0.0000000000
68460  47.419  -18.371  14.557 0.0000000000
67490  47.213  -18.697  14.971 0.0000000000
66520  47.319  -19.286  15.694 0.0000000000
66505  47.393  -19.616  16.539 0.0000000000
66490  47.410  -19.646  17.445 0.0000000000
66508  44.755  -19.727  15.740 0.0000000000
66507  45.522  -19.641  16.018 0.0000000000
66464  47.408  -19.712  19.297 0.0000000000
66453  47.709  -19.866  20.019 0.0000000000
65608  46.067  -20.077  18.872 0.0000000000
65588  47.886  -20.310  21.000 0.0000000000
64642  48.219  -21.215  22.108 0.0000000000
58866  41.275  -27.746  21.089 0.0000000000
58865  42.274  -27.317  21.491 0.0000000000
58847  42.649  -27.788  22.137 0.0000000000
58830  44.275  -28.173  22.877 0.0000000000
57755  44.673  -28.933  23.531 0.0000000000
57754  45.410  -28.502  23.501 0.0000000000
57736  46.523  -28.313  24.510 0.0000000000
57721  47.348  -27.911  25.522 0.0000000000
56742  45.429  -29.582  26.237 0.0000000000
57705  47.352  -28.045  26.091 0.0000000000
58785  48.489  -27.182  27.294 0.0000000000
52060  33.991  -34.818  28.337 0.0000000000
51192  34.207  -34.924  28.717 0.0000000000
46322  36.906  -41.209  39.808 0.0000000000
47339  38.337  -40.195  40.379 0.0000000000
72240  50.649  -14.420  6.226 0.0000000000
31243  12.348  -56.591  45.340 0.0000000000
30232  11.904  -57.352  46.160 0.0000000000
31213  11.929  -57.376  49.438 0.0000000000
28046  11.182  -59.347  48.296 0.0000000000
29109  11.362  -58.447  49.829 0.0000000000
60818  40.080  -26.194  18.158 0.0000000000
59895  40.236  -26.415  18.463 0.0000000000
59888  40.540  -26.701  19.097 0.0000000000
59877  40.563  -27.198  19.756 0.0000000000
58895  40.152  -27.313  19.500 0.0000000000
58883  41.056  -27.457  20.532 0.0000000000
56768  42.323  -29.500  22.786 0.0000000000
57776  40.719  -29.204  21.497 0.0000000000
56769  41.672  -29.647  22.398 0.0000000000
55812  42.616  -30.645  23.800 0.0000000000
55853  38.667  -30.574  20.509 0.0000000000
55838  39.230  -30.684  21.103 0.0000000000
55823  40.233  -30.870  22.180 0.0000000000
54850  39.936  -31.429  22.976 0.0000000000
55815  40.697  -31.006  22.790 0.0000000000
54848  41.493  -31.084  23.463 0.0000000000
54825  42.206  -31.234  24.325 0.0000000000
55737  43.640  -30.856  28.178 0.0000000000
55738  42.992  -31.357  27.775 0.0000000000
55715  43.584  -30.840  29.307 0.0000000000
55701  43.274  -30.943  30.130 0.0000000000
55687  42.964  -30.747  31.085 0.0000000000
44338  31.005  -41.824  30.142 0.0000000000
44328  31.092  -41.975  30.856 0.0000000000
42337  30.090  -44.052  31.705 0.0000000000
43345  30.712  -43.327  31.684 0.0000000000
43313  30.912  -43.687  33.071 0.0000000000
43329  30.916  -43.451  32.480 0.0000000000
43344  31.181  -42.954  32.275 0.0000000000
44315  31.928  -41.892  32.409 0.0000000000
45314  32.541  -41.691  33.754 0.0000000000
44282  33.088  -41.852  35.201 0.0000000000
45288  33.539  -41.411  35.615 0.0000000000
45277  34.089  -41.541  36.588 0.0000000000
45265  35.302  -41.380  37.986 0.0000000000
40521  30.664  -46.856  36.551 0.0000000000
40520  31.265  -46.310  36.709 0.0000000000
41373  31.711  -45.745  36.822 0.0000000000
42256  32.227  -45.298  37.194 0.0000000000
42255  32.923  -44.796  37.612 0.0000000000
41320  32.962  -46.040  41.566 0.0000000000
41330  32.965  -46.032  40.642 0.0000000000
41343  33.576  -45.590  40.213 0.0000000000
42234  33.100  -45.237  38.262 0.0000000000
42254  33.608  -44.371  37.974 0.0000000000
43242  34.295  -43.205  37.986 0.0000000000
43220  35.203  -43.298  39.018 0.0000000000
44226  35.187  -42.949  38.758 0.0000000000
45248  35.907  -42.314  39.365 0.0000000000
45255  36.239  -41.460  39.164 0.0000000000
39505  22.884  -48.891  43.288 0.0000000000
38621  23.003  -49.025  43.419 0.0000000000
38623  21.342  -49.221  43.537 0.0000000000
38624  20.688  -49.332  43.615 0.0000000000
39652  20.201  -47.698  36.385 0.0000000000
37781  18.091  -49.335  36.751 0.0000000000
37774  18.377  -49.614  37.712 0.0000000000
35745  15.998  -52.187  42.777 0.0000000000
34808  16.144  -53.087  40.679 0.0000000000
29141  11.388  -58.338  44.840 0.0000000000
28074  11.120  -58.840  45.498 0.0000000000
41409  28.923  -45.100  31.705 0.0000000000
41400  28.601  -46.170  33.223 0.0000000000
41390  28.680  -46.411  33.787 0.0000000000
40548  28.577  -46.783  34.315 0.0000000000
40580  26.458  -46.857  32.397 0.0000000000
40550  27.124  -47.214  33.777 0.0000000000
39519  25.800  -48.291  42.915 0.0000000000
32122  12.617  -55.653  46.987 0.0000000000
68446  49.930  -17.706  15.937 0.0000000000
67481  49.600  -18.685  16.100 0.0000000000
67442  53.114  -19.216  19.062 0.0000000000
64699  42.474  -21.805  16.368 0.0000000000
64686  43.378  -21.799  17.182 0.0000000000
62726  41.053  -23.598  16.547 0.0000000000
63718  42.146  -23.089  17.036 0.0000000000
62715  43.014  -23.753  17.852 0.0000000000
64660  45.819  -21.528  19.528 0.0000000000
63688  45.770  -22.268  20.058 0.0000000000
64652  46.151  -21.798  20.169 0.0000000000
64643  47.637  -21.507  21.625 0.0000000000
64630  48.634  -21.620  22.861 0.0000000000
58864  42.947  -27.129  21.855 0.0000000000
59846  43.404  -26.885  21.798 0.0000000000
59845  44.121  -26.544  21.768 0.0000000000
60770  44.825  -25.989  21.790 0.0000000000
60769  45.524  -25.477  21.799 0.0000000000
61698  46.078  -24.926  21.881 0.0000000000
59798  48.086  -26.876  25.198 0.0000000000
59811  47.986  -26.461  24.570 0.0000000000
60743  47.770  -26.014  23.868 0.0000000000
60728  48.720  -25.261  25.182 0.0000000000
61697  46.573  -24.406  21.967 0.0000000000
62660  47.120  -23.557  22.152 0.0000000000
62659  47.813  -23.523  22.809 0.0000000000
62644  48.459  -23.367  23.614 0.0000000000
62658  48.166  -23.024  23.026 0.0000000000
63656  48.025  -22.552  22.609 0.0000000000
63655  48.401  -22.611  23.113 0.0000000000
64629  49.287  -21.130  23.499 0.0000000000
54809  36.190  -32.003  25.335 0.0000000000
54808  37.191  -31.876  25.380 0.0000000000
54807  38.266  -31.861  25.317 0.0000000000
54738  40.697  -31.803  28.039 0.0000000000
54725  41.218  -31.870  28.784 0.0000000000
55716  41.266  -31.832  29.324 0.0000000000
54724  41.944  -31.837  29.182 0.0000000000
55702  42.487  -31.245  30.407 0.0000000000
46415  32.487  -40.329  30.348 0.0000000000
47429  33.031  -39.383  30.019 0.0000000000
50269  33.717  -36.777  28.978 0.0000000000
50263  34.068  -36.832  29.871 0.0000000000
51186  34.621  -35.140  29.388 0.0000000000
51185  35.373  -34.787  29.489 0.0000000000
47351  36.822  -40.347  38.257 0.0000000000
47361  36.436  -40.168  37.451 0.0000000000
47360  37.734  -39.360  37.119 0.0000000000
47371  36.810  -39.338  36.079 0.0000000000
47378  36.539  -38.967  35.365 0.0000000000
48340  36.385  -38.676  35.008 0.0000000000
49315  36.436  -37.724  34.375 0.0000000000
49290  38.673  -37.592  37.317 0.0000000000
51092  38.834  -36.147  37.206 0.0000000000
50204  38.509  -36.805  36.806 0.0000000000
49299  38.309  -37.647  36.582 0.0000000000
49307  37.505  -37.724  35.328 0.0000000000
49316  35.843  -37.631  33.934 0.0000000000
50229  35.808  -36.879  33.619 0.0000000000
50237  35.274  -36.421  33.043 0.0000000000
51149  35.339  -35.969  32.514 0.0000000000
52041  35.833  -34.768  29.607 0.0000000000
52049  36.733  -34.116  29.303 0.0000000000
52048  37.243  -33.887  29.401 0.0000000000
52938  37.483  -33.466  29.537 0.0000000000
52028  38.773  -34.309  31.018 0.0000000000
52929  38.543  -33.420  30.640 0.0000000000
53828  38.219  -32.693  30.421 0.0000000000
53820  38.443  -32.375  30.956 0.0000000000
54715  38.419  -32.065  30.658 0.0000000000
55692  39.039  -31.497  31.596 0.0000000000
53789  39.622  -32.467  34.299 0.0000000000
54662  39.904  -31.575  34.644 0.0000000000
54676  39.515  -31.686  33.745 0.0000000000
54677  39.224  -31.871  33.084 0.0000000000
55676  39.042  -31.466  32.077 0.0000000000
55691  39.474  -31.293  31.451 0.0000000000
56681  40.672  -30.803  31.826 0.0000000000
56680  41.425  -30.664  31.921 0.0000000000
72235  49.957  -14.469  6.869 0.0000000000
70440  50.322  -15.321  6.988 0.0000000000
69494  53.651  -16.100  10.252 0.0000000000
68508  51.601  -17.699  10.610 0.0000000000
68507  52.372  -17.056  10.723 0.0000000000
69475  52.097  -16.868  11.874 0.0000000000
69486  52.937  -16.557  10.717 0.0000000000
69485  53.476  -16.117  10.730 0.0000000000
69460  54.783  -16.249  12.715 0.0000000000
26980  10.783  -59.786  47.395 0.0000000000
29133  11.843  -58.048  45.525 0.0000000000
31238  11.866  -57.137  46.641 0.0000000000
33895  16.169  -53.231  40.233 0.0000000000
39586  31.256  -47.301  40.273 0.0000000000
40468  31.240  -46.979  41.822 0.0000000000
41355  32.409  -46.118  38.298 0.0000000000
42166  35.194  -44.159  40.932 0.0000000000
43195  35.083  -44.085  40.107 0.0000000000
43203  35.226  -43.555  39.353 0.0000000000
43222  33.940  -44.154  38.172 0.0000000000
43261  33.400  -43.174  37.066 0.0000000000
44211  35.902  -43.089  40.126 0.0000000000
44227  34.794  -42.808  38.211 0.0000000000
46329  36.985  -40.414  38.636 0.0000000000
48324  38.307  -38.765  37.069 0.0000000000
48339  37.014  -38.494  35.353 0.0000000000
48347  36.563  -38.225  34.791 0.0000000000
48364  34.262  -38.674  32.178 0.0000000000
49300  37.927  -37.683  35.932 0.0000000000
49331  34.929  -36.990  32.894 0.0000000000
49345  34.108  -37.430  30.237 0.0000000000
50218  37.391  -36.656  34.716 0.0000000000
50220  36.257  -37.141  34.061 0.0000000000
50236  35.939  -36.223  33.426 0.0000000000
50255  34.336  -36.810  30.579 0.0000000000
51125  37.464  -36.151  34.396 0.0000000000
51136  36.371  -36.010  33.472 0.0000000000
51165  34.713  -36.226  31.312 0.0000000000
52027  39.116  -33.796  31.487 0.0000000000
52904  39.060  -33.182  32.067 0.0000000000
52905  38.828  -32.863  31.785 0.0000000000
52921  38.858  -33.318  31.381 0.0000000000
52930  38.065  -33.443  30.032 0.0000000000
52950  36.211  -33.182  28.979 0.0000000000
52965  33.983  -33.823  27.371 0.0000000000
53806  39.098  -32.734  32.623 0.0000000000
53836  37.708  -32.814  29.754 0.0000000000
53846  36.564  -32.855  29.040 0.0000000000
54647  40.202  -31.781  35.299 0.0000000000
54694  39.043  -31.699  32.497 0.0000000000
54705  38.580  -32.041  31.203 0.0000000000
54711  43.085  -31.144  29.880 0.0000000000
54714  38.742  -31.802  31.168 0.0000000000
54723  42.712  -31.500  29.341 0.0000000000
54826  41.657  -31.349  24.051 0.0000000000
55797  44.198  -30.485  25.815 0.0000000000
55806  42.679  -30.977  24.425 0.0000000000
55821  41.645  -30.358  22.805 0.0000000000
55824  39.621  -30.962  21.763 0.0000000000
57816  39.822  -28.589  20.300 0.0000000000
57842  38.353  -28.536  18.865 0.0000000000
58867  40.699  -28.129  20.928 0.0000000000
58885  39.715  -28.123  19.944 0.0000000000
61729  44.052  -23.990  19.612 0.0000000000
61742  43.422  -24.211  18.676 0.0000000000
61754  41.079  -24.753  17.186 0.0000000000
62629  48.676  -23.643  24.276 0.0000000000
62676  45.657  -23.262  20.645 0.0000000000
62725  41.716  -23.655  16.964 0.0000000000
65582  47.685  -20.776  21.152 0.0000000000
66563  49.077  -19.180  11.653 0.0000000000
66574  49.370  -19.092  11.230 0.0000000000
67498  46.091  -18.883  14.262 0.0000000000
68555  53.287  -17.303  6.329 0.0000000000
69483  56.210  -16.962  10.371 0.0000000000
69493  55.220  -16.384  9.381 0.0000000000
70419  55.562  -16.328  10.141 0.0000000000
70428  54.440  -16.250  9.240 0.0000000000
