#!ascii label  , from subject msSRGRS20160210 vox2ras=TkReg
2064
28039  10.572  -59.970  49.561 0.1111110002
26955  9.999  -60.560  50.106 0.1111110002
26956  9.401  -60.990  50.818 0.2222220004
25879  8.689  -61.297  50.757 0.4444440007
31226  11.909  -56.995  47.953 0.1111110002
29117  11.443  -58.507  48.821 0.1111110002
28046  11.182  -59.347  48.296 0.1111110002
31233  11.855  -57.069  47.065 0.1111110002
30227  11.706  -57.770  47.430 0.1111110002
29121  11.492  -58.593  47.869 0.1111110002
28038  11.035  -59.269  49.183 0.1111110002
31243  12.348  -56.591  45.340 0.2222220004
31237  12.057  -56.761  46.427 0.2222220004
26962  10.021  -60.544  49.081 0.3333329856
26963  8.998  -60.942  49.733 0.4444440007
25880  8.015  -61.207  50.471 0.4444440007
25881  7.359  -60.917  50.352 0.4444440007
26957  7.000  -61.029  50.368 0.2222220004
28047  10.684  -59.993  48.657 0.1111110002
30232  11.904  -57.352  46.160 0.2222220004
28052  11.156  -59.405  47.431 0.1111110002
31251  12.749  -56.305  44.241 0.2222220004
30238  11.942  -57.629  45.680 0.2222220004
29127  11.476  -58.655  46.826 0.2222220004
26973  9.429  -60.461  48.587 0.4444440007
31259  13.232  -55.875  43.517 0.2222220004
26974  8.669  -60.403  48.872 0.4444440007
26964  7.838  -60.336  49.742 0.4444440007
26965  7.006  -60.152  50.182 0.3333329856
26958  6.858  -61.209  50.242 0.2222220004
26966  6.421  -60.396  49.741 0.3333329856
26985  5.873  -60.204  48.290 0.2222220004
26972  10.190  -60.402  48.100 0.4444440007
30245  12.089  -57.573  44.532 0.2222220004
29134  11.641  -58.318  45.762 0.2222220004
28061  11.088  -59.378  46.802 0.2222220004
26991  9.950  -59.919  47.082 0.4444440007
32169  14.169  -54.994  41.654 0.2222220004
31268  13.140  -56.134  42.510 0.2222220004
29141  11.388  -58.338  44.840 0.3333329856
28074  11.120  -58.840  45.498 0.3333329856
26983  9.091  -60.287  48.255 0.5555559993
32170  13.402  -55.554  41.643 0.2222220004
31260  12.750  -56.570  43.177 0.2222220004
30262  12.403  -56.867  43.016 0.3333329856
28054  9.244  -59.469  47.462 0.5555559993
28048  8.286  -59.810  49.008 0.4444440007
32176  13.852  -55.039  41.017 0.4444440007
28040  7.897  -59.267  49.513 0.4444440007
33050  15.202  -54.134  40.299 0.2222220004
26967  5.908  -59.674  49.390 0.4444440007
25895  6.572  -61.717  46.877 0.1111110002
28053  10.793  -59.663  47.096 0.4444440007
26990  10.150  -59.773  46.908 0.5555559993
30246  11.546  -57.909  44.253 0.3333329856
28069  10.503  -59.139  45.863 0.5555559993
31269  12.378  -56.519  42.600 0.2222220004
30263  12.001  -57.045  42.990 0.3333329856
29148  10.889  -57.741  44.025 0.5555559993
29142  10.549  -58.220  44.662 0.5555559993
29123  8.899  -58.783  47.851 0.6666669846
31270  11.462  -56.427  42.869 0.5555559993
31261  11.102  -56.994  43.405 0.6666669846
28034  6.968  -58.645  50.035 0.5555559993
33905  15.410  -53.684  39.449 0.3333329856
33044  13.774  -54.599  40.339 0.4444440007
29118  8.403  -58.930  48.770 0.7777780294
29112  7.524  -58.439  49.694 0.5555559993
28064  5.945  -59.869  47.032 0.1111110002
34824  15.477  -53.131  38.668 0.6666669846
33915  14.923  -53.346  38.733 0.3333329856
26976  5.784  -59.981  48.900 0.2222220004
28056  5.898  -59.998  47.497 0.2222220004
28070  9.883  -58.957  45.860 0.5555559993
29128  9.484  -58.584  46.444 0.5555559993
30247  10.432  -57.358  44.261 0.5555559993
29143  10.005  -57.684  44.826 0.5555559993
32178  12.812  -54.966  40.939 0.5555559993
31276  12.087  -56.017  42.120 0.6666669846
31277  11.692  -55.877  42.348 0.6666669846
31262  10.678  -56.533  43.689 0.5555559993
30240  9.736  -57.180  45.452 0.7777780294
29122  9.262  -58.913  47.136 0.7777780294
30222  9.011  -57.642  48.032 0.6666669846
33045  12.933  -54.497  40.533 0.5555559993
33890  12.353  -54.026  40.910 0.7777780294
33038  11.985  -54.532  41.568 0.8888890147
30216  8.178  -58.053  49.106 0.6666669846
28043  6.007  -59.157  49.663 0.4444440007
34840  15.757  -52.573  38.165 0.6666669846
33906  14.331  -53.655  39.145 0.7777780294
33897  13.331  -54.084  39.991 0.7777780294
28057  5.766  -59.571  47.890 0.2222220004
33029  11.471  -54.630  42.500 0.8888890147
32164  11.170  -55.557  43.038 0.7777780294
32156  10.801  -55.520  43.667 0.8888890147
33898  12.792  -53.517  40.237 0.8888890147
33891  11.978  -53.666  41.441 0.8888890147
33023  11.357  -54.334  42.933 0.8888890147
33916  14.378  -53.004  38.655 0.6666669846
34825  13.827  -52.941  38.999 0.7777780294
33908  12.995  -52.860  39.862 0.8888890147
34795  11.858  -52.933  41.769 0.8888890147
33883  11.634  -53.732  42.089 0.8888890147
35830  15.939  -51.765  37.503 0.6666669846
34841  14.901  -52.716  38.197 0.6666669846
35790  12.740  -51.598  40.661 0.8888890147
34794  12.255  -53.084  41.005 0.8888890147
34782  11.610  -52.888  42.498 0.7777780294
34842  13.980  -52.149  38.487 0.7777780294
34827  12.998  -52.551  39.904 0.8888890147
36819  16.476  -50.991  37.059 0.7777780294
36820  15.556  -50.772  36.920 0.7777780294
34857  14.657  -51.935  37.912 0.7777780294
37782  17.819  -50.004  37.186 0.7777780294
36828  17.410  -50.206  36.852 0.7777780294
36830  16.201  -50.370  36.524 0.7777780294
35776  12.193  -51.920  41.592 0.8888890147
35777  11.832  -52.395  42.146 0.6666669846
35801  13.350  -51.308  39.390 0.8888890147
34809  12.947  -51.954  40.139 0.8888890147
36793  12.546  -50.889  41.244 0.7777780294
36821  14.732  -50.668  37.346 0.7777780294
35812  14.077  -51.304  38.237 0.8888890147
38684  19.291  -48.562  37.679 0.5555559993
38693  18.683  -48.973  37.163 0.5555559993
37781  18.091  -49.335  36.751 0.7777780294
37788  17.405  -49.509  36.257 0.7777780294
37797  16.986  -49.181  35.871 0.7777780294
38692  19.049  -48.426  36.600 0.6666669846
38701  18.289  -48.700  36.011 0.7777780294
38702  17.713  -49.016  36.045 0.7777780294
38711  17.305  -48.708  35.718 0.7777780294
39614  23.323  -47.859  38.380 0.3333329856
39631  24.013  -47.954  37.372 0.4444440007
36805  13.937  -50.203  38.579 0.8888890147
36806  13.590  -50.488  39.135 0.8888890147
36798  13.204  -50.554  40.028 0.8888890147
39618  19.891  -48.049  38.065 0.4444440007
37783  14.923  -49.773  36.902 0.7777780294
37784  14.407  -49.974  37.535 0.8888890147
37776  14.166  -49.696  38.213 0.8888890147
37769  13.899  -49.499  39.139 0.8888890147
37789  16.381  -49.531  36.090 0.8888890147
39636  19.723  -48.060  36.964 0.6666669846
38710  17.792  -48.242  35.410 0.7777780294
39653  19.374  -47.901  35.757 0.7777780294
39654  18.722  -48.197  35.720 0.7777780294
39595  22.614  -47.815  39.346 0.2222220004
39596  21.703  -47.781  39.315 0.3333329856
39615  22.370  -47.737  38.362 0.3333329856
39648  24.631  -48.083  36.300 0.4444440007
39617  20.654  -47.768  38.262 0.3333329856
39634  21.212  -47.552  37.458 0.4444440007
38679  14.088  -48.347  39.625 0.7777780294
37762  13.606  -49.067  40.106 0.7777780294
36792  12.926  -50.243  40.888 0.6666669846
39635  20.468  -47.714  37.230 0.5555559993
38695  14.495  -49.162  37.662 0.8888890147
38687  14.286  -48.816  38.573 0.7777780294
37770  13.469  -49.841  39.752 0.7777780294
39665  24.106  -47.894  35.456 0.5555559993
40513  20.625  -47.592  36.606 0.6666669846
38703  15.940  -48.525  35.974 0.8888890147
38694  14.922  -48.615  37.049 0.8888890147
39652  20.201  -47.698  36.385 0.6666669846
39669  18.330  -47.812  35.172 0.7777780294
39670  17.264  -47.466  35.233 0.8888890147
39671  16.498  -48.021  35.653 0.8888890147
40526  20.184  -47.453  35.670 0.7777780294
39649  23.638  -47.905  36.436 0.4444440007
39632  23.035  -47.810  37.399 0.5555559993
39633  22.089  -47.611  37.322 0.5555559993
39616  21.476  -47.665  38.342 0.4444440007
39620  14.511  -48.050  38.896 0.7777780294
39666  23.245  -47.812  35.586 0.5555559993
39650  22.771  -47.745  36.474 0.5555559993
40511  21.604  -47.512  36.743 0.5555559993
39638  15.288  -47.408  37.381 0.8888890147
38686  14.711  -48.211  38.032 0.7777780294
39680  24.414  -47.783  34.486 0.5555559993
39667  22.490  -47.682  35.675 0.5555559993
40523  21.758  -47.506  36.299 0.5555559993
40524  21.410  -47.477  36.189 0.5555559993
39655  15.797  -47.410  36.357 0.8888890147
39656  15.359  -48.185  36.503 0.8888890147
39679  25.335  -47.756  34.245 0.5555559993
39696  23.699  -47.556  33.708 0.6666669846
39682  22.866  -47.665  34.797 0.6666669846
40551  22.098  -47.490  34.980 0.7777780294
40537  21.389  -47.362  35.452 0.7777780294
40525  20.792  -47.456  36.036 0.7777780294
40541  16.441  -47.101  35.743 0.8888890147
39704  25.492  -47.292  32.611 0.6666669846
39705  24.719  -47.485  32.848 0.6666669846
40567  22.665  -47.174  33.766 0.6666669846
40552  21.461  -46.998  34.526 0.7777780294
40538  20.699  -47.159  35.166 0.7777780294
40539  19.862  -47.159  34.961 0.7777780294
39668  19.017  -47.215  34.790 0.7777780294
39685  17.834  -47.157  34.813 0.7777780294
41420  28.798  -44.823  31.133 0.5555559993
41409  28.923  -45.100  31.705 0.5555559993
41421  28.107  -45.155  30.951 0.7777780294
41422  27.024  -45.928  31.305 0.6666669846
40593  26.880  -46.405  31.974 0.6666669846
40594  26.230  -46.449  31.605 0.6666669846
40583  23.675  -47.115  32.628 0.7777780294
40605  25.815  -46.176  31.096 0.6666669846
40595  25.367  -46.557  31.488 0.7777780294
40503  15.406  -46.592  38.341 0.8888890147
39637  15.592  -47.159  36.917 0.8888890147
40540  16.751  -46.198  35.635 0.8888890147
43346  30.036  -43.680  31.121 0.5555559993
42338  29.375  -44.345  31.152 0.5555559993
40566  23.338  -47.305  33.340 0.6666669846
40568  21.326  -46.382  33.417 0.7777780294
40553  20.492  -46.688  34.295 0.7777780294
40554  19.393  -46.446  34.175 0.7777780294
40555  18.492  -46.254  34.202 0.8888890147
40556  17.586  -46.230  34.649 0.8888890147
42347  28.938  -44.105  30.466 0.5555559993
42348  28.202  -44.328  30.136 0.8888890147
41430  27.710  -44.857  30.311 0.8888890147
41431  27.127  -45.235  30.383 0.8888890147
40582  24.884  -47.063  32.094 0.6666669846
40596  24.370  -46.430  31.407 0.7777780294
40584  22.362  -46.328  32.463 0.8888890147
40570  19.466  -45.656  33.597 0.8888890147
41391  18.851  -45.680  33.825 0.8888890147
42349  27.326  -44.536  29.947 0.8888890147
42350  26.432  -44.674  29.960 0.8888890147
41432  26.022  -45.606  30.531 0.8888890147
40607  24.593  -45.792  30.900 0.8888890147
41424  23.927  -45.430  31.085 0.8888890147
41425  23.009  -45.412  31.562 0.8888890147
41433  25.039  -45.394  30.632 0.8888890147
40502  15.824  -46.147  37.962 0.8888890147
40527  16.519  -45.889  36.271 0.8888890147
40514  15.796  -46.712  37.126 0.8888890147
41384  17.211  -45.191  35.358 0.8888890147
43357  29.577  -43.506  30.287 0.6666669846
41404  18.676  -45.189  33.777 0.8888890147
41393  17.652  -45.147  34.621 0.8888890147
44340  29.670  -42.718  29.334 0.8888890147
43363  29.073  -43.306  29.538 0.8888890147
43358  28.820  -43.755  29.940 0.8888890147
41412  21.980  -45.248  32.026 0.8888890147
41413  21.053  -45.051  32.446 0.8888890147
41414  20.513  -44.994  32.700 0.7777780294
41402  19.864  -45.006  33.048 0.8888890147
41403  19.070  -45.081  33.523 0.7777780294
44341  28.937  -42.909  28.956 0.8888890147
43364  28.253  -43.438  29.271 0.8888890147
42356  27.581  -43.921  29.650 0.8888890147
42357  26.858  -43.957  29.602 0.8888890147
42351  25.280  -44.358  30.316 0.7777780294
41434  24.535  -45.423  30.795 0.8888890147
41366  16.653  -44.726  37.923 0.7777780294
41357  16.142  -45.288  38.431 0.4444440007
41376  16.426  -45.800  36.611 0.8888890147
41367  16.235  -45.739  37.272 0.7777780294
42280  17.601  -44.161  36.235 0.7777780294
41375  16.794  -45.200  36.576 0.8888890147
45341  31.576  -41.579  31.152 0.4444440007
44328  31.092  -41.975  30.856 0.5555559993
44329  30.657  -42.389  30.420 0.5555559993
44338  31.005  -41.824  30.142 0.5555559993
42306  18.918  -43.760  33.860 0.7777780294
42307  18.451  -43.966  34.242 0.7777780294
42308  17.960  -44.680  34.436 0.7777780294
44339  30.530  -42.094  29.537 0.7777780294
42343  22.606  -44.983  31.763 0.8888890147
42331  21.323  -44.360  32.263 0.8888890147
43337  20.859  -43.824  32.478 0.7777780294
42332  20.508  -44.338  32.613 0.7777780294
43322  19.627  -43.622  33.319 0.7777780294
42321  18.655  -44.720  33.767 0.7777780294
44346  30.091  -42.001  28.627 0.8888890147
44359  28.857  -41.867  27.768 0.8888890147
43370  27.674  -42.935  28.699 0.8888890147
43365  27.291  -43.417  29.153 0.7777780294
43367  25.890  -43.338  29.702 0.7777780294
43359  25.436  -43.376  30.158 0.7777780294
42340  24.850  -43.923  30.902 0.7777780294
42341  24.343  -44.224  31.285 0.7777780294
42342  23.237  -44.674  31.622 0.7777780294
42330  22.272  -44.237  32.027 0.8888890147
42358  26.083  -43.928  29.721 0.8888890147
42359  25.657  -43.783  29.911 0.7777780294
42264  17.329  -44.041  37.529 0.5555559993
46399  32.701  -40.548  31.421 0.2222220004
45354  32.021  -41.012  30.879 0.3333329856
45355  31.464  -41.414  30.435 0.5555559993
42294  18.261  -43.608  35.501 0.4444440007
42295  17.747  -44.410  35.005 0.6666669846
45366  31.857  -40.884  30.119 0.6666669846
43304  19.305  -43.265  33.970 0.6666669846
43288  18.904  -43.221  34.906 0.7777780294
45368  30.718  -41.570  28.820 0.7777780294
45377  30.489  -41.378  28.119 0.8888890147
43335  22.206  -43.371  32.529 0.7777780294
43321  20.424  -43.245  33.054 0.6666669846
44358  29.722  -41.670  27.860 0.8888890147
45391  27.808  -41.366  27.749 0.8888890147
44350  26.743  -42.004  28.500 0.7777780294
44342  26.105  -42.223  29.277 0.7777780294
44320  25.370  -42.635  30.456 0.7777780294
43348  25.032  -43.240  31.055 0.7777780294
43349  24.754  -43.795  31.192 0.7777780294
42261  24.995  -41.653  37.425 0.3333329856
43226  23.291  -41.653  37.354 0.2222220004
43227  22.549  -41.571  37.800 0.1111110002
43228  21.491  -41.639  38.328 0.1111110002
43229  20.376  -41.913  38.459 0.1111110002
43253  18.693  -42.820  37.591 0.2222220004
42290  26.184  -41.670  36.251 0.1111110002
42277  25.212  -41.726  36.568 0.3333329856
42278  24.300  -41.841  36.236 0.3333329856
43248  23.467  -41.881  36.480 0.2222220004
43249  22.647  -41.853  36.741 0.2222220004
43269  20.878  -42.106  36.197 0.2222220004
43270  19.987  -42.262  36.499 0.1111110002
43271  19.097  -42.915  36.259 0.2222220004
42263  17.939  -43.443  37.268 0.3333329856
47419  33.707  -39.321  31.009 0.2222220004
46415  32.487  -40.329  30.348 0.2222220004
42301  26.543  -41.623  35.903 0.1111110002
42291  25.490  -41.795  35.869 0.2222220004
42293  24.046  -42.216  35.007 0.3333329856
43266  23.559  -42.163  35.461 0.2222220004
43267  22.837  -42.187  35.747 0.2222220004
43268  21.920  -42.132  35.976 0.2222220004
42279  18.248  -43.328  36.551 0.3333329856
44297  27.825  -41.340  34.156 0.1111110002
43299  25.967  -41.659  34.598 0.2222220004
42315  25.362  -41.830  34.430 0.2222220004
42304  24.379  -42.240  34.361 0.3333329856
43283  23.596  -42.439  34.629 0.2222220004
43284  23.071  -42.438  34.784 0.2222220004
43286  21.156  -42.383  35.051 0.2222220004
43287  19.926  -42.619  35.257 0.3333329856
47430  32.509  -39.929  29.739 0.4444440007
46432  31.614  -40.678  28.887 0.6666669846
46402  28.630  -40.665  31.124 0.5555559993
45343  28.375  -40.871  31.825 0.4444440007
44308  26.442  -41.207  32.873 0.4444440007
43330  26.091  -41.463  33.479 0.4444440007
43317  24.983  -42.397  33.017 0.4444440007
42317  24.247  -42.698  33.344 0.5555559993
43300  23.350  -42.772  33.978 0.4444440007
43301  22.614  -42.683  33.991 0.4444440007
43302  21.569  -42.547  33.913 0.3333329856
43303  20.483  -42.633  33.991 0.5555559993
46445  31.940  -40.163  28.813 0.6666669846
45376  31.133  -41.045  28.519 0.7777780294
46418  27.550  -40.529  29.640 0.7777780294
45356  27.836  -40.622  31.070 0.6666669846
44318  26.142  -41.140  32.055 0.6666669846
44309  25.599  -41.622  32.163 0.5555559993
43332  24.790  -42.839  32.150 0.6666669846
42327  24.598  -42.751  32.852 0.6666669846
42318  23.681  -42.940  33.108 0.5555559993
43318  23.022  -43.007  33.169 0.5555559993
43319  22.279  -42.797  33.110 0.4444440007
44286  20.890  -42.706  33.451 0.4444440007
47463  31.954  -39.678  28.391 0.7777780294
47464  31.486  -39.765  28.033 0.7777780294
45387  30.861  -40.688  27.909 0.8888890147
45389  29.266  -41.058  27.492 0.8888890147
46458  28.801  -40.417  27.816 0.8888890147
46448  27.580  -40.839  28.040 0.7777780294
45369  26.861  -40.742  29.479 0.7777780294
45345  26.076  -41.085  30.645 0.7777780294
44319  25.513  -41.756  31.234 0.6666669846
43347  25.116  -42.311  31.843 0.6666669846
43333  24.667  -43.569  31.578 0.7777780294
42328  24.257  -43.297  32.313 0.7777780294
42329  23.240  -43.693  32.330 0.5555559993
46455  31.104  -40.080  27.887 0.8888890147
46456  30.591  -40.124  27.606 0.8888890147
46457  29.792  -40.194  27.511 0.8888890147
48379  33.830  -38.353  30.335 0.3333329856
47429  33.031  -39.383  30.019 0.4444440007
47446  32.915  -39.081  29.362 0.5555559993
47447  32.495  -39.570  29.105 0.4444440007
48386  32.848  -38.878  28.946 0.5555559993
48397  32.454  -38.838  28.242 0.5555559993
46433  29.032  -40.224  29.940 0.7777780294
47477  31.799  -39.307  27.930 0.7777780294
46447  28.319  -40.332  28.446 0.7777780294
47450  28.849  -40.068  28.779 0.7777780294
48410  31.857  -38.790  27.469 0.8888890147
47478  31.203  -39.434  27.582 0.8888890147
47479  30.432  -39.347  27.450 0.8888890147
47480  29.618  -39.365  27.842 0.8888890147
47465  29.458  -39.281  28.468 0.7777780294
48373  34.214  -38.460  31.446 0.2222220004
49340  34.320  -37.601  30.882 0.4444440007
47420  30.258  -39.823  31.369 0.3333329856
49351  33.774  -37.613  29.580 0.4444440007
48385  33.278  -38.500  29.381 0.4444440007
47431  30.049  -39.270  30.353 0.5555559993
48396  32.966  -38.360  28.714 0.5555559993
47449  29.446  -39.495  29.311 0.6666669846
48388  29.825  -38.491  29.620 0.5555559993
49359  32.899  -37.873  28.167 0.6666669846
48398  29.602  -38.502  28.573 0.6666669846
49368  32.430  -38.100  27.489 0.6666669846
48411  31.108  -38.673  26.922 0.8888890147
48413  29.711  -38.535  27.713 0.7777780294
49369  31.892  -38.264  26.956 0.8888890147
48426  30.922  -38.368  26.433 1.0000000000
48427  30.623  -38.482  26.682 1.0000000000
48412  30.141  -38.574  27.103 1.0000000000
49334  30.378  -38.414  32.862 0.2222220004
50254  34.548  -36.535  31.097 0.2222220004
48380  30.314  -38.748  31.140 0.3333329856
50247  34.485  -37.022  31.192 0.2222220004
48374  30.619  -38.983  32.082 0.3333329856
49341  30.204  -38.096  31.945 0.4444440007
50263  34.068  -36.832  29.871 0.3333329856
48387  30.064  -38.535  30.333 0.4444440007
50270  33.315  -37.192  28.285 0.5555559993
49353  29.489  -37.674  29.652 0.6666669846
49360  29.296  -37.602  28.689 0.8888890147
50281  28.817  -36.970  27.297 1.0000000000
49371  29.532  -37.909  27.479 1.0000000000
49381  32.294  -37.688  26.866 1.0000000000
49382  31.550  -37.898  26.316 1.0000000000
49403  31.017  -37.491  25.760 1.0000000000
49370  29.905  -38.235  26.924 1.0000000000
49383  30.356  -38.049  26.439 1.0000000000
49310  29.981  -37.218  35.566 0.1111110002
49317  30.402  -38.338  34.375 0.2222220004
49318  30.017  -37.496  34.628 0.2222220004
49326  30.138  -37.841  33.696 0.2222220004
50256  29.404  -37.258  31.171 0.4444440007
49346  29.905  -37.911  31.011 0.4444440007
49347  29.486  -37.577  30.537 0.6666669846
51177  34.578  -35.969  30.570 0.2222220004
49352  29.886  -37.981  30.195 0.4444440007
50264  29.056  -36.895  29.412 0.6666669846
51187  34.101  -36.076  29.628 0.3333329856
51178  34.284  -36.417  30.166 0.2222220004
50271  28.940  -36.978  28.377 0.8888890147
50269  33.717  -36.777  28.978 0.6666669846
50279  33.435  -36.477  28.143 0.8888890147
50282  28.088  -36.370  27.090 1.0000000000
50280  32.887  -37.030  27.438 1.0000000000
49384  29.486  -37.394  26.423 1.0000000000
50293  28.782  -36.641  26.203 1.0000000000
50291  32.382  -36.995  26.417 1.0000000000
50292  31.694  -36.888  25.813 1.0000000000
49405  29.552  -36.903  25.704 1.0000000000
50221  29.859  -36.589  34.904 0.1111110002
50230  29.784  -36.785  33.887 0.1111110002
50231  29.480  -36.522  33.212 0.3333329856
50239  29.781  -37.405  32.863 0.3333329856
50257  29.064  -36.704  30.622 0.6666669846
50258  28.640  -36.278  30.011 0.6666669846
50265  28.471  -36.306  29.209 0.6666669846
51176  35.712  -35.186  30.315 0.2222220004
50272  28.099  -36.325  28.203 1.0000000000
51185  35.373  -34.787  29.489 0.2222220004
51186  34.621  -35.140  29.388 0.3333329856
51193  33.834  -35.565  28.542 0.6666669846
52060  33.991  -34.818  28.337 0.7777780294
50273  27.683  -35.886  27.673 1.0000000000
52070  33.680  -34.685  27.429 1.0000000000
51200  33.300  -35.852  27.538 1.0000000000
52071  33.158  -35.394  26.948 1.0000000000
50294  28.087  -35.886  26.250 1.0000000000
51201  32.863  -36.072  26.705 1.0000000000
51210  32.283  -36.090  25.980 1.0000000000
50314  30.954  -36.687  25.435 1.0000000000
50315  30.131  -36.481  25.249 1.0000000000
50316  29.262  -36.310  25.310 1.0000000000
51226  28.922  -35.614  25.052 1.0000000000
50317  28.601  -36.001  25.605 1.0000000000
51120  30.134  -35.797  35.108 0.1111110002
51129  29.809  -35.953  34.380 0.2222220004
51139  29.720  -35.692  33.465 0.2222220004
51166  29.775  -34.948  31.840 0.1111110002
51152  29.339  -35.834  32.482 0.2222220004
52033  29.654  -34.884  31.504 0.2222220004
50240  29.359  -36.628  32.529 0.3333329856
51167  29.173  -35.454  31.602 0.2222220004
50249  29.217  -36.544  31.730 0.6666669846
51179  28.728  -35.622  30.661 0.5555559993
51180  28.428  -35.566  29.921 0.5555559993
51188  28.021  -35.407  29.143 0.6666669846
52051  35.032  -34.584  29.136 0.3333329856
51194  27.687  -35.320  28.320 0.7777780294
52059  34.567  -34.310  28.489 0.5555559993
51195  27.574  -35.228  27.616 1.0000000000
52080  33.396  -34.437  26.534 0.6666669846
52073  27.758  -34.543  27.561 1.0000000000
52090  32.442  -34.673  25.380 1.0000000000
52091  31.634  -34.975  25.109 1.0000000000
51202  27.585  -35.055  26.933 1.0000000000
52084  27.843  -34.345  26.643 1.0000000000
52082  32.125  -35.529  25.614 1.0000000000
51224  30.830  -35.834  25.130 1.0000000000
51225  29.887  -35.547  24.887 1.0000000000
51240  28.726  -35.124  25.018 1.0000000000
51227  28.250  -35.206  25.498 1.0000000000
52992  28.014  -34.075  25.979 1.0000000000
52083  28.073  -33.820  26.767 1.0000000000
52104  28.758  -34.580  25.008 1.0000000000
52093  28.335  -34.243  25.464 1.0000000000
52991  28.431  -33.445  25.800 1.0000000000
52044  29.366  -34.680  30.808 0.3333329856
52045  28.673  -35.071  30.384 0.4444440007
52964  34.511  -33.454  27.780 0.5555559993
52063  27.723  -34.781  28.085 1.0000000000
52062  28.307  -34.169  28.607 0.8888890147
52058  35.157  -33.848  28.707 0.4444440007
52072  28.105  -33.845  27.352 0.8888890147
52069  34.123  -34.019  27.807 0.5555559993
52977  34.129  -33.375  27.104 0.5555559993
52978  33.712  -33.833  26.585 0.6666669846
52979  33.256  -34.264  26.091 0.6666669846
52990  32.275  -34.352  25.087 0.8888890147
52101  31.147  -34.337  24.698 1.0000000000
52102  30.390  -34.627  24.657 1.0000000000
52103  29.436  -34.395  24.680 1.0000000000
53002  28.997  -33.505  24.928 1.0000000000
52053  29.527  -33.847  29.746 0.4444440007
52054  28.642  -34.714  29.811 0.4444440007
52061  29.070  -33.541  29.084 0.4444440007
52968  28.756  -33.121  27.710 0.8888890147
53876  34.532  -32.939  27.130 0.5555559993
52980  28.411  -33.310  26.709 1.0000000000
54767  35.635  -32.197  27.432 0.2222220004
54768  34.948  -32.594  27.169 0.3333329856
53877  34.171  -33.183  26.523 0.5555559993
53885  33.794  -33.448  25.796 0.6666669846
54788  34.721  -32.765  26.443 0.3333329856
54789  34.207  -33.093  26.072 0.4444440007
53893  33.566  -33.485  24.954 0.6666669846
53886  33.199  -33.769  25.169 0.7777780294
52998  32.564  -33.943  24.930 0.7777780294
54810  35.455  -32.517  25.347 0.3333329856
54811  34.743  -32.961  25.379 0.3333329856
54812  34.178  -33.217  25.485 0.4444440007
53894  32.599  -33.441  24.426 0.7777780294
53895  31.458  -33.301  24.133 1.0000000000
52999  31.779  -33.978  24.694 1.0000000000
53001  29.888  -33.677  24.392 1.0000000000
53879  28.883  -32.615  26.133 0.8888890147
54834  33.550  -33.200  24.274 0.4444440007
54835  32.561  -33.064  23.909 0.8888890147
53896  30.485  -33.057  24.031 1.0000000000
53897  29.599  -32.617  24.209 1.0000000000
53898  29.123  -32.371  24.795 1.0000000000
54792  29.026  -32.260  25.668 0.8888890147
54833  34.659  -33.013  24.296 0.3333329856
53904  31.971  -32.985  23.864 1.0000000000
54837  29.071  -31.816  24.826 1.0000000000
54814  29.022  -32.022  25.269 0.8888890147
54791  29.276  -31.614  25.981 0.8888890147
54856  33.517  -32.711  23.339 1.0000000000
54857  32.141  -32.677  23.306 0.8888890147
53905  31.141  -32.764  23.598 1.0000000000
54858  30.771  -32.277  22.960 1.0000000000
53907  29.606  -31.905  23.628 1.0000000000
54836  29.172  -31.537  24.250 1.0000000000
54855  34.632  -32.654  23.380 0.8888890147
54859  29.892  -31.825  22.976 1.0000000000
54860  29.385  -31.218  23.282 1.0000000000
52956  28.992  -33.239  28.616 0.5555559993
53866  28.905  -32.664  26.907 0.8888890147
54808  37.191  -31.876  25.380 0.2222220004
54785  36.859  -31.826  26.278 0.2222220004
55786  35.927  -32.015  26.839 0.2222220004
54787  35.402  -32.351  26.289 0.2222220004
54809  36.190  -32.003  25.335 0.3333329856
54786  36.012  -32.004  26.186 0.2222220004
53878  29.209  -32.159  26.627 0.8888890147
54830  37.420  -31.903  24.331 0.2222220004
54831  36.385  -32.003  24.382 0.3333329856
54853  36.579  -31.999  23.366 0.3333329856
54832  35.519  -32.491  24.376 0.3333329856
55808  29.044  -30.540  24.697 1.0000000000
54813  29.051  -31.332  25.092 0.8888890147
55801  29.296  -30.531  25.600 0.8888890147
54854  35.598  -32.299  23.420 0.4444440007
54879  33.727  -32.517  22.471 1.0000000000
54880  32.538  -32.498  22.337 1.0000000000
54881  31.254  -32.246  22.205 1.0000000000
54882  30.230  -31.803  22.243 1.0000000000
55825  29.296  -30.355  22.796 1.0000000000
55816  29.078  -30.459  23.773 1.0000000000
54905  31.743  -32.205  21.269 1.0000000000
54907  29.875  -31.300  21.853 1.0000000000
53864  30.161  -31.921  28.274 0.5555559993
53865  29.457  -32.203  27.412 0.7777780294
54807  38.266  -31.861  25.317 0.1111110002
54790  29.617  -31.075  26.689 0.7777780294
54771  29.517  -31.645  26.812 0.8888890147
55789  29.542  -30.723  26.267 0.8888890147
56753  29.352  -29.160  25.150 0.8888890147
56746  29.193  -29.853  25.149 0.8888890147
54878  34.758  -32.389  22.505 0.8888890147
56772  29.611  -29.264  22.410 1.0000000000
57748  29.281  -29.040  23.944 1.0000000000
54877  35.748  -32.169  22.430 0.6666669846
54903  34.034  -32.484  21.721 0.8888890147
54904  33.025  -32.385  21.467 1.0000000000
54906  30.443  -31.516  21.301 1.0000000000
55840  29.713  -30.394  21.777 1.0000000000
54930  32.464  -32.011  20.429 1.0000000000
54932  30.567  -30.964  20.719 1.0000000000
54769  30.713  -31.187  28.237 0.5555559993
54770  30.044  -31.144  27.456 0.7777780294
54783  39.148  -31.800  26.193 0.1111110002
54829  38.491  -31.918  24.217 0.2222220004
55788  29.960  -30.303  26.888 0.7777780294
54852  37.638  -31.921  23.256 0.2222220004
57733  29.791  -28.716  25.682 0.7777780294
56745  29.510  -29.546  25.828 0.8888890147
55800  29.602  -30.116  26.237 0.7777780294
57784  29.776  -28.555  22.952 0.7777780294
57747  29.701  -28.528  24.543 0.6666669846
56786  30.263  -29.237  21.508 1.0000000000
56762  29.174  -29.546  23.421 1.0000000000
54876  36.779  -31.983  22.316 0.4444440007
54901  35.949  -32.129  21.403 0.5555559993
54902  34.905  -32.345  21.527 0.7777780294
55839  30.251  -30.497  21.095 1.0000000000
54929  33.842  -32.308  20.634 0.8888890147
54931  31.265  -31.329  20.362 1.0000000000
55771  30.817  -30.404  27.876 0.4444440007
56731  30.976  -29.491  27.542 0.3333329856
55787  30.447  -30.000  27.405 0.3333329856
54782  39.964  -31.874  25.876 0.1111110002
57717  30.426  -28.674  26.524 0.3333329856
56738  29.905  -29.499  26.505 0.6666669846
54806  39.295  -31.885  25.138 0.1111110002
57718  29.847  -29.055  26.192 0.4444440007
57746  30.651  -27.682  24.549 0.4444440007
57732  30.431  -27.981  25.562 0.3333329856
57783  30.229  -28.372  22.541 0.7777780294
55857  30.751  -30.235  20.589 1.0000000000
54950  32.102  -31.243  19.705 1.0000000000
56803  30.784  -29.482  20.754 1.0000000000
54805  40.295  -31.888  25.048 0.1111110002
58804  32.480  -27.066  26.484 0.2222220004
58805  31.886  -27.152  26.220 0.3333329856
57716  31.179  -27.743  26.374 0.3333329856
54828  39.579  -31.875  24.093 0.1111110002
57730  32.615  -26.878  25.814 0.3333329856
57731  31.353  -27.281  25.522 0.3333329856
54875  37.837  -31.824  22.162 0.3333329856
57782  31.115  -27.692  22.649 0.5555559993
57764  30.928  -27.622  23.569 0.4444440007
54927  36.181  -31.952  20.427 0.5555559993
57800  30.586  -28.217  22.004 0.6666669846
54947  35.474  -31.767  19.634 0.7777780294
54948  34.377  -31.850  19.625 0.8888890147
54949  33.170  -31.690  19.593 1.0000000000
54951  31.606  -30.869  19.907 1.0000000000
56802  31.226  -29.486  20.154 0.8888890147
56785  30.914  -28.873  20.877 0.7777780294
55878  33.852  -31.080  18.960 0.8888890147
55879  32.733  -30.607  19.014 1.0000000000
56819  31.722  -29.496  19.598 1.0000000000
57763  31.872  -27.020  23.631 0.4444440007
57799  31.088  -27.965  21.625 0.7777780294
30233  11.799  -57.637  46.425 0.2222220004
26971  10.789  -59.922  47.834 0.3333329856
30239  11.834  -57.908  45.933 0.2222220004
29140  11.837  -58.060  45.239 0.2222220004
26982  9.562  -60.108  47.622 0.5555559993
28041  7.260  -59.313  49.959 0.4444440007
26975  6.061  -60.742  48.715 0.2222220004
26984  6.082  -60.541  47.612 0.1111110002
25890  6.462  -61.643  48.194 0.2222220004
26981  10.349  -59.964  47.298 0.5555559993
30254  12.302  -57.081  43.535 0.2222220004
28068  11.152  -59.138  46.169 0.2222220004
28075  10.765  -58.734  45.184 0.5555559993
28055  8.779  -59.784  48.170 0.5555559993
33043  14.574  -54.597  40.820 0.2222220004
28042  6.613  -59.107  49.962 0.5555559993
33051  14.565  -54.247  39.871 0.3333329856
28049  5.726  -59.190  48.979 0.4444440007
26992  6.220  -60.625  46.429 0.1111110002
28062  10.541  -59.530  46.676 0.5555559993
28063  9.809  -59.451  46.724 0.5555559993
30255  11.493  -57.431  43.656 0.4444440007
29147  11.186  -58.023  44.208 0.4444440007
29135  10.287  -58.713  45.349 0.5555559993
31275  12.731  -56.048  41.957 0.3333329856
30256  10.867  -57.300  43.700 0.5555559993
32171  12.564  -55.354  41.454 0.4444440007
32177  13.230  -55.087  40.916 0.4444440007
31271  10.982  -56.043  43.254 0.7777780294
30228  9.152  -57.969  47.494 0.7777780294
30223  8.816  -57.891  48.332 0.5555559993
29111  8.052  -58.675  49.379 0.5555559993
33052  13.869  -54.115  39.656 0.5555559993
28071  5.969  -59.809  46.103 0.1111110002
29136  9.772  -58.229  45.448 0.5555559993
31252  10.202  -56.596  44.506 0.6666669846
30248  9.989  -57.108  44.762 0.6666669846
30234  9.439  -57.584  46.360 0.6666669846
33037  12.533  -54.704  41.056 0.7777780294
32172  11.815  -55.374  42.003 0.7777780294
32163  11.466  -55.525  42.557 0.7777780294
31253  9.923  -56.572  45.065 0.7777780294
30217  7.663  -57.484  49.197 0.4444440007
29119  5.885  -58.341  49.253 0.5555559993
35811  16.493  -52.202  38.288 0.4444440007
34856  15.277  -52.120  37.804 0.6666669846
33907  13.422  -53.405  39.532 0.6666669846
33030  11.313  -55.094  42.828 0.8888890147
33024  11.196  -54.604  43.321 0.8888890147
32148  10.348  -55.671  44.635 0.7777780294
33016  10.771  -54.671  44.320 0.8888890147
34810  12.730  -52.471  40.335 0.8888890147
33876  11.397  -53.762  42.992 0.8888890147
34826  13.229  -52.297  39.521 0.7777780294
34843  13.519  -51.774  38.996 0.8888890147
35831  15.095  -51.469  37.461 0.7777780294
34858  14.303  -51.681  38.085 0.7777780294
35813  13.682  -51.303  38.745 0.8888890147
36829  16.914  -50.321  36.610 0.7777780294
35832  14.485  -51.292  37.781 0.7777780294
35789  13.061  -51.440  40.050 0.8888890147
36799  12.932  -50.944  40.593 0.8888890147
36812  14.191  -50.565  37.978 0.8888890147
36813  13.882  -50.774  38.513 0.8888890147
37787  17.865  -49.128  36.269 0.7777780294
37796  17.235  -49.140  35.923 0.7777780294
38712  16.607  -48.811  35.792 0.8888890147
37790  15.671  -49.950  36.450 0.8888890147
37763  13.212  -49.666  40.460 0.8888890147
38704  15.441  -49.115  36.346 0.8888890147
38700  18.868  -48.319  36.013 0.7777780294
37754  12.925  -49.408  41.240 0.6666669846
40512  21.018  -47.500  36.727 0.5555559993
39664  25.069  -47.941  35.231 0.5555559993
39684  18.315  -46.950  34.579 0.7777780294
39651  22.108  -47.575  36.397 0.5555559993
39619  14.945  -47.293  38.783 0.6666669846
39695  24.640  -47.647  33.619 0.5555559993
39681  23.591  -47.746  34.700 0.6666669846
40536  21.879  -47.520  35.835 0.5555559993
39694  25.464  -47.558  33.355 0.5555559993
39697  23.197  -47.583  34.220 0.6666669846
40581  25.733  -46.901  32.099 0.6666669846
39706  24.174  -47.524  33.161 0.6666669846
39683  18.796  -46.732  34.417 0.7777780294
42339  28.717  -44.595  30.742 0.7777780294
41410  28.099  -45.930  32.171 0.6666669846
41423  26.275  -46.066  31.105 0.7777780294
40597  23.247  -46.199  31.661 0.6666669846
40606  25.188  -46.048  30.928 0.8888890147
40515  15.574  -46.711  37.689 0.8888890147
40528  16.245  -46.400  36.395 0.8888890147
40569  20.218  -45.943  33.588 0.8888890147
41392  18.231  -45.242  34.115 0.8888890147
40598  22.610  -45.735  31.851 0.8888890147
41401  20.724  -45.542  32.929 0.8888890147
43356  30.339  -43.054  30.784 0.7777780294
40585  21.470  -45.738  32.611 0.8888890147
44330  30.147  -42.747  30.081 0.7777780294
41426  22.573  -45.345  31.825 0.8888890147
42319  19.845  -44.033  32.991 0.7777780294
42320  19.131  -44.148  33.485 0.7777780294
44348  28.370  -42.606  28.352 0.8888890147
43366  26.454  -43.166  29.285 0.8888890147
42352  24.591  -44.970  30.708 0.7777780294
43305  18.841  -43.452  34.353 0.6666669846
44347  29.307  -42.385  28.387 0.8888890147
43336  21.389  -43.586  32.451 0.7777780294
44360  28.066  -41.897  27.790 0.8888890147
43371  26.997  -42.762  28.735 0.8888890147
44349  27.504  -42.270  28.195 0.8888890147
43372  26.538  -42.557  28.917 0.7777780294
44343  26.047  -42.885  29.520 0.7777780294
45367  31.314  -41.262  29.471 0.6666669846
46431  32.056  -40.430  29.479 0.6666669846
43320  21.352  -42.851  32.957 0.6666669846
44299  20.824  -42.875  33.138 0.5555559993
44287  20.565  -42.819  33.497 0.5555559993
45390  28.439  -41.248  27.601 0.8888890147
46459  28.091  -40.944  27.673 0.7777780294
44361  27.653  -41.769  27.903 0.7777780294
45370  26.603  -41.203  28.861 0.7777780294
45379  27.058  -41.243  28.296 0.7777780294
45378  27.348  -41.570  28.056 0.7777780294
45358  26.168  -41.172  29.758 0.7777780294
44331  25.644  -41.920  30.157 0.7777780294
44332  25.712  -42.752  29.850 0.7777780294
43334  22.693  -43.235  32.741 0.5555559993
42262  24.092  -41.646  37.368 0.2222220004
43250  21.697  -41.742  37.062 0.1111110002
43251  20.649  -41.855  37.346 0.1111110002
43252  19.630  -42.244  37.479 0.1111110002
42276  25.944  -41.631  36.843 0.1111110002
42289  26.791  -41.541  36.553 0.1111110002
42292  24.726  -41.948  35.462 0.3333329856
43298  26.741  -41.559  35.237 0.1111110002
42302  25.870  -41.721  35.299 0.2222220004
42303  25.045  -41.923  34.838 0.3333329856
43285  22.217  -42.356  34.917 0.2222220004
44298  26.846  -41.240  33.675 0.3333329856
45317  27.955  -41.295  33.516 0.3333329856
43315  26.591  -41.421  34.270 0.2222220004
43316  25.505  -41.801  33.742 0.2222220004
42316  24.798  -42.228  33.741 0.3333329856
42305  23.874  -42.592  34.056 0.3333329856
46417  28.219  -40.468  30.307 0.4444440007
45357  27.033  -40.643  30.376 0.5555559993
45344  26.893  -40.802  31.570 0.7777780294
45329  27.730  -41.063  32.739 0.4444440007
44307  27.365  -41.139  33.433 0.3333329856
45330  26.779  -40.951  32.351 0.5555559993
43331  25.349  -41.897  32.738 0.5555559993
46435  27.407  -40.610  28.833 0.7777780294
46434  28.397  -40.297  29.284 0.7777780294
46446  31.443  -40.317  28.330 0.8888890147
45388  30.150  -40.903  27.568 0.8888890147
46449  27.192  -40.991  28.161 0.7777780294
47481  29.185  -39.891  27.942 0.8888890147
47432  29.732  -40.011  30.379 0.4444440007
47466  29.093  -39.838  28.314 0.7777780294
46416  29.166  -40.424  30.729 0.4444440007
49358  33.385  -37.742  28.821 0.5555559993
47448  29.988  -38.945  29.837 0.5555559993
50248  29.608  -37.339  31.871 0.4444440007
49404  30.239  -37.266  25.712 1.0000000000
50213  29.917  -36.352  35.761 0.1111110002
51192  34.207  -34.924  28.717 0.3333329856
52081  32.812  -35.036  26.098 0.8888890147
51213  27.723  -35.007  26.304 1.0000000000
51211  31.601  -36.001  25.490 1.0000000000
51151  30.029  -35.087  32.471 0.1111110002
52965  33.983  -33.823  27.371 0.6666669846
52989  32.852  -34.242  25.494 0.7777780294
52092  30.683  -35.244  24.926 1.0000000000
51238  29.709  -34.917  24.708 1.0000000000
51239  29.194  -35.051  24.796 1.0000000000
52988  33.400  -33.892  25.803 0.6666669846
53887  28.887  -32.712  25.401 1.0000000000
53000  30.835  -33.818  24.394 1.0000000000
53906  30.187  -32.408  23.521 1.0000000000
52967  29.493  -32.637  28.340 0.7777780294
56754  29.105  -29.544  24.381 0.8888890147
54883  29.600  -31.201  22.429 1.0000000000
55772  30.291  -30.458  27.435 0.7777780294
56787  29.809  -29.635  21.845 1.0000000000
56771  29.974  -28.909  22.088 1.0000000000
57765  30.098  -28.176  23.588 0.5555559993
56737  30.380  -29.458  27.051 0.3333329856
54851  38.744  -31.793  23.102 0.3333329856
57745  31.672  -27.060  24.617 0.4444440007
54928  35.120  -32.165  20.503 0.8888890147
55856  31.312  -30.475  20.086 1.0000000000
58793  31.944  -27.401  26.896 0.2222220004
55880  31.776  -30.276  19.547 1.0000000000
57821  31.407  -28.218  20.678 0.7777780294
55877  34.888  -31.195  19.034 0.8888890147
57744  32.823  -26.683  24.717 0.4444440007
29114  6.324  -58.328  49.659 0.4444440007
29105  6.820  -58.267  49.820 0.4444440007
29104  7.096  -58.292  49.907 0.4444440007
29113  6.588  -58.487  49.834 0.4444440007
30212  6.837  -57.699  49.391 0.2222220004
31215  6.922  -56.826  48.988 0.2222220004
30213  6.547  -57.643  49.267 0.2222220004
30211  7.164  -57.890  49.580 0.3333329856
31221  8.381  -56.955  48.700 0.3333329856
31234  9.338  -56.804  47.253 0.6666669846
31227  8.922  -57.040  48.184 0.3333329856
31239  9.640  -56.543  46.328 0.6666669846
31244  9.836  -56.360  45.662 0.6666669846
31214  7.281  -57.082  49.001 0.2222220004
31222  7.833  -56.455  49.065 0.2222220004
32139  10.048  -55.942  45.338 0.6666669846
32138  10.174  -55.283  45.628 0.6666669846
32112  8.295  -55.686  49.014 0.2222220004
32111  8.857  -56.214  48.633 0.3333329856
32118  9.333  -55.931  48.004 0.3333329856
32123  9.654  -55.754  47.090 0.6666669846
32128  10.108  -55.185  46.033 0.6666669846
33009  10.478  -54.652  45.301 0.6666669846
33877  11.272  -53.903  43.546 0.7777780294
32998  10.204  -54.760  46.251 0.6666669846
33862  10.899  -53.728  45.001 0.5555559993
33869  11.125  -53.915  44.075 0.6666669846
33868  11.293  -53.343  43.763 0.4444440007
33861  11.190  -53.241  44.435 0.5555559993
34765  11.306  -52.582  44.175 0.4444440007
35761  11.977  -51.384  42.305 0.5555559993
35762  11.704  -51.881  42.716 0.4444440007
35731  11.361  -51.791  44.657 0.3333329856
36775  11.647  -51.036  43.453 0.3333329856
35746  11.443  -51.835  43.753 0.3333329856
36784  12.123  -50.734  42.139 0.4444440007
36774  11.896  -50.329  43.066 0.2222220004
36763  11.516  -51.129  44.236 0.1111110002
37746  12.174  -49.729  42.486 0.2222220004
38651  12.348  -48.991  42.803 0.1111110002
38661  13.022  -48.519  41.579 0.1111110002
37745  12.543  -49.100  42.032 0.2222220004
38671  13.278  -48.947  40.837 0.4444440007
41399  29.274  -45.481  32.773 0.2222220004
39579  14.114  -47.301  40.338 0.2222220004
38670  13.596  -48.084  40.838 0.3333329856
42314  30.037  -44.825  32.897 0.3333329856
42326  29.744  -44.701  32.097 0.4444440007
39599  14.675  -46.753  39.890 0.3333329856
42212  27.031  -42.069  39.163 0.1111110002
42213  26.336  -41.975  39.157 0.1111110002
42238  26.409  -41.848  38.439 0.1111110002
42260  25.797  -41.671  37.585 0.1111110002
40493  15.202  -46.258  39.392 0.3333329856
40481  15.029  -45.798  40.503 0.2222220004
40480  15.606  -45.360  39.998 0.3333329856
40492  15.708  -45.777  38.929 0.3333329856
47389  31.027  -39.656  34.610 0.1111110002
46367  31.086  -40.358  34.149 0.2222220004
46368  30.741  -40.960  34.590 0.1111110002
45315  29.947  -41.331  33.619 0.2222220004
46378  30.581  -40.810  33.414 0.2222220004
47397  31.141  -39.730  33.547 0.2222220004
46377  31.105  -40.314  33.543 0.2222220004
48365  30.925  -39.071  33.348 0.2222220004
47398  31.039  -40.218  33.202 0.2222220004
46400  30.295  -40.297  32.014 0.2222220004
46401  29.492  -40.696  31.749 0.2222220004
47410  30.789  -39.901  32.620 0.2222220004
48366  30.806  -39.080  32.827 0.2222220004
45302  30.083  -41.382  34.223 0.2222220004
45316  28.981  -41.508  33.648 0.3333329856
46379  29.874  -41.264  33.335 0.3333329856
46388  29.749  -41.098  32.806 0.2222220004
45328  28.907  -41.144  32.450 0.3333329856
49333  30.631  -38.819  33.143 0.2222220004
56818  32.256  -29.394  19.070 0.8888890147
56833  32.825  -29.275  18.697 0.7777780294
57848  32.782  -28.528  18.642 0.7777780294
52052  30.422  -33.622  30.006 0.3333329856
52944  30.325  -33.303  29.664 0.3333329856
58888  32.527  -26.784  20.164 0.7777780294
57836  32.140  -28.231  19.418 0.6666669846
56801  31.709  -28.698  19.801 0.6666669846
61737  33.422  -24.802  19.632 0.6666669846
59890  32.830  -26.307  19.462 0.6666669846
58898  32.687  -27.149  18.959 0.7777780294
58899  32.378  -27.687  19.190 0.7777780294
62708  34.272  -23.595  18.436 0.7777780294
59899  33.104  -26.694  18.532 0.7777780294
58913  32.716  -27.782  18.685 0.7777780294
62718  34.569  -23.900  17.685 0.7777780294
52954  30.794  -32.858  29.230 0.3333329856
53850  30.681  -32.204  28.903 0.4444440007
60797  34.740  -24.806  21.473 0.3333329856
60798  33.823  -24.990  20.806 0.4444440007
59881  33.145  -25.992  20.506 0.4444440007
57820  32.072  -27.412  20.547 0.5555559993
61735  35.045  -23.408  20.445 0.4444440007
60810  33.180  -25.383  19.868 0.5555559993
62695  34.593  -23.174  19.437 0.5555559993
61745  33.713  -24.214  18.649 0.6666669846
63707  35.714  -22.042  18.030 0.7777780294
64689  36.127  -21.799  16.860 0.7777780294
53863  30.873  -31.715  28.689 0.4444440007
60785  36.784  -24.760  22.637 0.1111110002
57798  32.001  -27.229  21.646 0.4444440007
60796  35.778  -24.670  21.989 0.2222220004
59879  34.653  -25.451  21.808 0.3333329856
58870  34.675  -25.995  22.264 0.2222220004
57818  33.369  -26.436  21.687 0.3333329856
57797  32.886  -26.721  21.889 0.3333329856
63681  39.893  -21.558  22.305 0.1111110002
62690  38.900  -21.992  21.797 0.1111110002
62691  38.141  -22.189  21.325 0.3333329856
61733  37.058  -22.798  21.132 0.5555559993
61721  35.864  -23.808  21.394 0.3333329856
59880  33.764  -25.690  21.196 0.4444440007
57819  32.920  -26.581  21.355 0.5555559993
64654  39.666  -20.777  22.012 0.1111110002
63691  38.634  -21.420  21.222 0.2222220004
62705  37.105  -21.620  20.366 0.4444440007
61734  36.055  -22.985  20.817 0.5555559993
64662  39.123  -20.780  21.382 0.1111110002
64673  37.765  -20.600  19.849 0.3333329856
62706  36.637  -21.529  19.930 0.6666669846
63693  35.879  -22.046  19.526 0.6666669846
64674  37.020  -20.621  19.022 0.7777780294
63706  36.295  -21.530  19.167 0.7777780294
63694  35.580  -22.117  18.995 0.7777780294
64676  36.052  -21.666  17.316 0.7777780294
55770  31.274  -29.877  27.989 0.2222220004
60786  36.254  -24.997  22.546 0.1111110002
57781  31.939  -27.071  22.641 0.4444440007
59866  35.727  -25.304  22.471 0.2222220004
59867  35.178  -25.651  22.341 0.2222220004
57796  33.733  -26.416  22.102 0.2222220004
56730  31.610  -29.304  28.022 0.2222220004
57701  30.787  -28.993  27.134 0.2222220004
58869  35.617  -25.723  22.762 0.1111110002
57780  32.925  -26.680  22.759 0.2222220004
57795  34.338  -26.245  22.359 0.2222220004
57779  33.907  -26.456  22.889 0.2222220004
58852  35.449  -25.968  22.891 0.1111110002
57762  32.902  -26.631  23.726 0.3333329856
57777  35.704  -25.992  23.237 0.1111110002
57778  34.903  -26.226  22.913 0.1111110002
57761  33.951  -26.415  23.819 0.2222220004
57743  33.940  -26.493  24.785 0.2222220004
34773  11.442  -52.702  43.318 0.6666669846
42337  30.090  -44.052  31.705 0.4444440007
45342  28.965  -41.042  31.972 0.2222220004
47421  29.767  -40.336  31.005 0.2222220004
52955  29.750  -33.097  29.109 0.4444440007
37755  12.465  -49.986  41.631 0.4444440007
39600  14.450  -47.544  39.488 0.2222220004
42239  25.667  -41.769  38.373 0.1111110002
29106  6.596  -58.132  49.615 0.4444440007
31228  8.726  -57.288  48.442 0.3333329856
32129  9.961  -55.535  46.190 0.6666669846
36785  11.848  -51.054  42.733 0.4444440007
46387  30.265  -40.600  32.487 0.2222220004
52966  30.130  -32.496  28.860 0.4444440007
58889  32.202  -27.548  19.793 0.6666669846
60809  33.538  -24.818  20.055 0.5555559993
62707  34.961  -22.658  18.639 0.7777780294
61723  34.310  -24.512  20.836 0.4444440007
61722  34.889  -24.178  21.068 0.4444440007
60799  33.440  -25.532  20.617 0.4444440007
58887  33.553  -26.216  21.499 0.5555559993
62694  35.413  -22.566  19.751 0.6666669846
61736  33.935  -24.151  19.861 0.5555559993
62717  35.108  -23.165  17.443 0.7777780294
64688  36.306  -21.201  16.890 0.7777780294
60795  36.751  -24.200  22.151 0.2222220004
59878  35.218  -25.087  21.969 0.1111110002
58886  34.173  -25.881  21.699 0.3333329856
58871  34.072  -26.249  22.078 0.2222220004
63690  39.260  -21.413  21.820 0.1111110002
61732  37.648  -22.620  21.327 0.5555559993
62692  37.341  -22.182  20.843 0.5555559993
61720  36.841  -23.501  21.641 0.3333329856
62704  37.685  -21.768  20.747 0.4444440007
63692  38.103  -21.581  20.860 0.2222220004
63703  38.285  -21.215  20.689 0.2222220004
62693  36.411  -22.101  20.235 0.5555559993
63704  37.728  -21.253  20.401 0.2222220004
63705  37.024  -21.114  19.834 0.5555559993
64675  36.542  -21.008  17.897 0.7777780294
65625  36.639  -20.423  17.172 0.7777780294
25886  6.503  -61.591  49.309 0.1111110002
25874  7.437  -61.648  50.924 0.3333329856
29129  5.748  -59.306  46.642 0.1111110002
29124  5.701  -58.436  48.383 0.2222220004
29130  5.634  -58.555  47.125 0.1111110002
28065  5.745  -59.329  47.155 0.1111110002
32127  12.453  -55.680  46.055 0.1111110002
33015  13.464  -54.429  44.499 0.1111110002
33008  12.719  -54.976  45.432 0.1111110002
32136  12.791  -55.130  44.943 0.1111110002
32146  13.038  -55.401  44.443 0.1111110002
32137  12.680  -55.470  45.133 0.1111110002
32155  13.568  -54.978  43.675 0.1111110002
32147  12.826  -55.736  44.602 0.1111110002
32989  10.172  -54.484  46.840 0.4444440007
32999  10.028  -55.070  46.442 0.6666669846
33022  13.934  -54.114  43.741 0.1111110002
34750  10.782  -53.067  46.546 0.2222220004
34743  10.562  -52.895  47.384 0.2222220004
33842  10.383  -53.873  46.895 0.3333329856
33028  13.887  -54.675  43.228 0.1111110002
32162  13.772  -55.223  42.636 0.1111110002
33851  10.612  -53.866  45.969 0.4444440007
34772  14.976  -52.924  43.656 0.1111110002
33875  14.160  -53.626  44.110 0.1111110002
33874  14.494  -53.549  43.614 0.1111110002
33873  14.924  -53.164  43.116 0.1111110002
33021  14.225  -53.981  43.431 0.1111110002
34771  15.444  -52.689  43.151 0.1111110002
33881  15.233  -53.257  42.495 0.1111110002
33889  15.084  -53.711  42.160 0.1111110002
33027  14.292  -54.306  42.924 0.1111110002
33036  14.822  -54.242  41.842 0.1111110002
35759  16.553  -51.885  42.144 0.1111110002
35745  15.998  -52.187  42.777 0.1111110002
35760  16.091  -52.272  42.247 0.1111110002
34792  16.486  -52.370  41.314 0.1111110002
34780  16.165  -52.411  41.826 0.1111110002
33888  15.445  -53.594  41.632 0.1111110002
34793  16.053  -52.930  41.214 0.1111110002
33042  15.249  -54.097  41.088 0.1111110002
34807  16.461  -52.789  40.312 0.1111110002
33896  15.869  -53.498  40.524 0.1111110002
33904  16.112  -53.338  39.891 0.2222220004
34823  16.195  -52.987  39.070 0.1111110002
36783  17.058  -51.243  42.744 0.1111110002
36791  17.127  -51.255  41.871 0.1111110002
36790  17.581  -50.903  41.174 0.1111110002
39646  27.171  -48.174  36.264 0.2222220004
36797  17.679  -50.888  40.264 0.1111110002
35775  16.990  -51.712  40.959 0.1111110002
35788  17.001  -51.957  39.995 0.1111110002
39647  25.892  -48.189  36.012 0.4444440007
35810  17.141  -51.647  38.431 0.2222220004
35799  17.337  -51.611  39.346 0.2222220004
35800  16.861  -52.271  39.218 0.1111110002
39576  21.038  -48.003  40.266 0.2222220004
38658  19.995  -48.844  41.292 0.1111110002
38659  19.291  -49.228  41.082 0.1111110002
39577  20.397  -48.107  39.903 0.2222220004
38667  20.400  -48.410  40.602 0.2222220004
39597  20.876  -47.863  39.220 0.2222220004
38668  19.789  -48.606  40.158 0.1111110002
38669  19.035  -49.142  40.029 0.1111110002
37753  18.149  -50.263  41.576 0.1111110002
39660  28.944  -47.666  35.788 0.1111110002
39645  28.302  -48.118  36.481 0.2222220004
39598  20.117  -48.085  39.122 0.2222220004
37752  18.656  -49.742  40.841 0.1111110002
38677  19.388  -48.655  38.949 0.1111110002
37761  18.058  -50.291  40.532 0.1111110002
37768  17.984  -50.428  39.426 0.1111110002
39662  27.061  -47.723  34.968 0.3333329856
36804  17.629  -51.087  39.588 0.1111110002
39663  25.966  -47.880  34.873 0.4444440007
36811  17.674  -51.050  38.735 0.2222220004
35829  16.729  -51.552  37.698 0.5555559993
40522  30.092  -47.101  36.112 0.1111110002
40521  30.664  -46.856  36.551 0.1111110002
39644  29.589  -47.779  36.546 0.1111110002
39661  28.095  -47.824  35.520 0.2222220004
38678  18.823  -49.241  39.187 0.1111110002
38685  18.826  -49.101  38.263 0.3333329856
37767  18.464  -49.755  38.778 0.4444440007
37775  18.018  -50.325  38.210 0.2222220004
37774  18.377  -49.614  37.712 0.5555559993
39678  26.390  -47.514  33.945 0.4444440007
40533  29.693  -46.922  35.552 0.1111110002
40535  28.085  -47.416  34.771 0.2222220004
40534  28.786  -47.211  35.114 0.2222220004
40548  28.577  -46.783  34.315 0.2222220004
40549  27.683  -47.156  34.157 0.4444440007
40550  27.124  -47.214  33.777 0.4444440007
39693  26.122  -47.284  32.980 0.4444440007
40520  31.265  -46.310  36.709 0.1111110002
40532  30.274  -46.705  35.926 0.1111110002
40565  26.854  -47.093  33.164 0.4444440007
40564  27.546  -46.874  33.381 0.4444440007
39703  25.952  -47.082  32.521 0.5555559993
42256  32.227  -45.298  37.194 0.1111110002
41374  31.127  -46.018  36.337 0.1111110002
41382  30.599  -45.916  35.527 0.1111110002
41383  29.802  -46.175  34.838 0.1111110002
41390  28.680  -46.411  33.787 0.1111110002
40578  27.972  -46.455  32.995 0.4444440007
40579  27.336  -46.590  32.561 0.4444440007
40580  26.458  -46.857  32.397 0.5555559993
42233  33.805  -44.792  38.650 0.1111110002
42234  33.100  -45.237  38.262 0.1111110002
42255  32.923  -44.796  37.612 0.1111110002
41381  31.367  -45.252  36.157 0.1111110002
41388  30.216  -45.471  34.353 0.1111110002
42245  18.168  -43.120  38.495 0.1111110002
41389  29.282  -46.024  33.961 0.1111110002
41400  28.601  -46.170  33.223 0.2222220004
41411  27.331  -46.206  32.011 0.4444440007
45266  34.765  -41.715  37.545 0.1111110002
44239  34.183  -42.661  37.527 0.1111110002
43242  34.295  -43.205  37.986 0.1111110002
43221  34.605  -43.724  38.578 0.1111110002
41333  16.164  -44.661  40.505 0.2222220004
45277  34.089  -41.541  36.588 0.1111110002
44254  34.108  -42.109  37.073 0.1111110002
44240  33.650  -43.002  37.214 0.1111110002
42254  33.608  -44.371  37.974 0.1111110002
41345  16.611  -44.326  40.058 0.2222220004
41346  16.107  -44.975  39.496 0.2222220004
45288  33.539  -41.411  35.615 0.1111110002
45278  33.527  -41.897  36.143 0.1111110002
44255  33.445  -42.576  36.621 0.1111110002
43243  33.680  -43.678  37.582 0.1111110002
43244  33.045  -44.052  37.227 0.1111110002
42272  32.090  -44.782  36.760 0.1111110002
42246  17.273  -43.895  38.780 0.1111110002
41356  16.603  -44.480  39.086 0.2222220004
46366  33.593  -40.706  34.467 0.1111110002
45300  33.056  -41.497  34.622 0.1111110002
44283  32.592  -42.341  34.905 0.1111110002
44256  32.866  -43.090  36.281 0.1111110002
42286  32.345  -44.059  36.475 0.1111110002
42287  31.735  -44.309  35.928 0.1111110002
46376  33.629  -40.161  33.517 0.1111110002
45301  32.581  -42.001  34.294 0.1111110002
44269  32.742  -42.781  35.783 0.1111110002
43295  32.122  -43.099  35.237 0.1111110002
43279  31.792  -43.703  35.410 0.1111110002
42300  30.817  -44.810  34.769 0.1111110002
47396  33.668  -39.743  32.835 0.1111110002
45326  33.037  -40.627  33.137 0.1111110002
45313  33.038  -40.969  33.724 0.1111110002
45314  32.541  -41.691  33.754 0.1111110002
42312  31.130  -44.059  34.421 0.1111110002
41398  29.933  -45.286  33.508 0.1111110002
46385  33.170  -40.310  32.440 0.1111110002
46386  32.644  -40.872  32.105 0.1111110002
45327  32.538  -41.211  32.812 0.1111110002
44315  31.928  -41.892  32.409 0.1111110002
46398  33.351  -39.939  31.563 0.1111110002
45340  32.099  -41.338  31.789 0.1111110002
43311  31.896  -42.912  34.544 0.1111110002
44305  32.075  -42.093  33.120 0.1111110002
44294  32.068  -42.416  33.961 0.1111110002
43312  31.392  -43.361  33.814 0.1111110002
44316  31.376  -42.282  31.732 0.2222220004
43328  31.244  -43.097  32.921 0.1111110002
43329  30.916  -43.451  32.480 0.1111110002
42325  30.470  -44.100  32.498 0.1111110002
46414  33.096  -39.949  30.853 0.1111110002
43344  31.181  -42.954  32.275 0.2222220004
43345  30.712  -43.327  31.684 0.1111110002
53862  34.963  -32.723  27.681 0.1111110002
55785  36.478  -31.820  26.937 0.1111110002
55784  37.292  -31.686  27.186 0.1111110002
54946  36.360  -31.571  19.682 0.6666669846
56816  36.325  -30.243  18.872 0.6666669846
55898  35.277  -30.631  18.712 0.7777780294
56829  36.496  -29.439  18.478 0.6666669846
56830  35.409  -29.856  18.376 0.6666669846
55899  34.525  -30.480  18.528 0.6666669846
55900  33.561  -30.192  18.522 0.6666669846
55901  32.897  -29.787  18.654 0.6666669846
57844  36.695  -28.624  18.146 0.6666669846
57854  35.336  -28.197  17.749 0.6666669846
57846  34.836  -28.862  18.058 0.6666669846
57847  33.783  -28.588  18.098 0.6666669846
56832  33.338  -29.336  18.449 0.6666669846
57855  34.443  -28.084  17.773 0.6666669846
58923  36.005  -27.555  17.482 0.6666669846
58924  34.859  -27.440  17.546 0.6666669846
59910  33.575  -27.014  17.913 0.6666669846
58926  33.664  -27.503  17.889 0.6666669846
60817  40.738  -25.958  18.362 0.5555559993
59896  39.524  -26.722  18.301 0.5555559993
59897  38.452  -27.106  18.036 0.6666669846
61755  40.411  -24.935  17.137 0.5555559993
60826  39.830  -25.696  17.484 0.5555559993
59905  38.541  -26.437  17.556 0.6666669846
59906  37.441  -26.793  17.454 0.6666669846
58922  36.716  -27.191  17.472 0.6666669846
59908  35.116  -26.587  17.320 0.6666669846
61758  33.652  -25.319  17.891 0.6666669846
60827  38.754  -25.762  17.171 0.5555559993
60828  37.771  -25.825  17.061 0.6666669846
60829  36.638  -25.766  16.955 0.6666669846
61765  40.624  -24.329  16.713 0.5555559993
60837  39.014  -25.153  16.837 0.5555559993
61767  38.632  -24.457  16.359 0.5555559993
60830  35.283  -25.392  17.070 0.6666669846
61757  34.078  -24.606  17.732 0.6666669846
60838  38.146  -25.121  16.662 0.6666669846
60839  37.109  -25.025  16.589 0.6666669846
61756  34.961  -24.276  17.226 0.6666669846
61770  35.608  -24.006  16.755 0.6666669846
61769  36.555  -24.087  16.397 0.6666669846
60840  36.064  -24.835  16.703 0.6666669846
62726  41.053  -23.598  16.547 0.4444440007
63730  40.789  -22.882  16.237 0.4444440007
62727  40.146  -23.611  16.255 0.5555559993
62728  39.168  -23.752  16.103 0.5555559993
61768  37.608  -24.280  16.282 0.6666669846
62731  36.076  -23.030  16.512 0.6666669846
61719  38.055  -23.317  22.025 0.3333329856
63729  41.678  -22.748  16.536 0.3333329856
63719  35.793  -22.279  17.055 0.6666669846
63731  40.103  -22.800  16.051 0.4444440007
62737  39.534  -23.069  16.027 0.5555559993
62738  38.815  -22.943  15.800 0.6666669846
62740  37.313  -22.411  15.779 0.6666669846
62730  37.157  -23.232  16.058 0.6666669846
64687  42.722  -22.225  16.949 0.3333329856
64699  42.474  -21.805  16.368 0.3333329856
64700  41.740  -22.142  16.145 0.3333329856
63740  41.260  -22.335  16.074 0.3333329856
64702  36.321  -21.651  16.608 0.6666669846
63733  36.261  -22.105  16.545 0.6666669846
64716  42.239  -21.403  15.812 0.3333329856
64717  41.527  -21.670  15.674 0.3333329856
63741  40.602  -22.255  15.778 0.4444440007
64719  39.287  -21.469  15.079 0.6666669846
63732  36.718  -22.341  16.098 0.6666669846
64720  38.369  -21.178  15.062 0.6666669846
63744  37.775  -21.919  15.424 0.6666669846
63745  37.121  -21.731  15.703 0.6666669846
65612  37.222  -19.971  18.191 0.6666669846
67459  37.556  -18.662  17.781 0.5555559993
65624  36.905  -19.990  17.562 0.6666669846
65613  36.832  -20.371  17.689 0.6666669846
66535  38.917  -19.464  14.088 0.6666669846
66537  37.546  -19.171  15.032 0.6666669846
66509  36.821  -19.215  16.800 0.5555559993
65644  43.607  -20.177  15.184 0.2222220004
65645  42.369  -20.933  15.265 0.4444440007
65656  40.528  -20.560  14.329 0.5555559993
65657  39.500  -20.153  14.163 0.6666669846
65659  37.849  -19.905  14.804 0.6666669846
66525  36.904  -19.493  15.877 0.6666669846
65634  36.599  -20.615  16.476 0.6666669846
65633  42.575  -21.245  15.916 0.2222220004
64721  37.553  -21.133  15.313 0.6666669846
65650  36.796  -20.499  15.909 0.6666669846
64722  37.052  -21.026  15.665 0.6666669846
67468  37.783  -18.104  17.636 0.5555559993
68433  37.832  -17.586  17.063 0.4444440007
68420  38.297  -17.725  17.679 0.4444440007
66530  45.939  -19.096  14.822 0.2222220004
66508  44.755  -19.727  15.740 0.2222220004
65643  44.260  -19.910  15.523 0.2222220004
66536  38.247  -19.273  14.490 0.6666669846
67492  37.887  -17.952  15.239 0.5555559993
68464  37.934  -17.569  15.661 0.5555559993
67491  46.488  -18.861  14.748 0.1111110002
66523  44.568  -19.646  14.997 0.2222220004
65654  42.847  -20.249  14.173 0.4444440007
65665  41.122  -19.995  13.476 0.5555559993
67500  38.879  -18.481  14.035 0.6666669846
66532  44.595  -19.471  14.113 0.2222220004
66533  43.730  -19.846  13.850 0.3333329856
65663  42.671  -20.045  13.455 0.4444440007
66548  39.621  -19.112  13.468 0.5555559993
68450  39.271  -16.928  16.431 0.5555559993
68459  47.952  -18.196  14.763 0.1111110002
67490  47.213  -18.697  14.971 0.1111110002
68463  38.738  -17.234  15.634 0.5555559993
68479  47.889  -17.987  13.916 0.1111110002
67497  46.896  -18.509  14.318 0.1111110002
67499  45.716  -18.961  14.038 0.1111110002
67510  39.610  -18.130  13.516 0.5555559993
68482  39.437  -17.631  13.979 0.5555559993
68489  48.909  -17.949  13.139 0.2222220004
67505  47.874  -18.213  13.546 0.1111110002
67507  46.351  -18.826  13.639 0.1111110002
66543  44.466  -19.494  13.189 0.2222220004
66544  43.598  -19.725  12.926 0.4444440007
66545  42.711  -19.775  12.802 0.5555559993
66546  41.722  -19.453  12.668 0.5555559993
66547  40.681  -19.148  12.937 0.5555559993
68488  49.601  -17.771  12.931 0.2222220004
67515  49.104  -18.746  12.469 0.2222220004
67517  47.542  -18.597  13.260 0.1111110002
66554  46.230  -19.123  12.725 0.2222220004
66555  45.180  -19.354  12.442 0.2222220004
66558  42.584  -19.015  12.045 0.5555559993
66560  41.332  -18.771  12.479 0.5555559993
67521  40.957  -18.203  12.649 0.5555559993
68492  40.723  -17.588  12.940 0.5555559993
68462  39.706  -16.636  15.496 0.4444440007
68471  39.858  -16.988  14.482 0.5555559993
68481  40.242  -17.260  13.553 0.5555559993
67513  50.669  -18.112  12.186 0.1111110002
67514  50.022  -18.362  12.334 0.2222220004
66565  47.722  -19.303  11.598 0.2222220004
66568  44.845  -19.172  11.590 0.3333329856
66569  44.027  -18.975  11.638 0.5555559993
67520  41.621  -18.109  12.248 0.5555559993
68480  40.992  -17.010  13.151 0.4444440007
69473  53.193  -16.055  11.301 0.1111110002
67536  51.314  -17.984  11.141 0.1111110002
67527  49.673  -18.938  11.672 0.1111110002
66564  48.483  -19.254  11.544 0.2222220004
66578  46.494  -19.104  10.861 0.3333329856
66570  43.351  -18.802  11.713 0.5555559993
67519  42.296  -18.174  11.884 0.5555559993
68491  41.424  -17.314  12.629 0.4444440007
68508  51.601  -17.699  10.610 0.1111110002
67538  49.732  -18.811  10.696 0.2222220004
66577  47.294  -19.116  10.797 0.2222220004
67542  45.932  -18.510  10.630 0.3333329856
67543  45.277  -18.255  10.759 0.4444440007
68519  52.047  -17.125  9.935 0.1111110002
69433  41.773  -15.621  15.527 0.3333329856
69446  41.100  -16.066  14.804 0.3333329856
68461  40.241  -16.166  15.825 0.3333329856
69455  41.195  -16.427  13.817 0.4444440007
69447  40.347  -16.330  15.019 0.4444440007
69466  42.289  -16.506  12.689 0.4444440007
69467  41.578  -16.620  13.118 0.4444440007
69456  40.521  -16.574  14.289 0.4444440007
69480  42.750  -16.773  12.090 0.5555559993
68513  45.004  -17.803  10.768 0.5555559993
67529  44.643  -18.438  11.090 0.5555559993
68502  42.831  -17.426  11.733 0.5555559993
68490  42.151  -17.361  12.133 0.5555559993
69506  53.029  -16.104  8.622 0.1111110002
69495  52.932  -16.446  9.689 0.1111110002
69496  51.640  -16.800  9.158 0.1111110002
67547  50.754  -18.038  10.042 0.2222220004
67539  48.755  -18.713  10.313 0.2222220004
67541  46.852  -18.464  10.303 0.3333329856
70422  53.474  -16.190  9.274 0.1111110002
69432  42.754  -15.270  15.419 0.3333329856
69453  43.007  -15.799  13.334 0.4444440007
69454  42.174  -16.049  13.612 0.4444440007
69478  44.258  -16.495  11.469 0.4444440007
69464  43.929  -16.129  12.051 0.5555559993
69465  43.316  -16.143  12.511 0.5555559993
68499  45.138  -17.219  10.741 0.5555559993
69479  43.407  -16.686  11.796 0.5555559993
69507  51.971  -16.276  8.523 0.1111110002
68520  50.931  -17.523  9.496 0.2222220004
67549  49.324  -18.219  9.787 0.2222220004
67540  47.832  -18.462  10.088 0.2222220004
68511  46.424  -17.598  10.129 0.4444440007
69488  46.141  -16.579  10.261 0.5555559993
69513  53.884  -16.903  7.931 0.1111110002
68529  50.609  -16.986  8.809 0.2222220004
68521  49.815  -17.539  9.142 0.2222220004
68522  48.878  -17.572  9.234 0.3333329856
68510  47.264  -17.611  9.774 0.4444440007
69519  53.510  -17.180  7.367 0.2222220004
69514  53.030  -16.273  7.716 0.2222220004
69515  52.034  -15.985  7.593 0.2222220004
69508  50.977  -16.593  8.430 0.2222220004
69498  49.178  -17.033  8.729 0.2222220004
69531  52.415  -16.598  6.342 0.4444440007
69521  52.235  -16.307  6.837 0.3333329856
70409  45.006  -15.735  11.531 0.4444440007
70417  46.116  -15.744  10.461 0.4444440007
69476  45.728  -16.194  10.644 0.4444440007
69500  47.646  -16.693  9.377 0.4444440007
69487  46.911  -16.658  9.793 0.4444440007
69516  51.214  -16.106  7.766 0.3333329856
69509  49.910  -16.704  8.283 0.3333329856
69499  48.425  -16.699  8.881 0.3333329856
70438  51.523  -15.880  6.652 0.4444440007
69517  50.509  -16.193  7.797 0.3333329856
70430  49.132  -15.863  7.841 0.4444440007
69510  48.984  -16.465  8.344 0.4444440007
70446  51.934  -16.027  5.774 0.4444440007
70415  47.476  -15.147  9.576 0.4444440007
70416  46.740  -15.493  9.999 0.4444440007
71265  48.461  -14.818  8.518 0.4444440007
70423  47.947  -15.651  9.025 0.4444440007
70424  47.338  -15.932  9.529 0.4444440007
70439  50.815  -15.449  6.665 0.4444440007
70440  50.322  -15.321  6.988 0.4444440007
70436  49.919  -15.699  7.452 0.4444440007
70431  48.570  -15.773  8.401 0.4444440007
70447  51.209  -15.457  6.102 0.4444440007
71273  52.183  -14.999  5.105 0.4444440007
71274  51.416  -14.872  5.619 0.4444440007
72212  49.006  -12.947  11.387 0.1111110002
72218  49.005  -13.180  10.273 0.2222220004
71255  48.284  -13.374  10.743 0.3333329856
72221  48.865  -13.645  9.169 0.2222220004
71260  48.327  -13.783  9.954 0.4444440007
72222  48.575  -14.263  8.673 0.4444440007
71256  47.409  -14.272  10.265 0.4444440007
71261  48.105  -14.483  9.293 0.4444440007
71270  50.369  -14.953  6.613 0.4444440007
71268  49.315  -14.993  7.473 0.4444440007
71264  48.778  -15.104  7.975 0.4444440007
73212  52.566  -12.917  5.678 0.3333329856
72238  52.092  -13.645  5.453 0.4444440007
72240  50.649  -14.420  6.226 0.4444440007
71271  49.928  -14.865  6.958 0.4444440007
72211  49.936  -12.686  11.896 0.1111110002
72220  49.746  -12.923  9.593 0.1111110002
73195  50.516  -12.559  8.931 0.2222220004
72224  49.755  -13.190  8.465 0.2222220004
73199  50.560  -12.788  7.883 0.2222220004
72225  48.998  -14.148  8.033 0.4444440007
73204  50.704  -13.052  7.374 0.2222220004
72229  50.169  -13.480  7.330 0.3333329856
72230  49.724  -14.331  7.163 0.4444440007
72237  52.814  -13.058  5.427 0.3333329856
73207  52.173  -12.663  6.321 0.1111110002
72232  51.697  -13.164  6.175 0.2222220004
72233  51.056  -13.417  6.487 0.2222220004
72234  50.331  -14.289  6.584 0.4444440007
72216  50.433  -12.353  11.499 0.1111110002
73191  50.465  -12.421  9.901 0.1111110002
72217  49.926  -12.669  10.768 0.1111110002
73203  51.297  -12.771  7.185 0.2222220004
73198  51.254  -12.174  8.251 0.2222220004
73208  51.567  -13.024  6.552 0.2222220004
73183  50.936  -11.996  12.637 0.1111110002
72210  50.570  -12.435  12.305 0.1111110002
73187  50.897  -11.805  11.663 0.1111110002
74120  51.107  -11.510  10.974 0.1111110002
73190  50.732  -11.954  10.674 0.1111110002
74129  51.653  -11.261  9.639 0.1111110002
73194  51.223  -11.832  9.464 0.1111110002
74128  51.968  -10.949  9.073 0.1111110002
73193  51.692  -11.366  9.220 0.1111110002
74133  52.283  -11.103  8.140 0.1111110002
73197  51.785  -11.512  8.613 0.1111110002
74137  52.622  -11.279  7.508 0.1111110002
73202  52.213  -11.898  7.526 0.2222220004
74124  51.346  -11.380  10.330 0.1111110002
68528  54.966  -17.224  8.468 0.1111110002
68517  55.955  -17.109  9.257 0.1111110002
68532  55.466  -18.034  8.224 0.1111110002
69520  52.938  -16.956  6.978 0.3333329856
69512  54.576  -17.103  8.314 0.1111110002
31250  13.070  -55.920  44.066 0.1111110002
32161  14.293  -54.748  42.236 0.1111110002
36818  17.373  -50.859  37.517 0.5555559993
44317  30.812  -42.595  31.111 0.2222220004
55769  36.166  -31.892  27.259 0.1111110002
32990  9.940  -54.945  46.848 0.4444440007
60819  33.067  -25.879  18.891 0.5555559993
61746  33.302  -24.959  18.755 0.5555559993
58912  33.207  -27.661  18.228 0.6666669846
65611  37.769  -19.943  19.144 0.6666669846
30218  6.245  -57.577  49.196 0.2222220004
60794  37.374  -23.877  22.210 0.1111110002
32983  10.078  -54.353  47.265 0.2222220004
33882  14.817  -53.714  42.699 0.1111110002
34781  15.758  -52.742  42.199 0.1111110002
33035  15.173  -53.993  41.497 0.1111110002
34808  16.144  -53.087  40.679 0.1111110002
35774  17.408  -51.225  40.647 0.1111110002
35787  17.362  -51.421  40.142 0.1111110002
37760  18.515  -49.758  39.813 0.1111110002
39677  27.080  -47.413  34.215 0.4444440007
40563  28.198  -46.655  33.641 0.1111110002
40547  29.232  -46.614  34.762 0.1111110002
42232  34.475  -44.332  39.014 0.1111110002
42271  32.655  -44.232  36.967 0.1111110002
42288  31.120  -44.862  35.519 0.1111110002
44268  33.132  -42.129  35.715 0.1111110002
44282  33.088  -41.852  35.201 0.1111110002
46356  33.527  -41.007  35.051 0.1111110002
43262  32.941  -43.522  36.788 0.1111110002
42222  17.135  -43.866  39.853 0.1111110002
43278  32.350  -43.497  35.979 0.1111110002
42299  31.340  -44.197  35.131 0.1111110002
43296  31.579  -43.534  34.758 0.1111110002
42313  30.641  -44.468  33.649 0.1111110002
44295  31.641  -42.680  33.285 0.1111110002
44306  31.580  -42.513  32.613 0.1111110002
43313  30.912  -43.687  33.071 0.1111110002
55876  35.871  -31.038  19.073 0.7777780294
56817  35.713  -30.452  18.748 0.6666669846
57845  35.807  -28.873  18.106 0.6666669846
56831  34.227  -29.580  18.241 0.6666669846
57853  36.074  -28.282  17.814 0.6666669846
58911  36.497  -28.075  17.802 0.6666669846
57856  33.807  -27.879  17.854 0.6666669846
58925  34.086  -27.442  17.717 0.6666669846
59907  36.202  -26.571  17.205 0.6666669846
59909  34.208  -26.719  17.608 0.6666669846
60832  33.450  -26.048  18.014 0.6666669846
60818  40.080  -26.194  18.158 0.5555559993
59904  39.169  -26.166  17.620 0.6666669846
58908  38.934  -27.373  18.512 0.6666669846
61766  39.694  -24.600  16.649 0.5555559993
60831  34.255  -25.775  17.523 0.6666669846
60841  35.458  -24.625  16.952 0.6666669846
62729  38.196  -23.592  16.008 0.6666669846
63742  39.600  -22.323  15.582 0.5555559993
63743  38.603  -22.134  15.369 0.6666669846
62739  37.934  -22.750  15.653 0.6666669846
64701  36.600  -21.415  16.192 0.6666669846
65646  41.155  -21.006  14.932 0.3333329856
64718  40.351  -21.433  15.171 0.4444440007
65648  37.893  -20.554  14.975 0.6666669846
66495  36.809  -19.785  17.150 0.5555559993
66494  37.145  -19.316  17.559 0.6666669846
67469  37.244  -18.416  17.171 0.5555559993
65658  38.531  -20.196  14.593 0.6666669846
65649  37.308  -20.265  15.303 0.6666669846
67493  37.451  -18.349  15.480 0.5555559993
67502  37.652  -18.616  15.073 0.6666669846
66510  36.698  -19.950  16.604 0.5555559993
67482  37.008  -18.509  16.306 0.5555559993
65632  43.260  -20.930  16.163 0.2222220004
65655  41.675  -20.535  14.244 0.4444440007
64735  39.829  -20.858  14.747 0.6666669846
65647  40.572  -20.937  14.856 0.5555559993
64736  39.089  -20.760  14.751 0.6666669846
68451  38.363  -17.289  16.380 0.5555559993
68453  37.191  -17.897  16.046 0.5555559993
66522  45.410  -19.396  15.254 0.2222220004
66531  45.394  -19.180  14.443 0.2222220004
66521  46.338  -19.256  15.393 0.2222220004
65653  43.534  -20.016  14.467 0.2222220004
67501  38.046  -18.349  14.825 0.6666669846
68465  37.484  -17.733  15.791 0.5555559993
66524  43.998  -19.815  14.548 0.2222220004
65666  40.239  -19.858  13.582 0.6666669846
68472  38.912  -17.489  14.718 0.5555559993
66534  43.102  -19.966  13.441 0.5555559993
65664  42.098  -20.077  13.431 0.5555559993
68470  47.626  -18.177  14.269 0.1111110002
67489  48.151  -18.676  15.308 0.1111110002
68460  47.419  -18.371  14.557 0.1111110002
67508  45.901  -18.911  13.879 0.1111110002
66542  45.520  -19.105  13.538 0.2222220004
67516  48.192  -18.463  12.998 0.2222220004
66552  48.267  -19.151  12.262 0.2222220004
67506  47.307  -18.415  13.742 0.1111110002
67518  46.952  -18.817  13.220 0.1111110002
66541  46.016  -18.995  13.321 0.2222220004
67509  40.224  -18.234  13.049 0.5555559993
66551  48.745  -19.203  12.012 0.2222220004
66553  47.379  -19.092  12.575 0.2222220004
66557  43.393  -19.366  12.174 0.5555559993
66556  44.240  -19.445  12.279 0.4444440007
66559  41.876  -18.749  12.202 0.5555559993
67531  43.036  -18.214  11.582 0.5555559993
67526  50.404  -18.605  11.550 0.1111110002
67525  51.064  -18.119  11.617 0.1111110002
66566  46.802  -19.314  11.648 0.2222220004
66567  45.803  -19.226  11.495 0.3333329856
68507  52.372  -17.056  10.723 0.1111110002
68518  52.580  -16.811  10.245 0.1111110002
69486  52.937  -16.557  10.717 0.1111110002
68497  52.119  -17.199  11.304 0.1111110002
67537  50.805  -18.283  10.688 0.1111110002
68509  51.037  -17.948  10.180 0.1111110002
66576  48.169  -19.138  10.822 0.2222220004
67528  45.278  -18.795  11.049 0.3333329856
67530  43.825  -18.249  11.332 0.5555559993
66575  48.945  -19.190  10.982 0.2222220004
69445  41.977  -15.709  14.554 0.4444440007
68512  45.620  -17.557  10.508 0.5555559993
68500  44.485  -17.444  11.052 0.5555559993
68501  43.605  -17.414  11.417 0.5555559993
70429  53.769  -16.201  9.101 0.1111110002
69497  51.003  -16.910  9.004 0.2222220004
67548  50.237  -18.162  9.914 0.2222220004
67550  48.557  -18.144  9.730 0.2222220004
70410  44.476  -15.804  11.960 0.4444440007
69477  45.118  -16.467  10.977 0.5555559993
68530  50.301  -17.212  8.904 0.2222220004
68523  48.080  -17.555  9.466 0.3333329856
69489  45.536  -16.802  10.590 0.5555559993
69505  53.844  -16.358  8.592 0.1111110002
69504  54.955  -16.669  8.835 0.1111110002
68534  53.869  -17.307  7.533 0.1111110002
70434  51.216  -15.851  7.160 0.4444440007
70407  46.296  -15.106  10.539 0.4444440007
70435  50.636  -15.771  7.271 0.4444440007
71257  46.707  -14.777  10.444 0.4444440007
71275  50.750  -14.808  6.182 0.4444440007
72239  50.950  -14.188  5.962 0.4444440007
72235  49.957  -14.469  6.869 0.4444440007
72228  50.799  -13.176  7.091 0.4444440007
73201  52.775  -11.583  7.232 0.1111110002
68533  54.630  -17.658  7.834 0.1111110002
32984  9.651  -54.779  47.735 0.1111110002
42180  17.692  -43.587  41.681 0.1111110002
41331  17.257  -43.768  41.546 0.1111110002
41324  16.312  -44.416  41.258 0.1111110002
40469  16.279  -44.462  41.655 0.1111110002
41332  16.736  -44.019  40.954 0.1111110002
41306  17.071  -43.978  43.246 0.1111110002
41315  16.944  -44.052  42.640 0.1111110002
41322  17.512  -43.711  42.192 0.1111110002
40471  14.948  -45.500  41.681 0.1111110002
39578  14.430  -46.341  40.963 0.1111110002
42199  16.978  -43.879  40.447 0.1111110002
40450  16.459  -44.452  43.303 0.1111110002
40461  15.616  -44.948  42.514 0.1111110002
39559  13.847  -46.913  41.468 0.1111110002
54849  40.966  -31.296  23.390 0.3333329856
54873  39.686  -31.209  22.207 0.3333329856
54898  38.511  -31.110  20.922 0.3333329856
54925  37.945  -31.192  20.457 0.4444440007
54926  37.160  -31.560  20.286 0.5555559993
55837  39.962  -30.403  21.480 0.3333329856
55838  39.230  -30.684  21.103 0.3333329856
56782  40.379  -29.686  21.384 0.2222220004
56799  38.670  -29.723  19.997 0.4444440007
56800  37.972  -30.139  19.741 0.5555559993
55855  37.575  -30.998  19.957 0.5555559993
56815  37.547  -29.740  19.128 0.5555559993
57776  40.719  -29.204  21.497 0.2222220004
58883  41.056  -27.457  20.532 0.2222220004
58884  40.395  -27.844  20.278 0.3333329856
57833  39.380  -28.422  19.784 0.3333329856
56814  38.305  -29.321  19.368 0.4444440007
59877  40.563  -27.198  19.756 0.2222220004
58896  39.380  -27.768  19.239 0.4444440007
58897  38.710  -28.226  19.008 0.5555559993
57843  37.648  -28.702  18.539 0.5555559993
56828  37.101  -29.131  18.565 0.5555559993
59876  41.152  -26.962  20.100 0.2222220004
59887  41.408  -26.317  19.428 0.3333329856
60808  41.040  -26.173  18.985 0.4444440007
59889  39.877  -27.090  19.072 0.4444440007
58909  38.363  -27.907  18.437 0.5555559993
58910  37.176  -27.804  17.863 0.5555559993
59895  40.236  -26.415  18.463 0.4444440007
60807  41.556  -25.853  18.933 0.2222220004
60816  41.721  -25.286  18.171 0.4444440007
61753  41.840  -24.532  17.414 0.4444440007
60825  40.868  -25.297  17.628 0.4444440007
61764  41.282  -24.209  16.905 0.3333329856
62716  42.363  -23.729  17.340 0.2222220004
63717  42.795  -22.873  17.276 0.1111110002
63718  42.146  -23.089  17.036 0.2222220004
64685  44.167  -21.346  17.708 0.1111110002
64686  43.378  -21.799  17.182 0.2222220004
65622  44.190  -20.599  17.035 0.1111110002
65631  44.138  -20.190  16.036 0.1111110002
66506  46.424  -19.619  16.293 0.1111110002
67448  38.428  -18.614  18.913 0.4444440007
66480  37.564  -19.113  18.118 0.4444440007
67458  38.118  -18.335  18.261 0.4444440007
68430  40.634  -16.335  17.615 0.2222220004
68431  39.668  -16.874  17.362 0.2222220004
68432  38.751  -17.293  17.178 0.3333329856
69444  43.024  -15.266  14.355 0.3333329856
25873  8.164  -61.688  51.284 0.2222220004
25882  6.797  -61.635  50.152 0.1111110002
54900  36.977  -31.916  21.273 0.5555559993
32979  9.066  -54.915  48.584 0.1111110002
34759  10.937  -53.141  45.759 0.3333329856
40470  15.738  -44.889  41.289 0.1111110002
55875  36.959  -30.884  19.438 0.5555559993
59888  40.540  -26.701  19.097 0.4444440007
59898  37.878  -27.417  17.919 0.5555559993
60824  41.379  -24.983  17.585 0.4444440007
63728  42.340  -22.528  16.859 0.2222220004
64698  43.158  -21.402  16.625 0.1111110002
66479  37.867  -19.199  18.690 0.4444440007
65623  43.488  -21.151  16.767 0.1111110002
68449  40.284  -16.219  16.513 0.3333329856
69434  40.825  -15.956  15.744 0.2222220004
33838  10.071  -53.653  47.775 0.1111110002
33839  9.547  -54.001  48.238 0.1111110002
41323  16.767  -44.128  41.806 0.1111110002
40460  16.313  -44.485  42.221 0.1111110002
54924  38.321  -30.916  20.476 0.4444440007
55853  38.667  -30.574  20.509 0.3333329856
54899  37.912  -31.588  21.149 0.3333329856
56784  39.050  -30.192  20.599 0.3333329856
56783  39.626  -29.730  20.795 0.3333329856
57794  39.821  -29.072  20.593 0.2222220004
56798  39.440  -29.213  20.326 0.3333329856
55854  38.103  -30.593  20.117 0.5555559993
55874  37.644  -30.504  19.648 0.6666669846
57793  40.355  -28.749  20.958 0.2222220004
58895  40.152  -27.313  19.500 0.3333329856
58866  41.275  -27.746  21.089 0.2222220004
59863  41.338  -27.265  20.642 0.2222220004
57815  40.178  -28.374  20.539 0.3333329856
57792  40.877  -28.316  21.207 0.2222220004
57817  39.203  -28.922  19.985 0.3333329856
57834  38.781  -28.745  19.404 0.5555559993
57835  38.120  -28.997  19.073 0.5555559993
59886  41.901  -25.933  19.426 0.1111110002
60793  42.659  -25.676  20.007 0.1111110002
60806  42.490  -25.407  19.237 0.2222220004
60815  42.377  -25.045  18.470 0.3333329856
61752  42.545  -24.341  17.759 0.2222220004
34791  21.460  -52.303  41.440 0.1111110002
39628  27.373  -48.432  37.388 0.1111110002
39610  27.555  -48.522  38.479 0.1111110002
39592  25.604  -48.175  39.402 0.1111110002
37706  23.054  -49.499  43.532 0.1111110002
39611  26.448  -48.416  38.400 0.2222220004
39593  24.578  -47.972  39.380 0.2222220004
39554  24.043  -48.027  41.338 0.1111110002
39539  23.332  -48.323  42.231 0.1111110002
39522  22.725  -48.671  43.009 0.1111110002
38621  23.003  -49.025  43.419 0.1111110002
39629  26.216  -48.384  37.286 0.2222220004
39630  25.061  -48.247  37.293 0.2222220004
39573  23.796  -47.940  40.363 0.1111110002
39555  23.022  -48.131  41.305 0.1111110002
39613  24.331  -47.971  38.368 0.2222220004
34758  11.191  -52.651  45.113 0.1111110002
35727  21.053  -51.587  43.805 0.1111110002
35726  22.093  -51.036  43.439 0.1111110002
36736  22.634  -50.043  43.594 0.1111110002
39540  22.171  -48.508  42.252 0.1111110002
38634  21.924  -48.933  43.210 0.1111110002
39556  22.121  -48.159  41.146 0.1111110002
39541  21.522  -48.425  41.657 0.1111110002
39575  21.936  -47.907  40.248 0.1111110002
36738  20.265  -50.888  44.230 0.1111110002
35711  20.526  -51.388  44.130 0.1111110002
36737  21.386  -50.640  43.858 0.1111110002
36758  21.733  -50.950  43.691 0.1111110002
37707  21.833  -49.654  43.658 0.1111110002
37723  21.017  -49.504  43.778 0.1111110002
37722  21.511  -49.363  43.606 0.1111110002
38623  21.342  -49.221  43.537 0.1111110002
38635  21.186  -48.975  43.250 0.1111110002
37708  20.728  -50.090  44.020 0.1111110002
38624  20.688  -49.332  43.615 0.1111110002
38636  20.473  -49.142  43.161 0.1111110002
38646  21.156  -48.751  42.462 0.1111110002
38657  20.831  -48.533  41.368 0.1111110002
49309  30.320  -38.075  35.313 0.1111110002
48358  30.849  -39.025  34.063 0.1111110002
54874  38.950  -31.404  21.907 0.2222220004
57775  41.218  -28.721  21.731 0.1111110002
56770  40.901  -29.647  21.904 0.1111110002
55823  40.233  -30.870  22.180 0.2222220004
52032  30.382  -34.632  31.706 0.1111110002
52043  30.660  -34.004  30.603 0.2222220004
55746  31.165  -30.797  28.295 0.2222220004
64672  38.178  -20.895  20.369 0.1111110002
39594  23.574  -47.875  39.370 0.2222220004
48341  30.480  -38.696  36.025 0.1111110002
48350  30.628  -38.909  34.993 0.1111110002
39557  21.458  -48.178  40.955 0.1111110002
55836  40.526  -30.239  21.840 0.2222220004
34768  21.908  -51.796  42.713 0.1111110002
39591  26.655  -48.372  39.452 0.1111110002
39571  25.837  -48.104  40.402 0.1111110002
36756  23.450  -50.191  43.373 0.1111110002
39612  25.362  -48.248  38.368 0.2222220004
39572  24.809  -47.964  40.379 0.1111110002
38633  22.523  -48.963  43.317 0.1111110002
38622  22.081  -49.197  43.467 0.1111110002
38603  23.500  -49.128  43.486 0.1111110002
38604  22.661  -49.244  43.479 0.1111110002
39574  22.828  -47.934  40.315 0.1111110002
35742  21.639  -51.619  43.316 0.1111110002
35743  21.110  -51.949  43.590 0.1111110002
35741  22.743  -51.175  42.811 0.1111110002
36757  22.388  -50.562  43.535 0.1111110002
39523  22.064  -48.700  42.855 0.1111110002
38645  21.697  -48.753  42.870 0.1111110002
37724  20.215  -49.777  43.868 0.1111110002
38625  20.043  -49.557  43.578 0.1111110002
38647  20.260  -49.018  42.300 0.1111110002
52041  35.833  -34.768  29.607 0.1111110002
52050  35.672  -34.241  29.118 0.1111110002
52963  35.027  -33.084  28.206 0.2222220004
62680  39.300  -22.483  22.276 0.1111110002
68419  39.001  -17.534  18.061 0.2222220004
69421  41.565  -15.694  16.336 0.1111110002
70387  43.596  -15.237  13.844 0.2222220004
70386  44.206  -15.108  13.523 0.2222220004
70399  43.671  -15.578  13.155 0.2222220004
71242  45.337  -14.362  13.147 0.2222220004
70397  45.003  -15.181  12.229 0.2222220004
70396  45.469  -15.110  11.679 0.2222220004
71241  46.005  -13.819  13.218 0.1111110002
71246  45.769  -14.513  12.235 0.2222220004
71251  46.468  -14.419  11.180 0.2222220004
68538  53.613  -17.449  6.928 0.2222220004
68539  53.117  -17.208  6.506 0.2222220004
71239  47.786  -12.859  13.796 0.1111110002
71245  46.675  -13.624  12.327 0.1111110002
68554  53.695  -17.422  6.115 0.2222220004
69529  53.851  -16.770  5.410 0.2222220004
70444  54.278  -15.907  4.907 0.3333329856
70445  53.062  -15.837  5.039 0.3333329856
71244  47.614  -12.894  12.652 0.1111110002
71250  47.689  -13.369  11.471 0.2222220004
69530  52.894  -16.927  5.919 0.3333329856
70463  54.717  -15.106  4.744 0.2222220004
71249  48.377  -13.104  11.269 0.3333329856
70464  53.836  -15.125  4.730 0.3333329856
71285  53.014  -14.422  4.829 0.3333329856
72245  52.802  -13.785  5.041 0.3333329856
71284  54.104  -14.309  4.756 0.2222220004
72244  53.369  -13.346  5.033 0.2222220004
73216  53.604  -12.692  5.111 0.1111110002
73211  53.192  -12.333  5.544 0.1111110002
73215  54.180  -12.507  4.845 0.1111110002
73210  53.806  -11.906  5.282 0.1111110002
74146  54.621  -11.512  4.583 0.1111110002
74145  54.834  -11.475  4.050 0.1111110002
75117  54.032  -10.458  5.726 0.1111110002
74143  53.643  -11.582  5.607 0.1111110002
75120  54.547  -10.675  4.947 0.1111110002
74142  54.108  -11.348  5.234 0.1111110002
75123  54.746  -10.831  4.388 0.1111110002
69422  40.974  -15.833  16.417 0.1111110002
70408  45.686  -15.383  10.976 0.3333329856
70398  44.210  -15.552  12.627 0.2222220004
68407  39.415  -17.680  18.724 0.2222220004
69443  43.627  -14.878  14.724 0.2222220004
70377  44.137  -14.858  14.552 0.2222220004
70385  44.819  -14.912  13.027 0.2222220004
70376  44.788  -14.453  14.019 0.2222220004
71247  45.252  -14.749  12.655 0.2222220004
71252  45.842  -14.830  11.501 0.2222220004
71240  46.816  -13.212  13.473 0.1111110002
69528  54.866  -16.599  5.193 0.2222220004
74140  53.271  -11.406  6.151 0.1111110002
28024  10.123  -59.992  53.081 0.1111110002
25857  9.309  -61.304  53.245 0.1111110002
28029  10.020  -60.054  52.128 0.1111110002
26952  9.580  -60.856  51.807 0.1111110002
26951  10.084  -60.360  51.131 0.1111110002
25858  8.700  -61.809  52.913 0.1111110002
25850  8.505  -62.259  53.055 0.1111110002
25859  8.202  -62.253  52.611 0.1111110002
25872  8.911  -61.393  51.541 0.1111110002
25869  7.278  -62.145  51.439 0.1111110002
25868  7.714  -62.112  51.898 0.1111110002
51138  30.872  -35.050  33.345 0.1111110002
52952  34.936  -33.585  28.393 0.1111110002
57684  32.691  -28.334  28.767 0.1111110002
58753  33.997  -27.125  29.615 0.1111110002
57663  33.242  -28.035  29.447 0.1111110002
57685  32.124  -28.443  28.118 0.1111110002
58781  32.277  -27.646  27.620 0.1111110002
57729  33.861  -26.607  25.759 0.1111110002
57715  32.961  -26.972  26.509 0.1111110002
66466  38.872  -19.196  19.958 0.1111110002
66467  38.339  -19.189  19.375 0.2222220004
67439  39.363  -18.531  20.072 0.1111110002
67447  39.107  -18.308  19.378 0.1111110002
68406  40.077  -17.391  19.157 0.1111110002
67563  55.296  -18.550  6.472 0.1111110002
68537  54.407  -17.881  6.722 0.1111110002
67577  55.561  -18.480  5.428 0.1111110002
68552  55.335  -17.494  5.333 0.1111110002
68553  54.504  -17.451  5.773 0.1111110002
51150  30.729  -34.936  32.676 0.1111110002
57700  31.380  -28.425  27.315 0.1111110002
26944  9.956  -60.661  53.588 0.1111110002
26948  9.670  -60.688  52.753 0.1111110002
25849  8.968  -61.928  53.449 0.1111110002
25866  9.103  -61.330  52.439 0.1111110002
25867  8.434  -61.801  52.156 0.1111110002
24784  7.891  -62.606  52.447 0.1111110002
58769  32.594  -27.722  28.266 0.1111110002
58754  33.557  -27.280  29.194 0.1111110002
68536  54.943  -17.969  6.244 0.1111110002
30224  5.846  -57.497  48.810 0.1111110002
32976  8.219  -54.740  48.782 0.1111110002
32108  7.678  -55.828  49.083 0.1111110002
32977  7.661  -54.710  48.723 0.1111110002
32109  6.978  -55.767  48.952 0.1111110002
52934  31.317  -33.736  30.516 0.1111110002
52933  32.005  -33.713  30.683 0.1111110002
52942  32.255  -33.089  29.868 0.1111110002
52042  31.407  -33.908  30.786 0.1111110002
52943  31.186  -33.410  29.982 0.1111110002
54827  40.646  -31.701  24.084 0.1111110002
53840  32.160  -32.570  29.401 0.1111110002
52953  31.615  -32.867  29.454 0.1111110002
54850  39.936  -31.429  22.976 0.1111110002
55822  41.039  -30.430  22.370 0.1111110002
54848  41.493  -31.084  23.463 0.1111110002
55815  40.697  -31.006  22.790 0.1111110002
32113  7.940  -55.966  49.215 0.1111110002
53849  31.564  -32.169  28.992 0.1111110002
32107  8.036  -55.405  49.002 0.1111110002
61731  43.011  -24.871  19.160 0.1111110002
61744  42.323  -24.821  18.015 0.1111110002
68609  54.683  -17.609  -0.358 0.1111110002
68620  55.419  -17.543  -0.762 0.1111110002
69606  55.226  -16.695  -1.191 0.1111110002
69547  56.252  -16.009  4.328 0.1111110002
69548  55.985  -15.992  4.597 0.1111110002
68588  56.253  -17.461  2.441 0.1111110002
70480  56.287  -15.416  3.777 0.1111110002
71281  56.151  -15.207  4.326 0.1111110002
69572  56.027  -16.506  2.319 0.1111110002
68597  56.292  -17.495  1.306 0.1111110002
68618  56.454  -17.591  -0.306 0.1111110002
67643  56.294  -17.830  -0.471 0.1111110002
69589  54.283  -17.206  -0.226 0.1111110002
69590  53.677  -16.560  0.186 0.1111110002
68598  56.268  -17.123  0.879 0.1111110002
69597  56.427  -17.178  -0.411 0.1111110002
69598  56.151  -16.699  -0.805 0.1111110002
69581  55.976  -16.732  1.477 0.1111110002
69605  55.678  -16.623  -1.179 0.1111110002
69527  55.715  -16.200  4.754 0.1111110002
70442  55.684  -15.642  4.715 0.1111110002
70462  55.492  -15.206  4.670 0.1111110002
69571  56.268  -16.560  2.866 0.1111110002
71299  56.159  -14.871  4.052 0.1111110002
71282  55.786  -14.808  4.374 0.1111110002
71283  55.035  -14.422  4.651 0.1111110002
69591  53.099  -15.942  0.579 0.1111110002
70496  56.265  -15.962  3.295 0.1111110002
69599  54.499  -16.748  -0.756 0.1111110002
70507  55.530  -16.082  0.824 0.1111110002
70514  55.775  -15.863  -0.418 0.1111110002
72213  48.413  -12.996  11.550 0.1111110002
70481  55.959  -14.934  3.496 0.1111110002
72243  54.434  -13.619  4.719 0.1111110002
70497  55.644  -15.616  2.594 0.1111110002
62681  38.717  -22.616  21.943 0.1111110002
70443  55.210  -15.755  4.884 0.1111110002
70460  56.247  -15.420  4.252 0.1111110002
69560  56.398  -16.312  3.671 0.1111110002
69526  56.044  -16.122  4.547 0.1111110002
70461  56.012  -15.546  4.519 0.1111110002
69580  56.158  -16.973  2.115 0.1111110002
69588  56.299  -16.846  0.230 0.1111110002
68607  56.487  -17.584  0.324 0.1111110002
69600  53.972  -16.183  -0.579 0.1111110002
71300  55.889  -14.482  3.947 0.1111110002
72242  55.160  -13.667  4.360 0.1111110002
71317  55.530  -14.313  3.380 0.1111110002
24775  8.637  -62.508  53.171 0.1111110002
26980  10.783  -59.786  47.395 0.3333329856
28035  6.718  -58.622  49.940 0.4444440007
29133  11.843  -58.048  45.525 0.2222220004
30229  9.001  -58.241  47.897 0.6666669846
31220  8.737  -56.727  48.565 0.3333329856
31238  11.866  -57.137  46.641 0.1111110002
32149  10.111  -56.204  44.871 0.7777780294
32997  12.712  -54.950  45.798 0.1111110002
33895  16.169  -53.231  40.233 0.1111110002
43222  33.940  -44.154  38.172 0.1111110002
43261  33.400  -43.174  37.066 0.1111110002
44300  20.642  -42.893  33.294 0.5555559993
46436  27.106  -40.948  28.395 0.7777780294
47409  31.042  -39.426  33.043 0.2222220004
49325  30.506  -38.618  33.577 0.2222220004
49345  34.108  -37.430  30.237 0.4444440007
50255  34.336  -36.810  30.579 0.2222220004
50283  27.659  -35.721  26.994 1.0000000000
50295  27.771  -35.433  26.510 1.0000000000
51140  29.279  -36.107  32.985 0.2222220004
51165  34.713  -36.226  31.312 0.2222220004
51212  27.917  -35.352  26.079 1.0000000000
51228  27.895  -35.082  25.910 1.0000000000
52094  27.921  -34.660  25.915 1.0000000000
52981  28.107  -33.796  26.362 1.0000000000
54826  41.657  -31.349  24.051 0.1111110002
55821  41.645  -30.358  22.805 0.1111110002
55824  39.621  -30.962  21.763 0.3333329856
57766  29.519  -28.785  23.455 0.7777780294
57816  39.822  -28.589  20.300 0.3333329856
57842  38.353  -28.536  18.865 0.5555559993
58867  40.699  -28.129  20.928 0.2222220004
58885  39.715  -28.123  19.944 0.3333329856
61754  41.079  -24.753  17.186 0.4444440007
62689  39.465  -21.967  22.170 0.1111110002
62725  41.716  -23.655  16.964 0.2222220004
64734  40.307  -20.905  14.823 0.5555559993
66526  36.709  -20.143  16.197 0.5555559993
66563  49.077  -19.180  11.653 0.2222220004
66574  49.370  -19.092  11.230 0.2222220004
67457  38.819  -18.089  18.689 0.3333329856
67498  46.091  -18.883  14.262 0.1111110002
67632  56.349  -18.099  -0.061 0.1111110002
68434  37.294  -17.904  16.612 0.5555559993
68452  37.652  -17.529  16.272 0.5555559993
68473  38.268  -17.670  15.171 0.5555559993
68555  53.287  -17.303  6.329 0.2222220004
68608  56.410  -17.272  0.658 0.1111110002
68619  56.177  -17.475  -0.746 0.1111110002
68624  55.871  -17.113  -1.095 0.1111110002
68625  55.571  -17.009  -1.151 0.1111110002
69435  40.267  -16.213  15.509 0.3333329856
69503  55.671  -16.926  9.100 0.1111110002
69587  56.553  -17.295  -0.096 0.1111110002
70378  43.596  -14.977  14.337 0.2222220004
72226  48.660  -14.394  8.399 0.4444440007
