#!ascii label  , from subject msSRGRS20160210 vox2ras=TkReg
877
45389  29.266  -41.058  27.492 0.0000000000
66535  38.917  -19.464  14.088 0.0000000000
54949  33.170  -31.690  19.593 0.0000000000
37784  14.407  -49.974  37.535 0.0000000000
43332  24.790  -42.839  32.150 0.0000000000
59899  33.104  -26.694  18.532 0.0000000000
41404  18.676  -45.189  33.777 0.0000000000
38702  17.713  -49.016  36.045 0.0000000000
41412  21.980  -45.248  32.026 0.0000000000
66534  43.102  -19.966  13.441 0.0000000000
50271  28.940  -36.978  28.377 0.0000000000
52102  30.390  -34.627  24.657 0.0000000000
49368  32.430  -38.100  27.489 0.0000000000
69453  43.007  -15.799  13.334 0.0000000000
68512  45.620  -17.557  10.508 0.0000000000
66495  36.809  -19.785  17.150 0.0000000000
62727  40.146  -23.611  16.255 0.0000000000
60840  36.064  -24.835  16.703 0.0000000000
56815  37.547  -29.740  19.128 0.0000000000
42347  28.938  -44.105  30.466 0.0000000000
33044  13.774  -54.599  40.339 0.0000000000
32164  11.170  -55.557  43.038 0.0000000000
32123  9.654  -55.754  47.090 0.0000000000
45358  26.168  -41.172  29.758 0.0000000000
40605  25.815  -46.176  31.096 0.0000000000
55825  29.296  -30.355  22.796 0.0000000000
54833  34.659  -33.013  24.296 0.0000000000
71260  48.327  -13.783  9.954 0.0000000000
65665  41.122  -19.995  13.476 0.0000000000
65646  41.155  -21.006  14.932 0.0000000000
48413  29.711  -38.535  27.713 0.0000000000
49383  30.356  -38.049  26.439 0.0000000000
47478  31.203  -39.434  27.582 0.0000000000
68462  39.706  -16.636  15.496 0.0000000000
69432  42.754  -15.270  15.419 0.0000000000
68480  40.992  -17.010  13.151 0.0000000000
67519  42.296  -18.174  11.884 0.0000000000
26983  9.091  -60.287  48.255 0.0000000000
63733  36.261  -22.105  16.545 0.0000000000
62717  35.108  -23.165  17.443 0.0000000000
56832  33.338  -29.336  18.449 0.0000000000
57854  35.336  -28.197  17.749 0.0000000000
55876  35.871  -31.038  19.073 0.0000000000
54901  35.949  -32.129  21.403 0.0000000000
37790  15.671  -49.950  36.450 0.0000000000
36818  17.373  -50.859  37.517 0.0000000000
35830  15.939  -51.765  37.503 0.0000000000
33905  15.410  -53.684  39.449 0.0000000000
34842  13.980  -52.149  38.487 0.0000000000
35777  11.832  -52.395  42.146 0.0000000000
32148  10.348  -55.671  44.635 0.0000000000
44319  25.513  -41.756  31.234 0.0000000000
42358  26.083  -43.928  29.721 0.0000000000
42352  24.591  -44.970  30.708 0.0000000000
40552  21.461  -46.998  34.526 0.0000000000
39696  23.699  -47.556  33.708 0.0000000000
52080  33.396  -34.437  26.534 0.0000000000
53894  32.599  -33.441  24.426 0.0000000000
62695  34.593  -23.174  19.437 0.0000000000
58888  32.527  -26.784  20.164 0.0000000000
56819  31.722  -29.496  19.598 0.0000000000
40539  19.862  -47.159  34.961 0.0000000000
39653  19.374  -47.901  35.757 0.0000000000
39685  17.834  -47.157  34.813 0.0000000000
40541  16.441  -47.101  35.743 0.0000000000
39638  15.288  -47.408  37.381 0.0000000000
42342  23.237  -44.674  31.622 0.0000000000
43335  22.206  -43.371  32.529 0.0000000000
41414  20.513  -44.994  32.700 0.0000000000
52062  28.307  -34.169  28.607 0.0000000000
52991  28.431  -33.445  25.800 0.0000000000
50317  28.601  -36.001  25.605 0.0000000000
50292  31.694  -36.888  25.813 0.0000000000
71252  45.842  -14.830  11.501 0.0000000000
69478  44.258  -16.495  11.469 0.0000000000
66569  44.027  -18.975  11.638 0.0000000000
67502  37.652  -18.616  15.073 0.0000000000
64719  39.287  -21.469  15.079 0.0000000000
63745  37.121  -21.731  15.703 0.0000000000
61768  37.608  -24.280  16.282 0.0000000000
59905  38.541  -26.437  17.556 0.0000000000
60831  34.255  -25.775  17.523 0.0000000000
58910  37.176  -27.804  17.863 0.0000000000
44341  28.937  -42.909  28.956 0.0000000000
45368  30.718  -41.570  28.820 0.0000000000
68431  39.668  -16.874  17.362 0.0000000000
36806  13.590  -50.488  39.135 0.0000000000
34810  12.730  -52.471  40.335 0.0000000000
33037  12.533  -54.704  41.056 0.0000000000
30263  12.001  -57.045  42.990 0.0000000000
29142  10.549  -58.220  44.662 0.0000000000
29128  9.484  -58.584  46.444 0.0000000000
30222  9.011  -57.642  48.032 0.0000000000
30217  7.663  -57.484  49.197 0.0000000000
46449  27.192  -40.991  28.161 0.0000000000
43365  27.291  -43.417  29.153 0.0000000000
41431  27.127  -45.235  30.383 0.0000000000
40596  24.370  -46.430  31.407 0.0000000000
54931  31.265  -31.329  20.362 0.0000000000
53897  29.599  -32.617  24.209 0.0000000000
54881  31.254  -32.246  22.205 0.0000000000
54903  34.034  -32.484  21.721 0.0000000000
47430  32.509  -39.929  29.739 0.0000000000
72225  48.998  -14.148  8.033 0.0000000000
70416  46.740  -15.493  9.999 0.0000000000
69499  48.425  -16.699  8.881 0.0000000000
66548  39.621  -19.112  13.468 0.0000000000
65657  39.500  -20.153  14.163 0.0000000000
47480  29.618  -39.365  27.842 0.0000000000
47479  30.432  -39.347  27.450 0.0000000000
46457  29.792  -40.194  27.511 0.0000000000
68482  39.437  -17.631  13.979 0.0000000000
69456  40.521  -16.574  14.289 0.0000000000
67510  39.610  -18.130  13.516 0.0000000000
67521  40.957  -18.203  12.649 0.0000000000
26974  8.669  -60.403  48.872 0.0000000000
63707  35.714  -22.042  18.030 0.0000000000
63694  35.580  -22.117  18.995 0.0000000000
55900  33.561  -30.192  18.522 0.0000000000
55899  34.525  -30.480  18.528 0.0000000000
55877  34.888  -31.195  19.034 0.0000000000
54927  36.181  -31.952  20.427 0.0000000000
54928  35.120  -32.165  20.503 0.0000000000
37783  14.923  -49.773  36.902 0.0000000000
36820  15.556  -50.772  36.920 0.0000000000
35831  15.095  -51.469  37.461 0.0000000000
34841  14.901  -52.716  38.197 0.0000000000
34858  14.303  -51.681  38.085 0.0000000000
43347  25.116  -42.311  31.843 0.0000000000
43348  25.032  -43.240  31.055 0.0000000000
43349  24.754  -43.795  31.192 0.0000000000
40537  21.389  -47.362  35.452 0.0000000000
54791  29.276  -31.614  25.981 0.0000000000
52978  33.712  -33.833  26.585 0.0000000000
57836  32.140  -28.231  19.418 0.0000000000
57820  32.072  -27.412  20.547 0.0000000000
40554  19.393  -46.446  34.175 0.0000000000
39668  19.017  -47.215  34.790 0.0000000000
40555  18.492  -46.254  34.202 0.0000000000
40540  16.751  -46.198  35.635 0.0000000000
40528  16.245  -46.400  36.395 0.0000000000
39655  15.797  -47.410  36.357 0.0000000000
43318  23.022  -43.007  33.169 0.0000000000
42306  18.918  -43.760  33.860 0.0000000000
42319  19.845  -44.033  32.991 0.0000000000
41403  19.070  -45.081  33.523 0.0000000000
40569  20.218  -45.943  33.588 0.0000000000
51202  27.585  -35.055  26.933 0.0000000000
50282  28.088  -36.370  27.090 0.0000000000
49369  31.892  -38.264  26.956 0.0000000000
49403  31.017  -37.491  25.760 0.0000000000
49381  32.294  -37.688  26.866 0.0000000000
51201  32.863  -36.072  26.705 0.0000000000
50270  33.315  -37.192  28.285 0.0000000000
69444  43.024  -15.266  14.355 0.0000000000
70410  44.476  -15.804  11.960 0.0000000000
69465  43.316  -16.143  12.511 0.0000000000
66558  42.584  -19.015  12.045 0.0000000000
66570  43.351  -18.802  11.713 0.0000000000
66557  43.393  -19.366  12.174 0.0000000000
67482  37.008  -18.509  16.306 0.0000000000
65649  37.308  -20.265  15.303 0.0000000000
65650  36.796  -20.499  15.909 0.0000000000
62731  36.076  -23.030  16.512 0.0000000000
62730  37.157  -23.232  16.058 0.0000000000
60839  37.109  -25.025  16.589 0.0000000000
60827  38.754  -25.762  17.171 0.0000000000
60828  37.771  -25.825  17.061 0.0000000000
61746  33.302  -24.959  18.755 0.0000000000
61757  34.078  -24.606  17.732 0.0000000000
61758  33.652  -25.319  17.891 0.0000000000
56829  36.496  -29.439  18.478 0.0000000000
58911  36.497  -28.075  17.802 0.0000000000
57843  37.648  -28.702  18.539 0.0000000000
58909  38.363  -27.907  18.437 0.0000000000
43358  28.820  -43.755  29.940 0.0000000000
44340  29.670  -42.718  29.334 0.0000000000
66480  37.564  -19.113  18.118 0.0000000000
67468  37.783  -18.104  17.636 0.0000000000
68451  38.363  -17.289  16.380 0.0000000000
38701  18.289  -48.700  36.011 0.0000000000
37781  18.091  -49.335  36.751 0.0000000000
33051  14.565  -54.247  39.871 0.0000000000
33050  15.202  -54.134  40.299 0.0000000000
33043  14.574  -54.597  40.820 0.0000000000
32176  13.852  -55.039  41.017 0.0000000000
36799  12.932  -50.944  40.593 0.0000000000
35789  13.061  -51.440  40.050 0.0000000000
35790  12.740  -51.598  40.661 0.0000000000
33029  11.471  -54.630  42.500 0.0000000000
33891  11.978  -53.666  41.441 0.0000000000
32172  11.815  -55.374  42.003 0.0000000000
31276  12.087  -56.017  42.120 0.0000000000
31270  11.462  -56.427  42.869 0.0000000000
30255  11.493  -57.431  43.656 0.0000000000
31262  10.678  -56.533  43.689 0.0000000000
32138  10.174  -55.283  45.628 0.0000000000
30240  9.736  -57.180  45.452 0.0000000000
31239  9.640  -56.543  46.328 0.0000000000
29122  9.262  -58.913  47.136 0.0000000000
31234  9.338  -56.804  47.253 0.0000000000
45369  26.861  -40.742  29.479 0.0000000000
46435  27.407  -40.610  28.833 0.0000000000
45370  26.603  -41.203  28.861 0.0000000000
43371  26.997  -42.762  28.735 0.0000000000
43372  26.538  -42.557  28.917 0.0000000000
41432  26.022  -45.606  30.531 0.0000000000
42350  26.432  -44.674  29.960 0.0000000000
41422  27.024  -45.928  31.305 0.0000000000
42343  22.606  -44.983  31.763 0.0000000000
41424  23.927  -45.430  31.085 0.0000000000
40597  23.247  -46.199  31.661 0.0000000000
39695  24.640  -47.647  33.619 0.0000000000
63742  39.600  -22.323  15.582 0.0000000000
63741  40.602  -22.255  15.778 0.0000000000
63730  40.789  -22.882  16.237 0.0000000000
56787  29.809  -29.635  21.845 0.0000000000
55857  30.751  -30.235  20.589 0.0000000000
54906  30.443  -31.516  21.301 0.0000000000
52103  29.436  -34.395  24.680 0.0000000000
53898  29.123  -32.371  24.795 0.0000000000
53001  29.888  -33.677  24.392 0.0000000000
54834  33.550  -33.200  24.274 0.0000000000
54857  32.141  -32.677  23.306 0.0000000000
54856  33.517  -32.711  23.339 0.0000000000
54880  32.538  -32.498  22.337 0.0000000000
54855  34.632  -32.654  23.380 0.0000000000
54854  35.598  -32.299  23.420 0.0000000000
46432  31.614  -40.678  28.887 0.0000000000
72222  48.575  -14.263  8.673 0.0000000000
69476  45.728  -16.194  10.644 0.0000000000
70407  46.296  -15.106  10.539 0.0000000000
69488  46.141  -16.579  10.261 0.0000000000
68523  48.080  -17.555  9.466 0.0000000000
68522  48.878  -17.572  9.234 0.0000000000
42307  18.451  -43.966  34.242 0.0000000000
41393  17.652  -45.147  34.621 0.0000000000
65664  42.098  -20.077  13.431 0.0000000000
65654  42.847  -20.249  14.173 0.0000000000
65655  41.675  -20.535  14.244 0.0000000000
49360  29.296  -37.602  28.689 0.0000000000
50281  28.817  -36.970  27.297 0.0000000000
48412  30.141  -38.574  27.103 0.0000000000
48411  31.108  -38.673  26.922 0.0000000000
48410  31.857  -38.790  27.469 0.0000000000
69420  42.429  -15.537  16.293 0.0000000000
69446  41.100  -16.066  14.804 0.0000000000
69455  41.195  -16.427  13.817 0.0000000000
69467  41.578  -16.620  13.118 0.0000000000
69480  42.750  -16.773  12.090 0.0000000000
68491  41.424  -17.314  12.629 0.0000000000
66560  41.332  -18.771  12.479 0.0000000000
26991  9.950  -59.919  47.082 0.0000000000
65613  36.832  -20.371  17.689 0.0000000000
64688  36.306  -21.201  16.890 0.0000000000
64676  36.052  -21.666  17.316 0.0000000000
63719  35.793  -22.279  17.055 0.0000000000
61770  35.608  -24.006  16.755 0.0000000000
58912  33.207  -27.661  18.228 0.0000000000
58925  34.086  -27.442  17.717 0.0000000000
57846  34.836  -28.862  18.058 0.0000000000
56830  35.409  -29.856  18.376 0.0000000000
55875  36.959  -30.884  19.438 0.0000000000
54926  37.160  -31.560  20.286 0.0000000000
54900  36.977  -31.916  21.273 0.0000000000
41409  28.923  -45.100  31.705 0.0000000000
37797  16.986  -49.181  35.871 0.0000000000
36828  17.410  -50.206  36.852 0.0000000000
36829  16.914  -50.321  36.610 0.0000000000
35829  16.729  -51.552  37.698 0.0000000000
35811  16.493  -52.202  38.288 0.0000000000
33915  14.923  -53.346  38.733 0.0000000000
33906  14.331  -53.655  39.145 0.0000000000
35776  12.193  -51.920  41.592 0.0000000000
34773  11.442  -52.702  43.318 0.0000000000
33877  11.272  -53.903  43.546 0.0000000000
32156  10.801  -55.520  43.667 0.0000000000
33016  10.771  -54.671  44.320 0.0000000000
33009  10.478  -54.652  45.301 0.0000000000
32998  10.204  -54.760  46.251 0.0000000000
44331  25.644  -41.920  30.157 0.0000000000
44343  26.047  -42.885  29.520 0.0000000000
43359  25.436  -43.376  30.158 0.0000000000
42351  25.280  -44.358  30.316 0.0000000000
41433  25.039  -45.394  30.632 0.0000000000
40568  21.326  -46.382  33.417 0.0000000000
40584  22.362  -46.328  32.463 0.0000000000
40567  22.665  -47.174  33.766 0.0000000000
61755  40.411  -24.935  17.137 0.0000000000
55816  29.078  -30.459  23.773 0.0000000000
52091  31.634  -34.975  25.109 0.0000000000
52999  31.779  -33.978  24.694 0.0000000000
52998  32.564  -33.943  24.930 0.0000000000
53893  33.566  -33.485  24.954 0.0000000000
71255  48.284  -13.374  10.743 0.0000000000
28041  7.260  -59.313  49.959 0.0000000000
61736  33.935  -24.151  19.861 0.0000000000
60810  33.180  -25.383  19.868 0.0000000000
59890  32.830  -26.307  19.462 0.0000000000
58913  32.716  -27.782  18.685 0.0000000000
56833  32.825  -29.275  18.697 0.0000000000
55879  32.733  -30.607  19.014 0.0000000000
40526  20.184  -47.453  35.670 0.0000000000
39652  20.201  -47.698  36.385 0.0000000000
39669  18.330  -47.812  35.172 0.0000000000
38710  17.792  -48.242  35.410 0.0000000000
40556  17.586  -46.230  34.649 0.0000000000
39670  17.264  -47.466  35.233 0.0000000000
38711  17.305  -48.708  35.718 0.0000000000
38703  15.940  -48.525  35.974 0.0000000000
38704  15.441  -49.115  36.346 0.0000000000
38694  14.922  -48.615  37.049 0.0000000000
42328  24.257  -43.297  32.313 0.0000000000
42329  23.240  -43.693  32.330 0.0000000000
42330  22.272  -44.237  32.027 0.0000000000
42331  21.323  -44.360  32.263 0.0000000000
44299  20.824  -42.875  33.138 0.0000000000
43337  20.859  -43.824  32.478 0.0000000000
41413  21.053  -45.051  32.446 0.0000000000
40553  20.492  -46.688  34.295 0.0000000000
52968  28.756  -33.121  27.710 0.0000000000
53879  28.883  -32.615  26.133 0.0000000000
52083  28.073  -33.820  26.767 0.0000000000
51227  28.250  -35.206  25.498 0.0000000000
51225  29.887  -35.547  24.887 0.0000000000
49384  29.486  -37.394  26.423 0.0000000000
50315  30.131  -36.481  25.249 0.0000000000
51224  30.830  -35.834  25.130 0.0000000000
52082  32.125  -35.529  25.614 0.0000000000
52071  33.158  -35.394  26.948 0.0000000000
71246  45.769  -14.513  12.235 0.0000000000
70409  45.006  -15.735  11.531 0.0000000000
68499  45.138  -17.219  10.741 0.0000000000
68502  42.831  -17.426  11.733 0.0000000000
67530  43.825  -18.249  11.332 0.0000000000
66536  38.247  -19.273  14.490 0.0000000000
65658  38.531  -20.196  14.593 0.0000000000
65659  37.849  -19.905  14.804 0.0000000000
64720  38.369  -21.178  15.062 0.0000000000
62738  38.815  -22.943  15.800 0.0000000000
63732  36.718  -22.341  16.098 0.0000000000
62740  37.313  -22.411  15.779 0.0000000000
61767  38.632  -24.457  16.359 0.0000000000
60837  39.014  -25.153  16.837 0.0000000000
60818  40.080  -26.194  18.158 0.0000000000
62708  34.272  -23.595  18.436 0.0000000000
62718  34.569  -23.900  17.685 0.0000000000
60830  35.283  -25.392  17.070 0.0000000000
58924  34.859  -27.440  17.546 0.0000000000
59907  36.202  -26.571  17.205 0.0000000000
60829  36.638  -25.766  16.955 0.0000000000
59898  37.878  -27.417  17.919 0.0000000000
44359  28.857  -41.867  27.768 0.0000000000
44358  29.722  -41.670  27.860 0.0000000000
44346  30.091  -42.001  28.627 0.0000000000
44329  30.657  -42.389  30.420 0.0000000000
68450  39.271  -16.928  16.431 0.0000000000
68463  38.738  -17.234  15.634 0.0000000000
37776  14.166  -49.696  38.213 0.0000000000
37769  13.899  -49.499  39.139 0.0000000000
36805  13.937  -50.203  38.579 0.0000000000
35813  13.682  -51.303  38.745 0.0000000000
34826  13.229  -52.297  39.521 0.0000000000
33897  13.331  -54.084  39.991 0.0000000000
34794  12.255  -53.084  41.005 0.0000000000
33890  12.353  -54.026  40.910 0.0000000000
33045  12.933  -54.497  40.533 0.0000000000
32171  12.564  -55.354  41.454 0.0000000000
31269  12.378  -56.519  42.600 0.0000000000
28075  10.765  -58.734  45.184 0.0000000000
31252  10.202  -56.596  44.506 0.0000000000
29143  10.005  -57.684  44.826 0.0000000000
28070  9.883  -58.957  45.860 0.0000000000
28054  9.244  -59.469  47.462 0.0000000000
29123  8.899  -58.783  47.851 0.0000000000
29118  8.403  -58.930  48.770 0.0000000000
31227  8.922  -57.040  48.184 0.0000000000
31221  8.381  -56.955  48.700 0.0000000000
29111  8.052  -58.675  49.379 0.0000000000
47466  29.093  -39.838  28.314 0.0000000000
46447  28.319  -40.332  28.446 0.0000000000
46459  28.091  -40.944  27.673 0.0000000000
44360  28.066  -41.897  27.790 0.0000000000
43370  27.674  -42.935  28.699 0.0000000000
42348  28.202  -44.328  30.136 0.0000000000
42357  26.858  -43.957  29.602 0.0000000000
42349  27.326  -44.536  29.947 0.0000000000
41421  28.107  -45.155  30.951 0.0000000000
42341  24.343  -44.224  31.285 0.0000000000
41434  24.535  -45.423  30.795 0.0000000000
40595  25.367  -46.557  31.488 0.0000000000
40583  23.675  -47.115  32.628 0.0000000000
40582  24.884  -47.063  32.094 0.0000000000
40581  25.733  -46.901  32.099 0.0000000000
64735  39.829  -20.858  14.747 0.0000000000
56802  31.226  -29.486  20.154 0.0000000000
55856  31.312  -30.475  20.086 0.0000000000
54950  32.102  -31.243  19.705 0.0000000000
54814  29.022  -32.022  25.269 0.0000000000
54836  29.172  -31.537  24.250 0.0000000000
54860  29.385  -31.218  23.282 0.0000000000
53896  30.485  -33.057  24.031 0.0000000000
54858  30.771  -32.277  22.960 0.0000000000
54882  30.230  -31.803  22.243 0.0000000000
54905  31.743  -32.205  21.269 0.0000000000
54904  33.025  -32.385  21.467 0.0000000000
54929  33.842  -32.308  20.634 0.0000000000
54902  34.905  -32.345  21.527 0.0000000000
45387  30.861  -40.688  27.909 0.0000000000
47464  31.486  -39.765  28.033 0.0000000000
48397  32.454  -38.838  28.242 0.0000000000
47429  33.031  -39.383  30.019 0.0000000000
48396  32.966  -38.360  28.714 0.0000000000
72229  50.169  -13.480  7.330 0.0000000000
71256  47.409  -14.272  10.265 0.0000000000
70415  47.476  -15.147  9.576 0.0000000000
69487  46.911  -16.658  9.793 0.0000000000
70424  47.338  -15.932  9.529 0.0000000000
70423  47.947  -15.651  9.025 0.0000000000
70431  48.570  -15.773  8.401 0.0000000000
70430  49.132  -15.863  7.841 0.0000000000
65666  40.239  -19.858  13.582 0.0000000000
47481  29.185  -39.891  27.942 0.0000000000
67500  38.879  -18.481  14.035 0.0000000000
28048  8.286  -59.810  49.008 0.0000000000
55878  33.852  -31.080  18.960 0.0000000000
54948  34.377  -31.850  19.625 0.0000000000
36821  14.732  -50.668  37.346 0.0000000000
35832  14.485  -51.292  37.781 0.0000000000
43333  24.667  -43.569  31.578 0.0000000000
40524  21.410  -47.477  36.189 0.0000000000
54771  29.517  -31.645  26.812 0.0000000000
41391  18.851  -45.680  33.825 0.0000000000
41392  18.231  -45.242  34.115 0.0000000000
42321  18.655  -44.720  33.767 0.0000000000
42320  19.131  -44.148  33.485 0.0000000000
40570  19.466  -45.656  33.597 0.0000000000
50273  27.683  -35.886  27.673 0.0000000000
49382  31.550  -37.898  26.316 0.0000000000
50280  32.887  -37.030  27.438 0.0000000000
49359  32.899  -37.873  28.167 0.0000000000
70387  43.596  -15.237  13.844 0.0000000000
70399  43.671  -15.578  13.155 0.0000000000
70398  44.210  -15.552  12.627 0.0000000000
66545  42.711  -19.775  12.802 0.0000000000
66544  43.598  -19.725  12.926 0.0000000000
28061  11.088  -59.378  46.802 0.0000000000
66509  36.821  -19.215  16.800 0.0000000000
66525  36.904  -19.493  15.877 0.0000000000
66510  36.698  -19.950  16.604 0.0000000000
61769  36.555  -24.087  16.397 0.0000000000
60832  33.450  -26.048  18.014 0.0000000000
56828  37.101  -29.131  18.565 0.0000000000
43357  29.577  -43.506  30.287 0.0000000000
42338  29.375  -44.345  31.152 0.0000000000
66494  37.145  -19.316  17.559 0.0000000000
67458  38.118  -18.335  18.261 0.0000000000
67459  37.556  -18.662  17.781 0.0000000000
67469  37.244  -18.416  17.171 0.0000000000
37787  17.865  -49.128  36.269 0.0000000000
33030  11.313  -55.094  42.828 0.0000000000
32163  11.466  -55.525  42.557 0.0000000000
31277  11.692  -55.877  42.348 0.0000000000
31261  11.102  -56.994  43.405 0.0000000000
31271  10.982  -56.043  43.254 0.0000000000
32129  9.961  -55.535  46.190 0.0000000000
45357  27.033  -40.643  30.376 0.0000000000
44342  26.105  -42.223  29.277 0.0000000000
41423  26.275  -46.066  31.105 0.0000000000
40593  26.880  -46.405  31.974 0.0000000000
40594  26.230  -46.449  31.605 0.0000000000
41426  22.573  -45.345  31.825 0.0000000000
41425  23.009  -45.412  31.562 0.0000000000
40598  22.610  -45.735  31.851 0.0000000000
62737  39.534  -23.069  16.027 0.0000000000
63731  40.103  -22.800  16.051 0.0000000000
56772  29.611  -29.264  22.410 0.0000000000
55840  29.713  -30.394  21.777 0.0000000000
72221  48.865  -13.645  9.169 0.0000000000
69489  45.536  -16.802  10.590 0.0000000000
43288  18.904  -43.221  34.906 0.0000000000
42295  17.747  -44.410  35.005 0.0000000000
42294  18.261  -43.608  35.501 0.0000000000
43305  18.841  -43.452  34.353 0.0000000000
66546  41.722  -19.453  12.668 0.0000000000
65656  40.528  -20.560  14.329 0.0000000000
49371  29.532  -37.909  27.479 0.0000000000
68461  40.241  -16.166  15.825 0.0000000000
69434  40.825  -15.956  15.744 0.0000000000
69447  40.347  -16.330  15.019 0.0000000000
68481  40.242  -17.260  13.553 0.0000000000
66547  40.681  -19.148  12.937 0.0000000000
26982  9.562  -60.108  47.622 0.0000000000
64675  36.542  -21.008  17.897 0.0000000000
57847  33.783  -28.588  18.098 0.0000000000
57856  33.807  -27.879  17.854 0.0000000000
55898  35.277  -30.631  18.712 0.0000000000
56817  35.713  -30.452  18.748 0.0000000000
56816  36.325  -30.243  18.872 0.0000000000
54946  36.360  -31.571  19.682 0.0000000000
54876  36.779  -31.983  22.316 0.0000000000
65612  37.222  -19.971  18.191 0.0000000000
37789  16.381  -49.531  36.090 0.0000000000
36830  16.201  -50.370  36.524 0.0000000000
36819  16.476  -50.991  37.059 0.0000000000
34840  15.757  -52.573  38.165 0.0000000000
33916  14.378  -53.004  38.655 0.0000000000
34825  13.827  -52.941  38.999 0.0000000000
33868  11.293  -53.343  43.763 0.0000000000
33869  11.125  -53.915  44.075 0.0000000000
44309  25.599  -41.622  32.163 0.0000000000
44320  25.370  -42.635  30.456 0.0000000000
42340  24.850  -43.923  30.902 0.0000000000
56754  29.105  -29.544  24.381 0.0000000000
55808  29.044  -30.540  24.697 0.0000000000
52090  32.442  -34.673  25.380 0.0000000000
52990  32.275  -34.352  25.087 0.0000000000
52989  32.852  -34.242  25.494 0.0000000000
53877  34.171  -33.183  26.523 0.0000000000
53885  33.794  -33.448  25.796 0.0000000000
54789  34.207  -33.093  26.072 0.0000000000
28034  6.968  -58.645  50.035 0.0000000000
60809  33.538  -24.818  20.055 0.0000000000
58898  32.687  -27.149  18.959 0.0000000000
58899  32.378  -27.687  19.190 0.0000000000
56818  32.256  -29.394  19.070 0.0000000000
55901  32.897  -29.787  18.654 0.0000000000
39684  18.315  -46.950  34.579 0.0000000000
41384  17.211  -45.191  35.358 0.0000000000
39671  16.498  -48.021  35.653 0.0000000000
38712  16.607  -48.811  35.792 0.0000000000
39656  15.359  -48.185  36.503 0.0000000000
42318  23.681  -42.940  33.108 0.0000000000
43334  22.693  -43.235  32.741 0.0000000000
43336  21.389  -43.586  32.451 0.0000000000
42332  20.508  -44.338  32.613 0.0000000000
41401  20.724  -45.542  32.929 0.0000000000
40538  20.699  -47.159  35.166 0.0000000000
52980  28.411  -33.310  26.709 0.0000000000
52072  28.105  -33.845  27.352 0.0000000000
50294  28.087  -35.886  26.250 0.0000000000
51213  27.723  -35.007  26.304 0.0000000000
51240  28.726  -35.124  25.018 0.0000000000
51226  28.922  -35.614  25.052 0.0000000000
50314  30.954  -36.687  25.435 0.0000000000
51211  31.601  -36.001  25.490 0.0000000000
51210  32.283  -36.090  25.980 0.0000000000
50279  33.435  -36.477  28.143 0.0000000000
71247  45.252  -14.749  12.655 0.0000000000
69477  45.118  -16.467  10.977 0.0000000000
68490  42.151  -17.361  12.133 0.0000000000
67529  44.643  -18.438  11.090 0.0000000000
67501  38.046  -18.349  14.825 0.0000000000
66537  37.546  -19.171  15.032 0.0000000000
64721  37.553  -21.133  15.313 0.0000000000
63744  37.775  -21.919  15.424 0.0000000000
63743  38.603  -22.134  15.369 0.0000000000
64702  36.321  -21.651  16.608 0.0000000000
64701  36.600  -21.415  16.192 0.0000000000
62729  38.196  -23.592  16.008 0.0000000000
59904  39.169  -26.166  17.620 0.0000000000
61756  34.961  -24.276  17.226 0.0000000000
57855  34.443  -28.084  17.773 0.0000000000
58923  36.005  -27.555  17.482 0.0000000000
58922  36.716  -27.191  17.472 0.0000000000
59906  37.441  -26.793  17.454 0.0000000000
44347  29.307  -42.385  28.387 0.0000000000
43356  30.339  -43.054  30.784 0.0000000000
44330  30.147  -42.747  30.081 0.0000000000
68430  40.634  -16.335  17.615 0.0000000000
68465  37.484  -17.733  15.791 0.0000000000
68464  37.934  -17.569  15.661 0.0000000000
67492  37.887  -17.952  15.239 0.0000000000
39636  19.723  -48.060  36.964 0.0000000000
33904  16.112  -53.338  39.891 0.0000000000
38686  14.711  -48.211  38.032 0.0000000000
37770  13.469  -49.841  39.752 0.0000000000
36813  13.882  -50.774  38.513 0.0000000000
34809  12.947  -51.954  40.139 0.0000000000
34827  12.998  -52.551  39.904 0.0000000000
33907  13.422  -53.405  39.532 0.0000000000
33908  12.995  -52.860  39.862 0.0000000000
34795  11.858  -52.933  41.769 0.0000000000
33038  11.985  -54.532  41.568 0.0000000000
32178  12.812  -54.966  40.939 0.0000000000
29148  10.889  -57.741  44.025 0.0000000000
29147  11.186  -58.023  44.208 0.0000000000
29136  9.772  -58.229  45.448 0.0000000000
28063  9.809  -59.451  46.724 0.0000000000
30228  9.152  -57.969  47.494 0.0000000000
30223  8.816  -57.891  48.332 0.0000000000
32118  9.333  -55.931  48.004 0.0000000000
32111  8.857  -56.214  48.633 0.0000000000
30216  8.178  -58.053  49.106 0.0000000000
30211  7.164  -57.890  49.580 0.0000000000
47465  29.458  -39.281  28.468 0.0000000000
46434  28.397  -40.297  29.284 0.0000000000
46448  27.580  -40.839  28.040 0.0000000000
45391  27.808  -41.366  27.749 0.0000000000
44361  27.653  -41.769  27.903 0.0000000000
43364  28.253  -43.438  29.271 0.0000000000
42356  27.581  -43.921  29.650 0.0000000000
43367  25.890  -43.338  29.702 0.0000000000
43366  26.454  -43.166  29.285 0.0000000000
41430  27.710  -44.857  30.311 0.0000000000
41410  28.099  -45.930  32.171 0.0000000000
40607  24.593  -45.792  30.900 0.0000000000
40566  23.338  -47.305  33.340 0.0000000000
39694  25.464  -47.558  33.355 0.0000000000
39705  24.719  -47.485  32.848 0.0000000000
39704  25.492  -47.292  32.611 0.0000000000
64736  39.089  -20.760  14.751 0.0000000000
57821  31.407  -28.218  20.678 0.0000000000
56785  30.914  -28.873  20.877 0.0000000000
54932  30.567  -30.964  20.719 0.0000000000
54951  31.606  -30.869  19.907 0.0000000000
54792  29.026  -32.260  25.668 0.0000000000
53887  28.887  -32.712  25.401 0.0000000000
53907  29.606  -31.905  23.628 0.0000000000
53895  31.458  -33.301  24.133 0.0000000000
53905  31.141  -32.764  23.598 0.0000000000
54879  33.727  -32.517  22.471 0.0000000000
54930  32.464  -32.011  20.429 0.0000000000
45377  30.489  -41.378  28.119 0.0000000000
45376  31.133  -41.045  28.519 0.0000000000
46431  32.056  -40.430  29.479 0.0000000000
46445  31.940  -40.163  28.813 0.0000000000
47463  31.954  -39.678  28.391 0.0000000000
47447  32.495  -39.570  29.105 0.0000000000
48385  33.278  -38.500  29.381 0.0000000000
49358  33.385  -37.742  28.821 0.0000000000
72224  49.755  -13.190  8.465 0.0000000000
72230  49.724  -14.331  7.163 0.0000000000
71268  49.315  -14.993  7.473 0.0000000000
71257  46.707  -14.777  10.444 0.0000000000
69500  47.646  -16.693  9.377 0.0000000000
71265  48.461  -14.818  8.518 0.0000000000
46456  30.591  -40.124  27.606 0.0000000000
68471  39.858  -16.988  14.482 0.0000000000
68492  40.723  -17.588  12.940 0.0000000000
67509  40.224  -18.234  13.049 0.0000000000
63706  36.295  -21.530  19.167 0.0000000000
62707  34.961  -22.658  18.639 0.0000000000
56831  34.227  -29.580  18.241 0.0000000000
54947  35.474  -31.767  19.634 0.0000000000
34856  15.277  -52.120  37.804 0.0000000000
34857  14.657  -51.935  37.912 0.0000000000
33861  11.190  -53.241  44.435 0.0000000000
40551  22.098  -47.490  34.980 0.0000000000
55801  29.296  -30.531  25.600 0.0000000000
52979  33.256  -34.264  26.091 0.0000000000
52965  33.983  -33.823  27.371 0.0000000000
58889  32.202  -27.548  19.793 0.0000000000
56801  31.709  -28.698  19.801 0.0000000000
39683  18.796  -46.732  34.417 0.0000000000
40527  16.519  -45.889  36.271 0.0000000000
43319  22.279  -42.797  33.110 0.0000000000
43304  19.305  -43.265  33.970 0.0000000000
43322  19.627  -43.622  33.319 0.0000000000
41402  19.864  -45.006  33.048 0.0000000000
52073  27.758  -34.543  27.561 0.0000000000
51195  27.574  -35.228  27.616 0.0000000000
50293  28.782  -36.641  26.203 0.0000000000
48426  30.922  -38.368  26.433 0.0000000000
50291  32.382  -36.995  26.417 0.0000000000
69443  43.627  -14.878  14.724 0.0000000000
70385  44.819  -14.912  13.027 0.0000000000
69464  43.929  -16.129  12.051 0.0000000000
67531  43.036  -18.214  11.582 0.0000000000
66568  44.845  -19.172  11.590 0.0000000000
66556  44.240  -19.445  12.279 0.0000000000
67493  37.451  -18.349  15.480 0.0000000000
64722  37.052  -21.026  15.665 0.0000000000
60838  38.146  -25.121  16.662 0.0000000000
61745  33.713  -24.214  18.649 0.0000000000
57845  35.807  -28.873  18.106 0.0000000000
57853  36.074  -28.282  17.814 0.0000000000
57844  36.695  -28.624  18.146 0.0000000000
43363  29.073  -43.306  29.538 0.0000000000
67448  38.428  -18.614  18.913 0.0000000000
68420  38.297  -17.725  17.679 0.0000000000
68432  38.751  -17.293  17.178 0.0000000000
68433  37.832  -17.586  17.063 0.0000000000
68453  37.191  -17.897  16.046 0.0000000000
38700  18.868  -48.319  36.013 0.0000000000
38692  19.049  -48.426  36.600 0.0000000000
38693  18.683  -48.973  37.163 0.0000000000
32169  14.169  -54.994  41.654 0.0000000000
32170  13.402  -55.554  41.643 0.0000000000
37763  13.212  -49.666  40.460 0.0000000000
36798  13.204  -50.554  40.028 0.0000000000
35801  13.350  -51.308  39.390 0.0000000000
33883  11.634  -53.732  42.089 0.0000000000
30256  10.867  -57.300  43.700 0.0000000000
32139  10.048  -55.942  45.338 0.0000000000
31253  9.923  -56.572  45.065 0.0000000000
31244  9.836  -56.360  45.662 0.0000000000
30234  9.439  -57.584  46.360 0.0000000000
31214  7.281  -57.082  49.001 0.0000000000
45379  27.058  -41.243  28.296 0.0000000000
45378  27.348  -41.570  28.056 0.0000000000
44350  26.743  -42.004  28.500 0.0000000000
39680  24.414  -47.783  34.486 0.0000000000
56771  29.974  -28.909  22.088 0.0000000000
56786  30.263  -29.237  21.508 0.0000000000
55839  30.251  -30.497  21.095 0.0000000000
53002  28.997  -33.505  24.928 0.0000000000
54835  32.561  -33.064  23.909 0.0000000000
53904  31.971  -32.985  23.864 0.0000000000
54878  34.758  -32.389  22.505 0.0000000000
44338  31.005  -41.824  30.142 0.0000000000
45367  31.314  -41.262  29.471 0.0000000000
45366  31.857  -40.884  30.119 0.0000000000
46415  32.487  -40.329  30.348 0.0000000000
70408  45.686  -15.383  10.976 0.0000000000
70417  46.116  -15.744  10.461 0.0000000000
69510  48.984  -16.465  8.344 0.0000000000
69498  49.178  -17.033  8.729 0.0000000000
42308  17.960  -44.680  34.436 0.0000000000
65663  42.671  -20.045  13.455 0.0000000000
49370  29.905  -38.235  26.924 0.0000000000
48427  30.623  -38.482  26.682 0.0000000000
69433  41.773  -15.621  15.527 0.0000000000
69445  41.977  -15.709  14.554 0.0000000000
69454  42.174  -16.049  13.612 0.0000000000
69466  42.289  -16.506  12.689 0.0000000000
67520  41.621  -18.109  12.248 0.0000000000
66559  41.876  -18.749  12.202 0.0000000000
26981  10.349  -59.964  47.298 0.0000000000
65624  36.905  -19.990  17.562 0.0000000000
65625  36.639  -20.423  17.172 0.0000000000
64689  36.127  -21.799  16.860 0.0000000000
59910  33.575  -27.014  17.913 0.0000000000
58926  33.664  -27.503  17.889 0.0000000000
55874  37.644  -30.504  19.648 0.0000000000
54925  37.945  -31.192  20.457 0.0000000000
54899  37.912  -31.588  21.149 0.0000000000
54875  37.837  -31.824  22.162 0.0000000000
41420  28.798  -44.823  31.133 0.0000000000
42326  29.744  -44.701  32.097 0.0000000000
37796  17.235  -49.140  35.923 0.0000000000
37788  17.405  -49.509  36.257 0.0000000000
34824  15.477  -53.131  38.668 0.0000000000
33052  13.869  -54.115  39.656 0.0000000000
34782  11.610  -52.888  42.498 0.0000000000
33876  11.397  -53.762  42.992 0.0000000000
33023  11.357  -54.334  42.933 0.0000000000
33024  11.196  -54.604  43.321 0.0000000000
33862  10.899  -53.728  45.001 0.0000000000
32128  10.108  -55.185  46.033 0.0000000000
32999  10.028  -55.070  46.442 0.0000000000
45345  26.076  -41.085  30.645 0.0000000000
44332  25.712  -42.752  29.850 0.0000000000
42359  25.657  -43.783  29.911 0.0000000000
39682  22.866  -47.665  34.797 0.0000000000
39697  23.197  -47.583  34.220 0.0000000000
61766  39.694  -24.600  16.649 0.0000000000
61765  40.624  -24.329  16.713 0.0000000000
56762  29.174  -29.546  23.421 0.0000000000
52101  31.147  -34.337  24.698 0.0000000000
52988  33.400  -33.892  25.803 0.0000000000
53886  33.199  -33.769  25.169 0.0000000000
67542  45.932  -18.510  10.630 0.0000000000
68511  46.424  -17.598  10.129 0.0000000000
28040  7.897  -59.267  49.513 0.0000000000
61735  35.045  -23.408  20.445 0.0000000000
61737  33.422  -24.802  19.632 0.0000000000
60819  33.067  -25.879  18.891 0.0000000000
57848  32.782  -28.528  18.642 0.0000000000
40525  20.792  -47.456  36.036 0.0000000000
39654  18.722  -48.197  35.720 0.0000000000
43320  21.352  -42.851  32.957 0.0000000000
43321  20.424  -43.245  33.054 0.0000000000
40585  21.470  -45.738  32.611 0.0000000000
53878  29.209  -32.159  26.627 0.0000000000
53866  28.905  -32.664  26.907 0.0000000000
52084  27.843  -34.345  26.643 0.0000000000
52992  28.014  -34.075  25.979 0.0000000000
52093  28.335  -34.243  25.464 0.0000000000
52104  28.758  -34.580  25.008 0.0000000000
51239  29.194  -35.051  24.796 0.0000000000
51238  29.709  -34.917  24.708 0.0000000000
49405  29.552  -36.903  25.704 0.0000000000
49404  30.239  -37.266  25.712 0.0000000000
50316  29.262  -36.310  25.310 0.0000000000
52092  30.683  -35.244  24.926 0.0000000000
52081  32.812  -35.036  26.098 0.0000000000
70396  45.469  -15.110  11.679 0.0000000000
70397  45.003  -15.181  12.229 0.0000000000
69479  43.407  -16.686  11.796 0.0000000000
68501  43.605  -17.414  11.417 0.0000000000
68500  44.485  -17.444  11.052 0.0000000000
68513  45.004  -17.803  10.768 0.0000000000
65648  37.893  -20.554  14.975 0.0000000000
65634  36.599  -20.615  16.476 0.0000000000
62739  37.934  -22.750  15.653 0.0000000000
62728  39.168  -23.752  16.103 0.0000000000
60826  39.830  -25.696  17.484 0.0000000000
60841  35.458  -24.625  16.952 0.0000000000
59909  34.208  -26.719  17.608 0.0000000000
59908  35.116  -26.587  17.320 0.0000000000
59897  38.452  -27.106  18.036 0.0000000000
58908  38.934  -27.373  18.512 0.0000000000
44339  30.530  -42.094  29.537 0.0000000000
68449  40.284  -16.219  16.513 0.0000000000
68472  38.912  -17.489  14.718 0.0000000000
38695  14.495  -49.162  37.662 0.0000000000
38687  14.286  -48.816  38.573 0.0000000000
36812  14.191  -50.565  37.978 0.0000000000
35812  14.077  -51.304  38.237 0.0000000000
34843  13.519  -51.774  38.996 0.0000000000
33898  12.792  -53.517  40.237 0.0000000000
32177  13.230  -55.087  40.916 0.0000000000
31275  12.731  -56.048  41.957 0.0000000000
31268  13.140  -56.134  42.510 0.0000000000
28074  11.120  -58.840  45.498 0.0000000000
28069  10.503  -59.139  45.863 0.0000000000
30247  10.432  -57.358  44.261 0.0000000000
30248  9.989  -57.108  44.762 0.0000000000
29135  10.287  -58.713  45.349 0.0000000000
28062  10.541  -59.530  46.676 0.0000000000
26990  10.150  -59.773  46.908 0.0000000000
28055  8.779  -59.784  48.170 0.0000000000
31228  8.726  -57.288  48.442 0.0000000000
29112  7.524  -58.439  49.694 0.0000000000
46458  28.801  -40.417  27.816 0.0000000000
45390  28.439  -41.248  27.601 0.0000000000
44348  28.370  -42.606  28.352 0.0000000000
44349  27.504  -42.270  28.195 0.0000000000
42339  28.717  -44.595  30.742 0.0000000000
40606  25.188  -46.048  30.928 0.0000000000
39706  24.174  -47.524  33.161 0.0000000000
40580  26.458  -46.857  32.397 0.0000000000
65647  40.572  -20.937  14.856 0.0000000000
64718  40.351  -21.433  15.171 0.0000000000
62726  41.053  -23.598  16.547 0.0000000000
56803  30.784  -29.482  20.754 0.0000000000
55880  31.776  -30.276  19.547 0.0000000000
54813  29.051  -31.332  25.092 0.0000000000
54837  29.071  -31.816  24.826 0.0000000000
53000  30.835  -33.818  24.394 0.0000000000
53906  30.187  -32.408  23.521 0.0000000000
54859  29.892  -31.825  22.976 0.0000000000
54883  29.600  -31.201  22.429 0.0000000000
54907  29.875  -31.300  21.853 0.0000000000
54877  35.748  -32.169  22.430 0.0000000000
45388  30.150  -40.903  27.568 0.0000000000
46455  31.104  -40.080  27.887 0.0000000000
46446  31.443  -40.317  28.330 0.0000000000
47477  31.799  -39.307  27.930 0.0000000000
47446  32.915  -39.081  29.362 0.0000000000
48386  32.848  -38.878  28.946 0.0000000000
71251  46.468  -14.419  11.180 0.0000000000
71261  48.105  -14.483  9.293 0.0000000000
71264  48.778  -15.104  7.975 0.0000000000
30229  9.001  -58.241  47.897 0.0000000000
31220  8.737  -56.727  48.565 0.0000000000
32149  10.111  -56.204  44.871 0.0000000000
32990  9.940  -54.945  46.848 0.0000000000
44300  20.642  -42.893  33.294 0.0000000000
46436  27.106  -40.948  28.395 0.0000000000
50283  27.659  -35.721  26.994 0.0000000000
50295  27.771  -35.433  26.510 0.0000000000
51212  27.917  -35.352  26.079 0.0000000000
51228  27.895  -35.082  25.910 0.0000000000
52094  27.921  -34.660  25.915 0.0000000000
52981  28.107  -33.796  26.362 0.0000000000
56800  37.972  -30.139  19.741 0.0000000000
64734  40.307  -20.905  14.823 0.0000000000
66526  36.709  -20.143  16.197 0.0000000000
67457  38.819  -18.089  18.689 0.0000000000
68434  37.294  -17.904  16.612 0.0000000000
68452  37.652  -17.529  16.272 0.0000000000
68473  38.268  -17.670  15.171 0.0000000000
69435  40.267  -16.213  15.509 0.0000000000
70378  43.596  -14.977  14.337 0.0000000000
72226  48.660  -14.394  8.399 0.0000000000
