#!ascii label  , from subject msSRGRS20160210 vox2ras=TkReg
842
84456  38.926  0.122  15.069 0.0000000000
85337  46.722  1.927  8.268 0.0000000000
89894  42.125  7.434  -4.539 0.0000000000
83780  48.124  -0.592  -3.055 0.0000000000
81376  40.358  -3.595  9.495 0.0000000000
90563  45.128  8.083  0.151 0.0000000000
84568  48.386  0.865  2.326 0.0000000000
87797  36.399  3.934  -4.930 0.0000000000
85395  40.728  2.002  3.999 0.0000000000
86136  44.095  3.046  12.146 0.0000000000
81371  44.085  -3.010  8.758 0.0000000000
89903  40.393  8.026  -4.868 0.0000000000
87050  40.028  3.839  -7.172 0.0000000000
86999  41.081  3.538  0.068 0.0000000000
86269  43.088  2.776  -4.356 0.0000000000
88513  37.876  5.770  -2.689 0.0000000000
86148  40.613  3.076  10.714 0.0000000000
85271  41.225  1.938  14.687 0.0000000000
82172  42.739  -2.777  9.558 0.0000000000
90612  44.134  8.999  -4.974 0.0000000000
91356  41.951  9.522  -4.848 0.0000000000
90631  42.084  8.661  -6.847 0.0000000000
89237  39.077  6.616  -7.480 0.0000000000
88532  41.045  5.423  -6.435 0.0000000000
84525  43.112  0.640  7.110 0.0000000000
86209  42.255  3.164  1.897 0.0000000000
83724  43.509  -0.470  3.350 0.0000000000
85441  48.586  0.636  -0.963 0.0000000000
85445  45.578  1.919  -2.111 0.0000000000
86250  46.735  2.597  -4.184 0.0000000000
85497  44.355  1.701  -5.424 0.0000000000
84650  46.070  0.429  -4.197 0.0000000000
82263  44.480  -2.063  -2.070 0.0000000000
82890  36.639  -1.456  12.649 0.0000000000
83667  39.649  -0.177  11.691 0.0000000000
90584  43.422  8.207  -2.774 0.0000000000
83694  48.315  -0.086  7.660 0.0000000000
85377  47.894  1.182  5.276 0.0000000000
83705  50.240  -0.059  5.434 0.0000000000
83757  49.612  -0.546  1.015 0.0000000000
88443  42.119  5.659  3.830 0.0000000000
86192  39.355  2.270  6.125 0.0000000000
86175  41.791  2.490  8.422 0.0000000000
86949  45.679  3.166  10.394 0.0000000000
83675  41.616  -0.162  10.313 0.0000000000
83672  44.606  -0.251  9.925 0.0000000000
83681  47.048  0.028  9.378 0.0000000000
82925  45.648  -1.445  6.413 0.0000000000
82149  35.442  -2.592  13.804 0.0000000000
91333  40.807  9.814  -2.979 0.0000000000
89888  39.237  7.559  -2.389 0.0000000000
89214  38.712  6.250  -4.887 0.0000000000
87052  37.983  4.143  -6.894 0.0000000000
86271  39.696  2.317  -4.997 0.0000000000
88459  43.896  5.262  2.781 0.0000000000
89165  42.561  6.393  0.464 0.0000000000
89191  41.087  6.215  -2.632 0.0000000000
84601  44.574  -0.054  0.712 0.0000000000
87016  41.921  2.730  -2.681 0.0000000000
87795  41.310  4.699  -4.911 0.0000000000
87048  41.381  3.148  -6.005 0.0000000000
85500  41.644  1.798  -5.834 0.0000000000
88504  37.593  6.015  -1.383 0.0000000000
89193  38.148  6.537  -1.565 0.0000000000
86123  39.791  2.529  13.921 0.0000000000
84444  40.011  1.394  15.506 0.0000000000
89901  42.906  7.872  -5.116 0.0000000000
90622  42.890  8.937  -6.290 0.0000000000
89910  42.941  7.981  -6.156 0.0000000000
89225  41.649  7.084  -7.145 0.0000000000
89218  41.705  6.929  -6.197 0.0000000000
85354  44.841  1.386  7.667 0.0000000000
83710  43.048  -0.392  4.939 0.0000000000
84532  45.501  0.760  6.420 0.0000000000
84640  48.700  0.078  -2.371 0.0000000000
85463  48.174  1.584  -2.827 0.0000000000
85481  48.097  1.263  -3.239 0.0000000000
84657  46.882  1.496  -4.539 0.0000000000
83791  47.634  -0.095  -3.442 0.0000000000
83781  46.554  -0.764  -3.167 0.0000000000
82990  47.524  -1.223  -2.992 0.0000000000
82903  37.221  -1.491  11.006 0.0000000000
90592  44.807  8.932  -2.603 0.0000000000
90572  44.163  8.273  -1.214 0.0000000000
82929  47.893  -0.887  5.920 0.0000000000
83698  49.442  -0.039  6.662 0.0000000000
82936  48.712  -0.993  4.793 0.0000000000
82220  48.842  -1.858  1.243 0.0000000000
81425  48.904  -2.912  -0.280 0.0000000000
82976  49.277  -1.446  -0.764 0.0000000000
86944  42.265  3.926  11.285 0.0000000000
86161  41.608  3.113  9.459 0.0000000000
86952  43.525  3.739  10.336 0.0000000000
86159  43.818  3.292  9.600 0.0000000000
86941  45.064  3.366  10.936 0.0000000000
82901  39.410  -0.962  10.395 0.0000000000
84503  40.518  0.157  11.226 0.0000000000
83686  41.145  -0.869  9.886 0.0000000000
82171  43.536  -2.687  9.433 0.0000000000
82908  43.266  -1.909  9.629 0.0000000000
82906  45.058  -1.552  9.368 0.0000000000
84513  46.077  0.352  10.146 0.0000000000
82916  45.662  -1.291  8.733 0.0000000000
82919  46.481  -0.692  8.102 0.0000000000
82917  45.010  -1.740  7.972 0.0000000000
81396  44.163  -3.900  4.688 0.0000000000
90614  41.533  9.125  -4.930 0.0000000000
91347  41.017  9.401  -3.489 0.0000000000
89886  40.488  8.518  -3.458 0.0000000000
90596  40.111  9.009  -2.625 0.0000000000
89896  40.013  7.594  -3.885 0.0000000000
89208  38.832  6.523  -3.878 0.0000000000
89913  39.594  7.368  -5.749 0.0000000000
87817  39.796  5.052  -8.002 0.0000000000
88547  38.704  5.662  -7.614 0.0000000000
87051  38.804  3.839  -7.292 0.0000000000
86285  38.761  2.830  -5.937 0.0000000000
86284  39.914  2.662  -5.962 0.0000000000
86980  40.944  3.455  3.637 0.0000000000
88450  43.711  5.450  3.312 0.0000000000
86978  42.408  3.600  2.991 0.0000000000
86992  41.678  3.466  1.088 0.0000000000
87736  42.241  4.093  1.438 0.0000000000
87757  41.012  4.716  -0.024 0.0000000000
89178  41.480  6.773  -0.977 0.0000000000
87758  40.569  4.833  -0.947 0.0000000000
85385  48.141  1.139  4.020 0.0000000000
84571  45.869  -0.059  3.151 0.0000000000
84583  46.914  0.401  1.472 0.0000000000
86235  44.447  2.366  -3.227 0.0000000000
85466  43.992  1.793  -2.598 0.0000000000
86254  42.881  2.646  -3.581 0.0000000000
87786  41.424  4.031  -3.689 0.0000000000
87033  41.911  3.533  -4.299 0.0000000000
87801  41.407  4.048  -5.356 0.0000000000
87040  41.813  3.320  -5.276 0.0000000000
84671  43.758  1.027  -5.545 0.0000000000
85499  42.441  1.798  -5.843 0.0000000000
84662  42.531  0.214  -5.259 0.0000000000
84652  41.428  0.198  -4.421 0.0000000000
89856  45.416  7.725  1.441 0.0000000000
88514  36.975  5.151  -2.969 0.0000000000
88520  37.459  5.364  -3.888 0.0000000000
86178  38.876  1.939  9.374 0.0000000000
86150  39.197  2.319  11.696 0.0000000000
86928  41.342  3.355  13.271 0.0000000000
85289  42.647  2.292  13.250 0.0000000000
82173  41.884  -2.729  9.539 0.0000000000
91364  43.094  9.551  -5.584 0.0000000000
91365  42.388  9.377  -5.530 0.0000000000
90624  40.789  8.414  -5.866 0.0000000000
89921  39.892  7.789  -6.527 0.0000000000
89929  40.820  7.817  -7.543 0.0000000000
89226  41.110  6.489  -7.675 0.0000000000
87808  40.793  4.603  -7.119 0.0000000000
84557  40.813  0.803  4.811 0.0000000000
86203  41.578  2.378  3.094 0.0000000000
84565  41.586  0.761  3.271 0.0000000000
84564  42.112  0.253  2.774 0.0000000000
84604  42.018  0.755  0.936 0.0000000000
85411  48.441  0.646  0.405 0.0000000000
84599  47.243  0.813  0.287 0.0000000000
85425  47.813  1.399  -1.032 0.0000000000
86219  46.636  2.438  -2.750 0.0000000000
86251  45.851  2.680  -4.111 0.0000000000
86280  44.146  2.234  -5.187 0.0000000000
86266  46.009  2.341  -4.860 0.0000000000
84669  45.181  1.302  -5.161 0.0000000000
83805  44.323  0.028  -4.477 0.0000000000
82262  45.823  -2.506  -2.104 0.0000000000
83657  38.153  -0.717  13.996 0.0000000000
83646  39.400  -0.098  14.177 0.0000000000
83669  38.306  -0.553  12.291 0.0000000000
82902  38.331  -1.199  10.656 0.0000000000
81377  39.210  -3.511  9.508 0.0000000000
90602  44.725  9.117  -3.520 0.0000000000
90594  43.479  8.219  -3.606 0.0000000000
89893  42.805  7.835  -4.047 0.0000000000
85334  48.548  1.364  8.961 0.0000000000
85368  46.913  1.190  6.277 0.0000000000
85349  49.481  1.005  7.589 0.0000000000
85375  50.072  1.208  6.088 0.0000000000
85390  50.480  1.161  4.301 0.0000000000
82943  48.813  -1.254  3.540 0.0000000000
83721  50.237  -0.309  3.673 0.0000000000
85402  49.936  0.739  2.605 0.0000000000
84597  49.374  0.102  0.748 0.0000000000
83771  49.083  -0.586  -1.181 0.0000000000
82988  48.874  -1.470  -2.346 0.0000000000
82260  48.019  -2.668  -2.931 0.0000000000
87717  40.216  4.076  3.897 0.0000000000
85388  39.727  2.074  4.954 0.0000000000
86185  39.728  2.127  7.408 0.0000000000
85359  40.411  1.834  7.137 0.0000000000
85371  40.624  1.361  6.651 0.0000000000
85341  42.535  2.038  8.204 0.0000000000
85339  44.506  1.968  8.423 0.0000000000
86171  46.302  2.413  8.992 0.0000000000
84476  40.697  0.609  13.351 0.0000000000
84486  41.554  1.096  12.424 0.0000000000
85313  42.683  1.532  11.636 0.0000000000
83684  42.534  -1.144  9.700 0.0000000000
84500  43.224  0.603  10.417 0.0000000000
85311  44.568  2.204  10.966 0.0000000000
85310  45.730  2.058  10.576 0.0000000000
84496  47.243  1.392  10.065 0.0000000000
85324  47.862  1.666  9.501 0.0000000000
83689  48.095  0.240  8.439 0.0000000000
82924  46.864  -0.811  6.911 0.0000000000
82930  46.461  -1.378  5.636 0.0000000000
82189  43.671  -2.813  6.375 0.0000000000
82192  45.066  -2.383  5.057 0.0000000000
82885  37.456  -1.153  14.321 0.0000000000
82148  36.087  -2.002  13.363 0.0000000000
81355  33.515  -3.494  13.145 0.0000000000
92092  40.956  10.497  -3.195 0.0000000000
91334  39.651  9.807  -2.412 0.0000000000
89201  38.835  6.892  -2.599 0.0000000000
88519  38.239  5.929  -3.911 0.0000000000
88526  38.043  5.604  -4.926 0.0000000000
89227  38.888  6.766  -6.655 0.0000000000
88538  38.109  5.277  -6.846 0.0000000000
87803  37.309  4.154  -6.063 0.0000000000
89163  44.456  6.701  1.412 0.0000000000
86985  42.553  3.568  2.162 0.0000000000
88481  43.437  5.767  1.536 0.0000000000
89858  43.979  7.293  0.319 0.0000000000
89866  42.600  7.578  -1.062 0.0000000000
89877  41.963  7.545  -2.504 0.0000000000
89198  41.400  6.940  -3.004 0.0000000000
84553  45.658  0.256  4.847 0.0000000000
83747  44.025  -0.402  1.706 0.0000000000
85429  42.042  0.991  -0.079 0.0000000000
84617  45.165  0.754  -0.651 0.0000000000
84633  43.342  0.780  -1.123 0.0000000000
86222  41.604  2.396  -1.578 0.0000000000
87018  40.931  4.072  -2.373 0.0000000000
88511  41.032  5.433  -3.239 0.0000000000
89206  41.266  6.164  -4.633 0.0000000000
88525  41.151  5.393  -5.311 0.0000000000
87802  41.038  4.479  -5.936 0.0000000000
87049  40.884  3.658  -6.463 0.0000000000
86281  42.895  2.512  -5.226 0.0000000000
86282  41.712  2.577  -5.829 0.0000000000
86283  40.909  2.346  -5.889 0.0000000000
85491  40.755  1.781  -5.153 0.0000000000
82264  43.393  -2.082  -2.246 0.0000000000
89181  37.676  6.639  -0.591 0.0000000000
89180  38.174  6.972  -0.936 0.0000000000
85266  38.852  1.293  15.488 0.0000000000
85265  39.638  1.546  15.416 0.0000000000
84455  39.645  0.368  14.930 0.0000000000
89902  42.236  7.472  -5.630 0.0000000000
89211  41.616  6.870  -5.100 0.0000000000
84523  45.034  0.907  7.017 0.0000000000
85353  46.004  1.416  7.238 0.0000000000
83779  48.541  -0.414  -2.663 0.0000000000
84641  48.424  0.681  -2.781 0.0000000000
83790  48.234  0.126  -3.157 0.0000000000
84648  47.953  0.826  -3.463 0.0000000000
90570  45.583  8.813  -0.093 0.0000000000
90581  45.455  9.023  -0.851 0.0000000000
90582  44.958  8.787  -1.595 0.0000000000
90571  44.810  8.316  -0.604 0.0000000000
82937  47.144  -1.586  4.600 0.0000000000
81435  48.837  -3.529  -0.521 0.0000000000
80560  48.982  -3.786  -0.832 0.0000000000
81434  49.196  -3.185  -0.918 0.0000000000
87804  36.862  3.845  -5.544 0.0000000000
86925  43.287  3.735  12.753 0.0000000000
86943  43.268  3.978  11.203 0.0000000000
86932  43.908  3.647  11.948 0.0000000000
86942  44.217  3.805  11.092 0.0000000000
86135  44.640  3.118  11.542 0.0000000000
82175  39.696  -2.490  9.560 0.0000000000
82911  40.239  -1.366  9.813 0.0000000000
82174  40.851  -2.612  9.500 0.0000000000
82170  44.407  -2.390  9.208 0.0000000000
82180  45.001  -2.013  9.128 0.0000000000
82181  44.671  -2.293  8.577 0.0000000000
90615  41.010  8.619  -4.927 0.0000000000
90606  41.105  8.959  -3.977 0.0000000000
89895  40.524  8.225  -3.951 0.0000000000
89904  39.869  7.413  -4.827 0.0000000000
87057  39.575  4.383  -7.632 0.0000000000
87058  39.107  4.638  -7.737 0.0000000000
86294  39.406  3.187  -6.677 0.0000000000
86293  40.385  3.109  -6.426 0.0000000000
86200  40.468  2.504  4.050 0.0000000000
87722  42.827  4.218  3.121 0.0000000000
86979  41.861  3.340  3.119 0.0000000000
86213  41.419  2.529  0.465 0.0000000000
88492  41.111  5.708  -0.413 0.0000000000
87000  40.658  4.017  -0.682 0.0000000000
84560  48.149  0.902  2.934 0.0000000000
84561  47.542  0.774  3.334 0.0000000000
84569  47.638  0.681  2.336 0.0000000000
86253  43.800  2.565  -3.848 0.0000000000
87032  42.389  3.104  -3.951 0.0000000000
87039  42.452  3.092  -4.675 0.0000000000
84661  43.207  0.320  -5.278 0.0000000000
83807  42.682  -0.231  -4.858 0.0000000000
83808  42.228  -0.066  -4.917 0.0000000000
88521  36.673  4.831  -3.808 0.0000000000
86164  39.074  2.104  10.594 0.0000000000
85272  40.627  1.890  15.105 0.0000000000
86122  40.740  2.834  13.799 0.0000000000
86121  41.555  2.593  14.069 0.0000000000
86920  41.944  3.261  13.623 0.0000000000
85281  41.844  1.946  14.054 0.0000000000
91353  44.367  9.673  -4.579 0.0000000000
91354  43.665  9.876  -4.921 0.0000000000
90621  43.635  9.204  -5.674 0.0000000000
90623  41.719  8.922  -5.903 0.0000000000
90632  41.161  8.431  -6.875 0.0000000000
89920  41.751  7.929  -7.235 0.0000000000
89219  41.310  6.286  -6.832 0.0000000000
88537  41.006  5.585  -7.446 0.0000000000
87816  40.550  5.078  -7.824 0.0000000000
84547  41.329  0.344  5.343 0.0000000000
84556  41.347  0.566  4.276 0.0000000000
84535  42.341  0.044  6.119 0.0000000000
83717  43.742  -0.453  4.319 0.0000000000
83718  42.826  -0.393  4.029 0.0000000000
83725  42.698  -0.253  3.077 0.0000000000
84572  42.221  0.404  2.013 0.0000000000
83735  42.636  -0.044  2.260 0.0000000000
85424  48.313  0.907  -0.585 0.0000000000
85412  47.925  0.926  -0.036 0.0000000000
85464  47.624  2.227  -3.319 0.0000000000
86218  47.173  2.482  -3.130 0.0000000000
86233  46.591  2.639  -3.526 0.0000000000
86267  45.013  2.478  -4.693 0.0000000000
84658  46.332  1.198  -4.651 0.0000000000
85489  45.753  1.617  -5.059 0.0000000000
84659  45.210  0.709  -4.765 0.0000000000
84651  45.428  0.254  -4.207 0.0000000000
83793  45.456  -0.243  -3.644 0.0000000000
82991  46.470  -1.317  -2.775 0.0000000000
82889  37.410  -0.993  13.346 0.0000000000
83664  38.166  -0.595  13.064 0.0000000000
82894  37.543  -0.880  12.002 0.0000000000
82164  37.626  -2.031  10.278 0.0000000000
82163  38.133  -1.808  10.214 0.0000000000
82176  38.484  -2.259  9.873 0.0000000000
90583  43.985  8.359  -2.106 0.0000000000
90593  44.127  8.547  -3.127 0.0000000000
89884  42.723  7.897  -3.047 0.0000000000
84518  48.770  0.823  8.568 0.0000000000
85350  49.040  1.306  7.986 0.0000000000
84522  49.243  0.769  7.741 0.0000000000
83697  50.027  0.096  6.129 0.0000000000
84529  49.894  0.633  6.664 0.0000000000
84540  50.361  0.585  5.783 0.0000000000
85383  49.947  1.447  4.980 0.0000000000
84539  50.620  0.755  5.284 0.0000000000
82954  48.147  -1.708  2.921 0.0000000000
82211  48.104  -1.964  2.358 0.0000000000
82963  49.302  -1.310  1.260 0.0000000000
82952  49.454  -1.035  2.214 0.0000000000
83745  49.798  -0.553  1.904 0.0000000000
83730  50.476  0.097  3.265 0.0000000000
83756  49.897  -0.145  1.712 0.0000000000
84580  49.446  0.439  1.397 0.0000000000
84596  49.770  -0.036  1.335 0.0000000000
82247  49.319  -2.355  -1.308 0.0000000000
82981  49.217  -1.457  -1.673 0.0000000000
83778  48.916  -0.543  -2.048 0.0000000000
82259  48.761  -2.579  -2.685 0.0000000000
86970  38.938  3.023  5.223 0.0000000000
86975  39.306  3.423  4.609 0.0000000000
86974  40.124  3.172  4.113 0.0000000000
86197  39.305  2.507  5.193 0.0000000000
86163  39.784  2.512  10.017 0.0000000000
86177  39.706  2.259  8.808 0.0000000000
86162  40.632  2.863  9.652 0.0000000000
86176  40.703  2.465  8.605 0.0000000000
86184  40.795  2.091  7.810 0.0000000000
85358  40.982  1.673  7.373 0.0000000000
85370  41.180  1.254  7.070 0.0000000000
85357  41.746  1.589  7.613 0.0000000000
86158  44.884  3.228  9.692 0.0000000000
86173  44.157  2.672  9.007 0.0000000000
86172  45.252  2.583  9.076 0.0000000000
86157  45.953  2.961  9.841 0.0000000000
83662  39.418  -0.136  12.531 0.0000000000
84466  40.040  0.176  13.963 0.0000000000
84488  39.844  0.058  12.327 0.0000000000
84502  41.110  0.425  11.204 0.0000000000
84485  42.292  1.469  12.004 0.0000000000
84501  42.267  0.880  11.039 0.0000000000
81374  42.237  -3.512  9.610 0.0000000000
82897  44.048  -0.786  9.824 0.0000000000
82898  43.518  -1.044  9.749 0.0000000000
83673  43.724  -0.181  9.997 0.0000000000
84499  44.139  0.847  10.398 0.0000000000
84498  45.326  0.911  10.311 0.0000000000
83682  46.021  -0.497  9.620 0.0000000000
84512  46.860  0.507  9.962 0.0000000000
84511  47.818  0.840  9.528 0.0000000000
83680  47.719  0.300  9.049 0.0000000000
82920  45.693  -1.195  7.555 0.0000000000
81388  43.218  -3.545  6.104 0.0000000000
81391  44.339  -3.325  4.825 0.0000000000
82200  44.679  -2.994  4.679 0.0000000000
82154  35.482  -2.164  12.921 0.0000000000
82155  34.822  -2.576  12.955 0.0000000000
91332  41.243  10.306  -3.313 0.0000000000
92093  40.363  10.888  -3.125 0.0000000000
92094  39.468  10.828  -2.686 0.0000000000
89878  39.459  8.146  -2.247 0.0000000000
89879  39.087  7.808  -1.824 0.0000000000
89192  38.400  7.008  -1.380 0.0000000000
89930  39.870  7.564  -7.262 0.0000000000
89922  39.362  7.330  -6.563 0.0000000000
89931  39.219  7.179  -7.078 0.0000000000
87810  38.433  4.766  -7.421 0.0000000000
87811  37.899  4.619  -6.769 0.0000000000
88539  37.694  4.721  -6.463 0.0000000000
87043  37.901  3.411  -6.418 0.0000000000
89128  43.884  6.250  3.772 0.0000000000
88458  44.305  5.764  3.068 0.0000000000
88469  44.295  5.806  2.620 0.0000000000
89848  44.979  7.112  1.594 0.0000000000
89155  44.639  6.429  2.147 0.0000000000
86207  41.865  2.496  2.433 0.0000000000
86982  42.333  3.414  2.667 0.0000000000
86206  42.212  3.026  2.151 0.0000000000
88482  42.626  5.568  1.148 0.0000000000
89164  43.656  6.531  0.946 0.0000000000
89176  43.269  7.008  0.227 0.0000000000
89865  43.671  7.659  -0.485 0.0000000000
89177  42.533  7.010  -0.267 0.0000000000
89190  41.384  6.934  -2.051 0.0000000000
89867  41.968  7.463  -1.663 0.0000000000
85367  48.213  1.522  6.612 0.0000000000
85378  47.073  0.974  5.512 0.0000000000
84584  45.615  -0.164  1.852 0.0000000000
83732  45.011  -0.379  2.861 0.0000000000
84585  44.737  -0.314  1.581 0.0000000000
83759  43.236  -0.037  1.001 0.0000000000
84602  43.362  0.148  0.473 0.0000000000
84616  46.434  1.024  -0.461 0.0000000000
85428  45.229  1.354  -1.438 0.0000000000
86237  42.464  2.342  -2.721 0.0000000000
85447  43.559  1.200  -1.875 0.0000000000
85468  42.424  1.839  -2.208 0.0000000000
85448  42.272  1.353  -1.419 0.0000000000
87017  41.380  3.206  -2.393 0.0000000000
87787  41.207  4.700  -3.924 0.0000000000
88518  41.164  5.423  -4.243 0.0000000000
89199  41.175  6.188  -3.589 0.0000000000
87041  41.266  3.692  -5.841 0.0000000000
85498  43.417  1.737  -5.632 0.0000000000
84673  42.023  1.182  -5.752 0.0000000000
86292  41.143  2.930  -6.187 0.0000000000
85501  41.211  1.770  -5.640 0.0000000000
84664  41.185  0.898  -4.744 0.0000000000
82993  43.862  -1.400  -2.792 0.0000000000
88494  37.430  6.151  -0.791 0.0000000000
89202  38.124  6.279  -2.034 0.0000000000
86132  39.205  2.458  13.297 0.0000000000
86115  39.134  2.188  14.529 0.0000000000
85273  39.902  2.012  15.176 0.0000000000
84453  40.953  1.599  15.066 0.0000000000
90604  43.552  8.293  -4.594 0.0000000000
90613  43.485  8.478  -5.580 0.0000000000
89919  42.510  8.222  -6.789 0.0000000000
89911  42.203  7.596  -6.603 0.0000000000
84524  44.176  0.745  7.108 0.0000000000
83702  42.641  -0.250  5.402 0.0000000000
84534  43.664  0.098  6.300 0.0000000000
84545  44.383  0.027  5.910 0.0000000000
83708  44.657  -0.063  5.424 0.0000000000
84629  48.725  0.386  -1.788 0.0000000000
85442  48.326  1.248  -1.713 0.0000000000
84630  48.455  1.047  -2.330 0.0000000000
85482  47.713  1.698  -3.764 0.0000000000
86265  46.981  2.261  -4.517 0.0000000000
85487  47.201  1.781  -4.401 0.0000000000
84649  47.148  0.909  -4.098 0.0000000000
83792  46.673  -0.242  -3.571 0.0000000000
83003  47.240  -0.570  -3.290 0.0000000000
83004  46.929  -0.816  -3.173 0.0000000000
82261  47.044  -2.425  -2.659 0.0000000000
82158  36.192  -1.761  11.843 0.0000000000
82895  36.779  -1.505  11.544 0.0000000000
82904  36.790  -1.648  11.081 0.0000000000
82923  47.765  -0.675  6.734 0.0000000000
83693  49.024  0.220  7.380 0.0000000000
83707  48.863  -0.562  6.197 0.0000000000
82928  48.776  -0.759  5.677 0.0000000000
83714  49.773  -0.503  4.967 0.0000000000
82221  48.244  -2.345  1.510 0.0000000000
82232  48.408  -2.719  0.688 0.0000000000
82231  48.841  -2.256  0.520 0.0000000000
82971  49.325  -1.410  0.239 0.0000000000
82239  49.156  -2.266  -0.439 0.0000000000
86198  38.894  2.759  5.689 0.0000000000
86945  41.369  3.618  11.457 0.0000000000
86954  41.471  3.460  10.456 0.0000000000
86953  42.466  3.694  10.342 0.0000000000
86160  42.702  3.243  9.476 0.0000000000
86174  43.059  2.671  8.833 0.0000000000
86951  44.526  3.584  10.367 0.0000000000
86940  45.509  3.242  10.602 0.0000000000
83666  40.149  -0.041  11.244 0.0000000000
82900  39.976  -0.746  10.347 0.0000000000
83676  40.541  -0.320  10.534 0.0000000000
82907  44.233  -1.493  9.657 0.0000000000
83683  45.107  -0.824  9.729 0.0000000000
83671  45.466  -0.106  9.974 0.0000000000
83691  46.463  -0.563  9.069 0.0000000000
82921  44.872  -1.694  7.055 0.0000000000
81392  43.784  -3.599  5.257 0.0000000000
80514  44.215  -4.441  4.341 0.0000000000
91346  41.670  9.931  -3.886 0.0000000000
90605  41.575  9.371  -4.399 0.0000000000
90595  40.576  8.921  -3.175 0.0000000000
89887  39.786  8.028  -2.827 0.0000000000
89200  39.519  7.375  -3.263 0.0000000000
89207  39.438  7.052  -3.855 0.0000000000
89213  39.351  6.797  -4.845 0.0000000000
88546  39.557  5.895  -7.916 0.0000000000
87818  39.082  5.205  -7.851 0.0000000000
87042  38.673  3.272  -6.656 0.0000000000
88452  41.612  4.919  3.665 0.0000000000
88451  42.592  5.016  3.493 0.0000000000
87723  41.843  4.222  3.411 0.0000000000
87721  43.379  4.774  3.144 0.0000000000
87726  43.480  4.686  2.935 0.0000000000
86210  41.838  2.646  1.577 0.0000000000
86986  42.270  3.523  1.697 0.0000000000
87748  41.748  4.540  0.895 0.0000000000
88483  41.716  5.596  0.431 0.0000000000
89166  41.793  6.373  -0.059 0.0000000000
88493  40.803  5.685  -1.363 0.0000000000
89179  41.039  6.248  -1.830 0.0000000000
84551  47.292  0.809  4.319 0.0000000000
84570  46.714  0.321  2.637 0.0000000000
85465  44.861  2.082  -2.583 0.0000000000
85446  44.614  1.467  -1.893 0.0000000000
86236  43.432  2.224  -3.131 0.0000000000
87024  42.115  2.909  -3.161 0.0000000000
87776  41.324  3.894  -2.942 0.0000000000
87025  41.752  3.457  -3.419 0.0000000000
87794  41.545  4.073  -4.602 0.0000000000
84672  42.756  0.892  -5.708 0.0000000000
85490  41.466  1.285  -5.427 0.0000000000
84663  41.889  0.429  -5.163 0.0000000000
83797  41.894  -0.509  -4.232 0.0000000000
90562  45.628  8.453  0.848 0.0000000000
88505  36.675  5.221  -1.773 0.0000000000
88528  36.525  4.468  -4.397 0.0000000000
88527  37.170  4.850  -4.959 0.0000000000
86149  39.883  2.630  11.126 0.0000000000
86140  39.340  2.518  12.536 0.0000000000
86139  39.908  2.784  12.138 0.0000000000
86138  40.589  3.205  11.747 0.0000000000
86935  41.306  3.617  12.427 0.0000000000
86918  43.017  3.774  13.186 0.0000000000
86128  43.652  3.250  12.737 0.0000000000
81375  41.428  -3.632  9.589 0.0000000000
81373  42.874  -3.680  9.498 0.0000000000
81372  43.546  -3.614  9.088 0.0000000000
81381  43.950  -2.911  8.146 0.0000000000
92120  43.182  10.219  -4.529 0.0000000000
91355  42.658  9.934  -4.783 0.0000000000
91366  41.892  9.283  -5.368 0.0000000000
89912  40.157  7.884  -5.764 0.0000000000
90633  40.424  8.167  -6.582 0.0000000000
90641  40.476  8.092  -7.143 0.0000000000
89236  40.312  6.860  -7.871 0.0000000000
89235  41.220  7.287  -7.690 0.0000000000
88545  40.447  5.831  -7.958 0.0000000000
87809  40.166  4.583  -7.620 0.0000000000
85386  40.877  1.096  4.375 0.0000000000
86204  41.102  2.513  3.582 0.0000000000
85394  41.129  1.541  3.766 0.0000000000
85400  41.617  1.581  2.827 0.0000000000
84546  42.156  -0.134  4.832 0.0000000000
84555  42.040  0.033  3.692 0.0000000000
85406  41.731  1.616  1.927 0.0000000000
85415  41.700  1.457  0.821 0.0000000000
84581  48.529  0.821  1.822 0.0000000000
84582  47.964  0.771  1.355 0.0000000000
84598  47.866  0.819  0.573 0.0000000000
85413  47.441  1.208  -0.476 0.0000000000
85426  46.997  1.580  -1.100 0.0000000000
85443  47.506  2.019  -2.231 0.0000000000
85444  46.501  2.036  -1.979 0.0000000000
86220  46.119  2.297  -2.487 0.0000000000
86234  45.637  2.555  -3.083 0.0000000000
86252  44.823  2.633  -3.965 0.0000000000
86268  43.987  2.532  -4.579 0.0000000000
86279  45.046  2.150  -5.185 0.0000000000
86278  45.517  2.013  -5.209 0.0000000000
84670  44.610  1.162  -5.259 0.0000000000
84660  44.074  0.515  -5.033 0.0000000000
83794  44.550  -0.315  -3.849 0.0000000000
82992  45.129  -1.095  -2.774 0.0000000000
83782  46.067  -0.702  -3.149 0.0000000000
83647  38.810  -0.227  14.584 0.0000000000
83656  38.826  -0.376  13.714 0.0000000000
83663  38.834  -0.358  12.833 0.0000000000
83668  38.816  -0.444  11.805 0.0000000000
82893  38.215  -0.673  11.664 0.0000000000
83678  39.150  -0.547  11.020 0.0000000000
82912  39.109  -1.640  9.995 0.0000000000
91343  44.788  9.953  -3.832 0.0000000000
90611  44.541  9.228  -4.267 0.0000000000
90603  44.143  8.683  -4.052 0.0000000000
85335  48.242  1.888  8.727 0.0000000000
85352  47.365  1.681  7.453 0.0000000000
85351  48.385  1.752  7.732 0.0000000000
85366  49.174  1.447  6.940 0.0000000000
84521  49.596  0.826  7.293 0.0000000000
85365  49.624  1.076  7.146 0.0000000000
85376  49.137  1.517  5.770 0.0000000000
85384  49.005  1.478  4.533 0.0000000000
85391  49.779  1.365  3.877 0.0000000000
82944  47.857  -1.660  3.692 0.0000000000
82935  49.638  -0.682  4.132 0.0000000000
82953  48.745  -1.493  2.479 0.0000000000
82942  49.530  -0.843  3.142 0.0000000000
83713  50.394  -0.134  4.595 0.0000000000
84550  50.700  0.655  4.639 0.0000000000
85397  50.266  1.021  3.356 0.0000000000
85398  49.589  1.036  2.887 0.0000000000
85403  49.390  0.694  1.923 0.0000000000
85410  49.027  0.538  0.980 0.0000000000
84614  48.934  0.064  -0.559 0.0000000000
83765  49.337  -0.616  -0.100 0.0000000000
82989  48.331  -1.472  -2.755 0.0000000000
82274  48.566  -3.154  -2.999 0.0000000000
88453  41.153  4.903  3.720 0.0000000000
87724  41.088  4.474  3.671 0.0000000000
86186  38.420  1.980  7.843 0.0000000000
86193  38.629  2.575  6.468 0.0000000000
85372  39.999  1.814  6.450 0.0000000000
85379  40.184  1.305  5.847 0.0000000000
85387  40.315  1.582  4.687 0.0000000000
84548  40.621  0.834  5.540 0.0000000000
84536  41.219  0.744  6.434 0.0000000000
84526  42.068  0.816  7.106 0.0000000000
85340  43.444  1.991  8.377 0.0000000000
85355  43.791  1.324  7.779 0.0000000000
85338  45.608  1.910  8.351 0.0000000000
86170  47.198  2.211  8.880 0.0000000000
84465  40.701  0.727  14.471 0.0000000000
84475  41.432  1.208  13.802 0.0000000000
84487  40.413  0.324  12.063 0.0000000000
85290  42.216  1.708  13.237 0.0000000000
85299  42.844  2.108  12.366 0.0000000000
85298  43.806  2.499  11.814 0.0000000000
82910  41.427  -1.739  9.593 0.0000000000
83685  41.982  -0.994  9.723 0.0000000000
82899  42.925  -1.295  9.686 0.0000000000
83674  42.728  -0.396  9.990 0.0000000000
85312  43.342  1.600  11.173 0.0000000000
85297  44.332  2.776  11.664 0.0000000000
86147  45.285  2.805  11.008 0.0000000000
86146  45.853  2.825  10.492 0.0000000000
84497  46.382  1.215  10.307 0.0000000000
85309  46.594  2.029  10.292 0.0000000000
85308  47.238  1.992  10.004 0.0000000000
86144  47.288  2.128  9.673 0.0000000000
86169  47.748  2.156  8.834 0.0000000000
84519  48.262  0.640  9.012 0.0000000000
83690  47.126  -0.280  8.706 0.0000000000
83695  47.464  -0.376  7.867 0.0000000000
83700  47.796  -0.513  7.224 0.0000000000
82938  46.023  -1.907  4.800 0.0000000000
82184  44.311  -2.317  7.648 0.0000000000
82188  44.251  -2.242  6.614 0.0000000000
82194  43.727  -3.072  5.735 0.0000000000
82193  44.490  -2.586  5.408 0.0000000000
82932  44.881  -2.150  5.577 0.0000000000
82931  45.350  -2.009  5.335 0.0000000000
83636  38.454  -0.096  15.084 0.0000000000
83648  37.999  -0.578  14.754 0.0000000000
82886  36.775  -1.608  13.823 0.0000000000
82153  35.942  -1.892  12.523 0.0000000000
82150  34.926  -2.787  13.657 0.0000000000
81354  34.009  -3.039  12.585 0.0000000000
81362  34.116  -3.569  11.581 0.0000000000
91321  38.626  9.779  -1.812 0.0000000000
91320  39.148  9.237  -2.004 0.0000000000
88512  38.486  6.225  -3.242 0.0000000000
89220  39.054  6.801  -5.800 0.0000000000
89221  38.494  6.181  -5.874 0.0000000000
89238  38.496  5.972  -7.280 0.0000000000
89228  38.428  6.104  -6.757 0.0000000000
88533  37.938  5.471  -5.945 0.0000000000
88534  37.505  4.819  -6.016 0.0000000000
87796  37.087  4.418  -5.513 0.0000000000
87044  36.996  3.458  -5.557 0.0000000000
89138  44.086  5.982  3.513 0.0000000000
89847  45.441  7.380  2.200 0.0000000000
89857  44.760  7.424  0.818 0.0000000000
86983  41.879  2.916  2.799 0.0000000000
87727  42.989  4.128  2.568 0.0000000000
87734  43.451  4.747  2.500 0.0000000000
87735  42.959  4.347  1.930 0.0000000000
88471  43.082  5.148  1.664 0.0000000000
88470  43.762  5.426  2.128 0.0000000000
89156  44.017  6.159  1.643 0.0000000000
89864  44.518  7.707  0.005 0.0000000000
89875  43.432  8.024  -1.350 0.0000000000
89876  42.826  7.953  -2.037 0.0000000000
89885  42.003  7.490  -3.488 0.0000000000
89205  41.454  6.918  -4.021 0.0000000000
85369  46.121  1.077  6.499 0.0000000000
84543  45.632  0.483  5.660 0.0000000000
83716  44.785  -0.216  4.631 0.0000000000
84563  45.867  0.143  4.058 0.0000000000
83722  45.225  -0.202  3.776 0.0000000000
83734  43.329  -0.374  2.425 0.0000000000
83748  43.066  -0.130  1.548 0.0000000000
84603  42.493  0.528  0.528 0.0000000000
85430  41.564  1.723  -0.324 0.0000000000
84600  46.036  0.333  0.480 0.0000000000
84618  43.918  0.424  -0.408 0.0000000000
84631  44.802  1.129  -1.289 0.0000000000
84632  44.228  0.932  -1.215 0.0000000000
84619  42.864  0.613  -0.376 0.0000000000
85449  41.654  1.989  -0.991 0.0000000000
86216  41.264  2.519  -0.588 0.0000000000
87008  40.672  3.973  -1.599 0.0000000000
87766  40.654  4.780  -1.929 0.0000000000
88503  40.846  5.501  -2.304 0.0000000000
87777  41.038  4.624  -2.901 0.0000000000
89212  41.254  6.199  -5.746 0.0000000000
86270  40.344  2.308  -5.520 0.0000000000
81384  43.818  -2.824  7.630 0.0000000000
82169  44.821  -2.026  9.316 0.0000000000
82909  42.421  -1.831  9.596 0.0000000000
82913  38.619  -1.690  10.128 0.0000000000
82915  46.408  -0.691  8.696 0.0000000000
82926  44.849  -1.920  6.039 0.0000000000
82939  45.577  -2.163  4.853 0.0000000000
82964  48.922  -1.578  1.733 0.0000000000
83655  39.428  -0.118  13.409 0.0000000000
83677  39.784  -0.421  10.831 0.0000000000
83688  48.741  0.442  7.985 0.0000000000
83699  48.483  -0.409  6.855 0.0000000000
83701  43.112  -0.264  5.657 0.0000000000
83704  50.601  0.360  5.079 0.0000000000
83706  49.483  -0.456  5.733 0.0000000000
83709  43.920  -0.288  5.339 0.0000000000
83712  50.689  0.283  4.617 0.0000000000
83715  45.388  -0.031  4.333 0.0000000000
83720  50.676  0.200  4.101 0.0000000000
83723  44.404  -0.431  3.603 0.0000000000
83731  50.023  -0.427  2.773 0.0000000000
83733  44.160  -0.508  2.672 0.0000000000
83744  50.173  -0.025  2.396 0.0000000000
83746  44.714  -0.419  2.123 0.0000000000
83749  42.574  0.129  1.783 0.0000000000
83758  43.646  -0.162  1.066 0.0000000000
84445  39.598  1.058  15.518 0.0000000000
84454  40.469  1.231  15.283 0.0000000000
84464  41.197  1.406  14.696 0.0000000000
84477  39.962  0.165  12.980 0.0000000000
84510  48.467  0.992  9.187 0.0000000000
84527  41.518  1.064  7.096 0.0000000000
84530  49.518  0.528  7.185 0.0000000000
84531  46.115  0.829  6.073 0.0000000000
84533  44.624  0.447  6.458 0.0000000000
84537  40.607  1.007  6.139 0.0000000000
84541  47.046  0.796  5.030 0.0000000000
84542  46.409  0.721  5.424 0.0000000000
84544  44.990  0.281  5.869 0.0000000000
84552  46.470  0.532  4.555 0.0000000000
84554  45.153  0.115  5.295 0.0000000000
84559  50.590  0.625  3.770 0.0000000000
84562  46.614  0.435  3.678 0.0000000000
84567  50.271  0.478  2.903 0.0000000000
84573  41.716  0.845  2.372 0.0000000000
84579  49.838  0.307  1.884 0.0000000000
84586  42.895  0.130  0.960 0.0000000000
84587  42.428  0.363  1.327 0.0000000000
84588  41.855  0.844  1.553 0.0000000000
84615  47.055  1.191  -0.438 0.0000000000
85264  40.165  1.620  15.405 0.0000000000
85274  39.026  1.913  14.979 0.0000000000
85280  42.344  2.158  13.608 0.0000000000
85282  38.845  2.105  14.334 0.0000000000
85300  42.269  1.549  12.557 0.0000000000
85323  48.252  1.248  9.346 0.0000000000
85336  47.675  2.014  8.360 0.0000000000
85356  42.753  1.365  7.750 0.0000000000
85374  50.504  0.947  5.615 0.0000000000
85380  39.743  1.877  5.535 0.0000000000
85382  50.533  1.105  5.183 0.0000000000
85392  48.820  1.162  3.273 0.0000000000
85393  48.184  1.038  3.391 0.0000000000
85399  48.945  0.939  2.259 0.0000000000
85404  48.664  0.736  1.360 0.0000000000
85405  48.189  0.749  0.725 0.0000000000
85414  41.993  0.881  0.534 0.0000000000
85423  48.713  0.434  0.000 0.0000000000
85427  45.992  1.473  -1.280 0.0000000000
85467  42.965  1.643  -2.479 0.0000000000
85488  46.620  1.846  -4.818 0.0000000000
85496  45.088  1.693  -5.272 0.0000000000
86112  40.937  2.347  14.557 0.0000000000
86113  40.280  2.331  14.594 0.0000000000
86114  39.540  2.252  14.593 0.0000000000
86119  43.146  3.352  13.259 0.0000000000
86120  42.479  2.750  13.625 0.0000000000
86124  39.165  2.328  14.074 0.0000000000
86129  43.209  2.715  13.111 0.0000000000
86130  40.591  3.200  12.750 0.0000000000
86131  39.876  2.831  13.077 0.0000000000
86137  43.609  2.731  12.531 0.0000000000
86145  46.686  2.426  10.003 0.0000000000
86155  47.593  2.117  9.222 0.0000000000
86156  46.855  2.355  9.474 0.0000000000
86183  41.310  1.988  7.801 0.0000000000
86201  39.832  2.515  4.566 0.0000000000
86221  42.098  2.080  -2.075 0.0000000000
86232  47.154  2.532  -3.677 0.0000000000
86238  41.850  2.526  -2.323 0.0000000000
86249  47.331  2.308  -3.993 0.0000000000
86264  47.373  2.084  -4.211 0.0000000000
86291  41.422  2.865  -6.043 0.0000000000
86919  42.599  3.553  13.350 0.0000000000
86921  41.428  3.063  13.756 0.0000000000
86926  42.704  3.985  12.871 0.0000000000
86927  41.988  3.808  13.063 0.0000000000
86931  44.460  3.482  11.394 0.0000000000
86933  42.974  4.058  12.096 0.0000000000
86934  42.096  3.950  12.219 0.0000000000
86950  45.326  3.348  10.366 0.0000000000
87007  40.941  3.202  -1.141 0.0000000000
87747  42.527  4.725  1.458 0.0000000000
88441  43.649  5.795  3.580 0.0000000000
88442  43.185  5.738  3.693 0.0000000000
88449  44.199  5.840  3.289 0.0000000000
89145  44.714  6.262  2.866 0.0000000000
90642  40.126  8.013  -6.958 0.0000000000
