#!ascii label  , from subject msSRGRS20160210 vox2ras=TkReg
847
44137  11.883  -44.026  47.238 0.0000000000
35865  10.047  -51.557  36.434 0.0000000000
37679  8.036  -49.614  48.357 0.0000000000
42146  5.014  -44.502  43.137 0.0000000000
47365  9.450  -38.437  37.608 0.0000000000
41264  9.966  -46.438  48.789 0.0000000000
43130  6.588  -44.493  46.612 0.0000000000
43122  15.270  -43.682  46.505 0.0000000000
38573  12.405  -47.362  48.164 0.0000000000
36718  9.973  -50.735  48.809 0.0000000000
49247  4.681  -37.387  41.705 0.0000000000
44221  7.067  -42.397  40.526 0.0000000000
51971  6.733  -34.887  39.011 0.0000000000
33843  6.082  -53.137  47.428 0.0000000000
36764  6.832  -50.435  44.159 0.0000000000
39476  5.525  -47.701  46.794 0.0000000000
45216  4.366  -41.583  44.588 0.0000000000
38681  7.427  -49.454  40.584 0.0000000000
41370  10.028  -46.235  37.815 0.0000000000
43338  11.496  -42.856  33.442 0.0000000000
48360  7.362  -37.117  32.517 0.0000000000
43116  11.023  -44.946  47.841 0.0000000000
43127  8.801  -44.608  46.948 0.0000000000
44128  13.638  -43.821  47.226 0.0000000000
40407  13.587  -45.705  47.514 0.0000000000
43107  12.599  -44.886  48.124 0.0000000000
40396  11.509  -46.979  49.030 0.0000000000
50176  5.270  -36.621  40.453 0.0000000000
35697  7.177  -51.496  48.153 0.0000000000
36722  7.136  -50.369  47.350 0.0000000000
38580  7.254  -48.631  47.526 0.0000000000
45172  6.368  -42.736  45.528 0.0000000000
43136  5.509  -43.985  46.297 0.0000000000
36712  9.089  -50.660  49.013 0.0000000000
34732  8.805  -52.506  48.648 0.0000000000
34734  7.855  -52.579  48.703 0.0000000000
32981  6.580  -54.703  48.584 0.0000000000
37739  5.587  -48.534  43.852 0.0000000000
36786  6.814  -50.051  42.314 0.0000000000
39560  6.272  -47.315  42.736 0.0000000000
45273  8.715  -40.814  39.262 0.0000000000
42223  9.374  -44.268  39.936 0.0000000000
43255  10.773  -43.097  38.112 0.0000000000
42297  10.918  -44.900  35.828 0.0000000000
45282  11.815  -41.287  36.100 0.0000000000
39457  8.879  -48.040  48.759 0.0000000000
40409  7.198  -46.930  47.566 0.0000000000
42100  8.157  -46.086  47.966 0.0000000000
44153  7.599  -43.640  45.888 0.0000000000
42117  17.121  -43.668  45.561 0.0000000000
40441  15.590  -45.274  44.607 0.0000000000
40417  15.136  -45.378  46.131 0.0000000000
38587  13.450  -46.886  46.395 0.0000000000
37681  11.333  -48.691  48.474 0.0000000000
38564  10.407  -48.496  49.282 0.0000000000
44199  4.685  -42.601  42.626 0.0000000000
43199  5.930  -43.475  41.958 0.0000000000
47346  5.462  -39.655  40.794 0.0000000000
48319  6.599  -38.197  39.750 0.0000000000
49295  7.468  -37.135  38.658 0.0000000000
45183  13.414  -42.477  45.740 0.0000000000
43150  19.145  -42.476  44.044 0.0000000000
46257  20.230  -40.082  44.155 0.0000000000
45160  17.167  -42.314  45.648 0.0000000000
45162  15.410  -42.341  46.197 0.0000000000
32140  5.401  -55.176  45.591 0.0000000000
33025  6.362  -54.037  44.055 0.0000000000
34751  6.595  -52.324  46.338 0.0000000000
36729  6.702  -49.310  45.552 0.0000000000
40431  4.910  -46.768  45.002 0.0000000000
40414  5.917  -46.549  47.075 0.0000000000
42122  4.962  -44.680  45.898 0.0000000000
43151  4.584  -43.620  44.204 0.0000000000
47325  4.477  -39.299  43.166 0.0000000000
34784  7.037  -52.469  42.452 0.0000000000
34812  7.614  -51.827  40.827 0.0000000000
36824  8.225  -50.396  38.978 0.0000000000
41336  7.671  -45.626  41.661 0.0000000000
39621  8.516  -47.888  39.594 0.0000000000
39658  9.258  -48.568  37.422 0.0000000000
40557  9.990  -47.420  34.534 0.0000000000
41406  9.754  -46.373  32.840 0.0000000000
52858  7.555  -34.255  38.131 0.0000000000
51110  8.210  -35.569  36.911 0.0000000000
51130  8.555  -35.736  34.070 0.0000000000
48343  9.129  -37.418  34.990 0.0000000000
46382  10.459  -38.930  33.497 0.0000000000
43124  11.304  -44.464  47.434 0.0000000000
43125  10.561  -44.564  47.270 0.0000000000
44149  11.512  -43.705  46.556 0.0000000000
44129  12.958  -43.967  47.536 0.0000000000
43113  13.095  -44.488  47.803 0.0000000000
43114  12.494  -44.499  47.873 0.0000000000
43109  11.561  -45.142  48.166 0.0000000000
34874  9.185  -52.430  35.370 0.0000000000
36839  9.966  -50.591  35.842 0.0000000000
36715  7.708  -50.526  48.272 0.0000000000
36719  7.384  -50.444  47.848 0.0000000000
37683  7.615  -49.365  47.938 0.0000000000
40439  16.906  -44.153  44.006 0.0000000000
36709  8.586  -50.103  48.788 0.0000000000
35691  8.488  -51.585  48.828 0.0000000000
36714  8.133  -50.551  48.629 0.0000000000
35693  7.557  -51.561  48.492 0.0000000000
39527  5.130  -47.284  43.640 0.0000000000
38653  5.742  -48.100  43.304 0.0000000000
40463  5.565  -46.242  43.050 0.0000000000
46345  8.683  -39.883  38.810 0.0000000000
44246  9.322  -41.643  38.967 0.0000000000
45271  10.211  -40.878  37.892 0.0000000000
44243  11.491  -42.211  37.320 0.0000000000
45284  10.691  -40.413  37.254 0.0000000000
40400  9.405  -47.458  48.993 0.0000000000
40405  8.285  -47.172  48.278 0.0000000000
42099  8.733  -46.066  48.179 0.0000000000
44141  8.232  -44.231  46.369 0.0000000000
45189  7.120  -42.003  44.997 0.0000000000
42118  16.481  -43.861  45.905 0.0000000000
40416  15.856  -44.958  45.904 0.0000000000
41279  15.485  -45.030  46.253 0.0000000000
40408  12.990  -46.266  47.961 0.0000000000
39469  13.712  -46.211  46.999 0.0000000000
38582  12.965  -47.178  47.268 0.0000000000
38574  12.019  -47.787  48.366 0.0000000000
41255  10.911  -46.745  49.125 0.0000000000
39454  10.834  -47.810  49.341 0.0000000000
40399  10.000  -47.397  49.246 0.0000000000
39456  9.573  -47.998  49.211 0.0000000000
46311  4.675  -40.579  42.061 0.0000000000
46319  5.108  -40.707  41.304 0.0000000000
47341  4.935  -39.551  41.404 0.0000000000
51964  5.837  -35.435  40.048 0.0000000000
49287  5.902  -37.437  40.041 0.0000000000
50191  6.407  -36.358  39.433 0.0000000000
49296  7.024  -37.216  39.163 0.0000000000
50202  7.014  -36.476  38.935 0.0000000000
44145  17.745  -42.617  45.398 0.0000000000
33001  5.643  -54.257  46.468 0.0000000000
33010  5.853  -53.923  45.859 0.0000000000
33852  6.068  -53.363  46.565 0.0000000000
37691  6.530  -48.912  46.655 0.0000000000
36725  6.803  -49.300  46.235 0.0000000000
37694  6.072  -48.679  45.997 0.0000000000
38608  5.087  -48.083  45.400 0.0000000000
39481  4.956  -47.462  45.724 0.0000000000
41271  6.754  -46.185  47.347 0.0000000000
40410  6.566  -46.733  47.296 0.0000000000
42115  6.438  -45.339  46.994 0.0000000000
44162  5.091  -42.810  45.795 0.0000000000
43140  4.978  -43.717  45.896 0.0000000000
44168  4.651  -42.634  45.253 0.0000000000
43144  4.744  -43.640  45.142 0.0000000000
44178  4.387  -42.577  44.424 0.0000000000
45223  4.226  -41.545  43.695 0.0000000000
46296  4.285  -40.525  43.889 0.0000000000
39488  14.833  -45.709  44.924 0.0000000000
39506  14.962  -45.637  44.233 0.0000000000
36721  10.492  -50.612  48.317 0.0000000000
34739  10.634  -52.039  47.620 0.0000000000
35700  10.122  -51.684  48.341 0.0000000000
33831  8.230  -53.572  48.629 0.0000000000
32975  8.712  -54.309  48.631 0.0000000000
33841  5.787  -54.109  48.064 0.0000000000
32991  5.504  -54.638  47.403 0.0000000000
34766  6.797  -52.361  44.335 0.0000000000
33878  6.726  -53.272  43.786 0.0000000000
34774  6.829  -52.381  43.409 0.0000000000
37756  6.906  -49.362  42.002 0.0000000000
35778  7.189  -51.394  41.408 0.0000000000
36800  7.207  -50.441  40.905 0.0000000000
35802  7.835  -51.204  39.984 0.0000000000
37778  7.558  -50.021  39.837 0.0000000000
44223  6.033  -42.642  41.209 0.0000000000
42203  6.464  -44.139  42.001 0.0000000000
42226  7.170  -43.855  41.224 0.0000000000
41360  9.899  -45.924  39.025 0.0000000000
40494  9.223  -46.536  39.581 0.0000000000
40504  9.490  -46.830  38.549 0.0000000000
39640  9.051  -48.083  38.291 0.0000000000
39639  9.422  -47.757  37.579 0.0000000000
39657  9.597  -47.892  36.846 0.0000000000
40529  9.930  -47.187  36.453 0.0000000000
43307  11.244  -43.724  34.609 0.0000000000
42310  10.504  -45.877  33.876 0.0000000000
42322  10.593  -45.121  33.119 0.0000000000
53774  8.579  -33.636  37.035 0.0000000000
52868  7.973  -34.355  37.396 0.0000000000
52867  8.461  -34.261  36.623 0.0000000000
51143  7.083  -36.021  32.120 0.0000000000
50232  7.842  -36.272  32.989 0.0000000000
50215  8.800  -36.305  34.854 0.0000000000
48352  8.206  -37.241  33.717 0.0000000000
46372  10.234  -38.511  34.457 0.0000000000
47403  8.726  -37.898  32.894 0.0000000000
42097  10.239  -45.848  48.487 0.0000000000
42106  9.774  -45.447  48.003 0.0000000000
43117  10.152  -44.981  47.613 0.0000000000
44126  14.719  -43.571  46.721 0.0000000000
42113  14.719  -44.681  46.867 0.0000000000
43112  13.889  -44.234  47.309 0.0000000000
41269  13.215  -45.608  47.917 0.0000000000
40401  12.729  -46.101  48.264 0.0000000000
39460  11.999  -47.401  48.633 0.0000000000
41261  11.822  -46.320  48.706 0.0000000000
41262  11.258  -46.229  48.798 0.0000000000
50146  4.588  -36.450  41.961 0.0000000000
50161  4.861  -36.561  41.141 0.0000000000
51940  5.522  -34.969  41.076 0.0000000000
51950  5.955  -34.816  40.508 0.0000000000
52840  6.389  -34.278  40.129 0.0000000000
34741  6.548  -52.361  47.904 0.0000000000
34744  6.470  -52.334  47.221 0.0000000000
35701  6.943  -51.424  47.660 0.0000000000
37686  7.200  -49.308  47.459 0.0000000000
38581  6.640  -48.193  47.225 0.0000000000
44155  6.342  -43.502  46.031 0.0000000000
43135  6.019  -43.913  46.340 0.0000000000
45173  5.877  -42.639  45.647 0.0000000000
45192  5.345  -41.958  45.571 0.0000000000
46269  5.039  -40.915  45.015 0.0000000000
46284  4.617  -40.701  44.600 0.0000000000
36711  9.917  -50.198  48.937 0.0000000000
35696  9.330  -51.763  48.736 0.0000000000
35690  9.102  -51.479  48.895 0.0000000000
34733  8.364  -52.522  48.699 0.0000000000
33832  7.740  -53.602  48.624 0.0000000000
32978  7.131  -54.664  48.658 0.0000000000
33833  7.190  -53.653  48.583 0.0000000000
34738  6.866  -52.521  48.325 0.0000000000
36765  6.400  -49.564  43.975 0.0000000000
36777  6.580  -50.155  43.219 0.0000000000
37748  5.863  -48.659  43.420 0.0000000000
38662  6.434  -48.276  42.601 0.0000000000
39582  6.941  -47.445  42.171 0.0000000000
45261  7.512  -41.067  39.848 0.0000000000
43212  7.991  -43.347  40.412 0.0000000000
43234  8.756  -42.921  39.506 0.0000000000
42247  10.272  -44.042  39.027 0.0000000000
41369  10.465  -45.171  38.254 0.0000000000
41377  10.506  -45.456  36.907 0.0000000000
42282  11.301  -44.119  37.155 0.0000000000
43289  11.806  -43.159  36.073 0.0000000000
45304  12.013  -41.761  34.803 0.0000000000
49336  6.262  -36.651  31.469 0.0000000000
47417  7.114  -37.542  31.678 0.0000000000
48382  6.975  -37.597  30.800 0.0000000000
38571  8.308  -48.878  48.434 0.0000000000
38572  7.912  -48.674  48.085 0.0000000000
39463  8.263  -47.974  48.254 0.0000000000
41270  7.356  -46.362  47.626 0.0000000000
42114  6.994  -45.238  47.050 0.0000000000
43119  8.538  -45.056  47.385 0.0000000000
43128  8.070  -44.650  46.870 0.0000000000
44143  6.964  -44.087  46.355 0.0000000000
44154  6.957  -43.512  45.915 0.0000000000
41281  17.620  -43.734  45.113 0.0000000000
40428  16.828  -44.308  44.652 0.0000000000
40420  16.628  -44.432  45.192 0.0000000000
40411  14.769  -45.294  46.541 0.0000000000
39479  14.078  -46.315  46.044 0.0000000000
38606  13.488  -46.994  45.645 0.0000000000
36720  10.898  -49.985  48.054 0.0000000000
37682  10.848  -49.295  48.654 0.0000000000
38562  11.382  -48.088  49.093 0.0000000000
37670  10.813  -48.844  49.076 0.0000000000
37677  10.173  -49.490  49.203 0.0000000000
36707  9.563  -49.826  49.029 0.0000000000
37674  8.866  -49.441  48.872 0.0000000000
43181  5.013  -43.526  42.573 0.0000000000
42163  5.421  -44.335  42.740 0.0000000000
44207  5.115  -42.642  41.959 0.0000000000
45245  5.321  -41.796  41.332 0.0000000000
46326  5.762  -40.897  40.715 0.0000000000
48314  5.205  -38.486  40.840 0.0000000000
47356  6.134  -39.836  40.385 0.0000000000
46335  6.696  -40.395  40.101 0.0000000000
46334  7.412  -39.938  39.597 0.0000000000
47367  7.813  -39.071  39.175 0.0000000000
48327  8.686  -37.858  37.882 0.0000000000
45165  12.819  -42.891  46.315 0.0000000000
42132  18.392  -43.209  44.490 0.0000000000
47305  21.398  -39.259  43.122 0.0000000000
47292  20.679  -39.401  43.806 0.0000000000
46276  20.442  -40.280  43.740 0.0000000000
44166  19.616  -41.529  44.168 0.0000000000
43142  19.048  -42.662  44.349 0.0000000000
42124  18.326  -43.179  44.711 0.0000000000
43134  16.880  -43.304  45.815 0.0000000000
44131  16.550  -42.948  46.030 0.0000000000
45161  16.292  -42.158  45.905 0.0000000000
45155  15.616  -42.664  46.317 0.0000000000
45156  14.841  -42.799  46.520 0.0000000000
45164  13.720  -42.789  46.437 0.0000000000
33870  6.511  -53.281  44.679 0.0000000000
35719  6.946  -51.354  44.834 0.0000000000
35704  6.892  -51.324  46.955 0.0000000000
35710  6.934  -51.136  45.966 0.0000000000
36746  6.588  -49.430  44.690 0.0000000000
37714  5.449  -48.390  44.948 0.0000000000
39509  4.954  -47.413  44.410 0.0000000000
40442  4.953  -46.534  44.039 0.0000000000
38576  7.473  -48.331  47.677 0.0000000000
39468  6.476  -47.356  47.240 0.0000000000
39471  5.771  -47.282  46.887 0.0000000000
42116  5.765  -45.059  46.772 0.0000000000
41280  5.112  -45.586  46.568 0.0000000000
40419  5.049  -46.408  46.559 0.0000000000
41287  4.918  -45.915  45.291 0.0000000000
41297  4.905  -45.706  44.469 0.0000000000
42133  4.825  -44.621  43.922 0.0000000000
44191  4.389  -42.579  43.478 0.0000000000
46304  4.327  -40.496  42.948 0.0000000000
48288  4.568  -38.305  42.337 0.0000000000
48256  4.638  -38.520  43.681 0.0000000000
48273  4.570  -38.125  43.039 0.0000000000
49235  4.518  -37.168  42.602 0.0000000000
34743  10.562  -52.895  47.384 0.0000000000
34736  9.720  -52.420  48.390 0.0000000000
35763  6.996  -51.504  42.098 0.0000000000
34797  7.274  -52.132  41.614 0.0000000000
35850  9.221  -51.008  37.731 0.0000000000
41325  6.373  -45.729  42.701 0.0000000000
40485  6.921  -46.531  42.386 0.0000000000
39581  7.729  -47.739  41.119 0.0000000000
42200  8.453  -44.889  40.833 0.0000000000
40483  8.133  -46.809  41.004 0.0000000000
39602  7.993  -48.261  40.249 0.0000000000
38688  8.003  -49.193  39.354 0.0000000000
38707  8.744  -49.471  38.161 0.0000000000
37791  9.597  -49.676  36.706 0.0000000000
37798  9.803  -49.657  35.324 0.0000000000
41385  10.469  -45.861  35.663 0.0000000000
41395  10.237  -46.620  33.920 0.0000000000
53738  7.307  -33.438  39.686 0.0000000000
53748  8.187  -33.217  38.671 0.0000000000
52859  7.098  -34.477  38.740 0.0000000000
51099  7.338  -35.672  38.303 0.0000000000
50200  7.945  -36.450  37.728 0.0000000000
49293  8.918  -37.280  37.242 0.0000000000
51121  8.722  -35.484  35.771 0.0000000000
49312  8.963  -36.735  35.406 0.0000000000
47376  10.182  -38.281  36.497 0.0000000000
47375  10.509  -38.554  35.695 0.0000000000
46360  11.234  -39.864  35.066 0.0000000000
46369  11.689  -40.267  33.630 0.0000000000
47400  10.910  -39.487  32.098 0.0000000000
44136  12.678  -43.674  47.226 0.0000000000
44130  12.378  -44.150  47.584 0.0000000000
43115  11.845  -44.597  47.783 0.0000000000
34873  9.932  -52.390  36.075 0.0000000000
35866  9.857  -51.564  35.686 0.0000000000
36838  10.068  -51.098  36.094 0.0000000000
41296  17.486  -43.832  44.296 0.0000000000
40453  5.178  -46.373  43.345 0.0000000000
41316  5.371  -45.398  43.119 0.0000000000
46344  9.512  -39.717  38.035 0.0000000000
45272  9.416  -40.797  38.581 0.0000000000
46343  10.235  -39.939  37.465 0.0000000000
46353  10.127  -39.137  37.368 0.0000000000
41258  9.325  -47.092  48.823 0.0000000000
41265  9.225  -46.639  48.609 0.0000000000
42111  15.746  -44.044  46.255 0.0000000000
41278  16.057  -44.440  45.986 0.0000000000
41272  15.518  -44.421  46.367 0.0000000000
39465  12.658  -47.003  48.055 0.0000000000
39470  13.114  -46.772  47.465 0.0000000000
38578  12.582  -47.310  47.900 0.0000000000
38579  12.371  -47.779  47.717 0.0000000000
37684  12.017  -48.226  47.792 0.0000000000
41256  10.343  -46.855  49.110 0.0000000000
41257  9.738  -46.984  48.972 0.0000000000
47333  4.630  -39.445  42.208 0.0000000000
48303  4.788  -38.438  41.514 0.0000000000
51963  6.174  -35.150  39.776 0.0000000000
51088  6.125  -35.892  39.645 0.0000000000
51100  6.693  -35.590  39.060 0.0000000000
33853  5.841  -53.651  47.016 0.0000000000
38584  5.992  -48.165  46.900 0.0000000000
38589  5.852  -48.304  46.477 0.0000000000
38585  5.475  -47.941  46.637 0.0000000000
38590  5.316  -48.102  46.117 0.0000000000
39477  5.157  -47.330  46.546 0.0000000000
45206  4.754  -41.709  45.269 0.0000000000
35694  10.283  -51.024  48.436 0.0000000000
35695  9.855  -51.407  48.640 0.0000000000
32976  8.219  -54.740  48.782 0.0000000000
33840  6.155  -53.273  48.040 0.0000000000
33844  5.765  -53.840  47.456 0.0000000000
35732  6.856  -51.479  43.874 0.0000000000
37764  7.187  -49.753  41.113 0.0000000000
37771  7.344  -50.044  40.410 0.0000000000
44222  6.484  -42.386  40.796 0.0000000000
43214  6.524  -43.168  41.234 0.0000000000
43213  7.206  -43.112  40.761 0.0000000000
40517  9.259  -47.391  38.345 0.0000000000
40516  9.578  -47.242  37.555 0.0000000000
41378  10.116  -46.482  36.630 0.0000000000
43324  11.231  -43.573  33.690 0.0000000000
43308  11.014  -44.426  33.990 0.0000000000
43325  11.001  -44.155  33.106 0.0000000000
53759  8.971  -33.107  37.461 0.0000000000
53773  9.207  -33.375  36.599 0.0000000000
52866  8.918  -33.960  36.118 0.0000000000
50233  7.265  -36.401  32.368 0.0000000000
49320  7.455  -36.827  32.715 0.0000000000
49319  7.921  -36.828  33.457 0.0000000000
48359  7.797  -37.324  32.997 0.0000000000
47392  8.185  -37.477  33.320 0.0000000000
47404  8.075  -37.615  32.913 0.0000000000
42105  10.465  -45.366  48.094 0.0000000000
44138  11.017  -44.187  46.937 0.0000000000
44127  14.331  -43.655  46.900 0.0000000000
43106  12.811  -44.824  48.099 0.0000000000
42104  13.043  -44.840  48.032 0.0000000000
42093  12.792  -45.163  48.190 0.0000000000
41260  12.466  -45.846  48.402 0.0000000000
42094  12.251  -45.466  48.358 0.0000000000
42095  11.686  -45.622  48.475 0.0000000000
42096  11.010  -45.620  48.442 0.0000000000
51059  4.871  -35.732  41.485 0.0000000000
52828  6.092  -34.398  40.999 0.0000000000
53724  6.622  -33.736  40.822 0.0000000000
37687  6.729  -48.765  47.062 0.0000000000
46249  5.511  -41.057  45.098 0.0000000000
47300  4.939  -39.921  44.508 0.0000000000
34735  7.335  -52.613  48.558 0.0000000000
37738  6.074  -49.093  43.613 0.0000000000
38663  5.930  -47.512  43.004 0.0000000000
38652  6.098  -48.473  42.977 0.0000000000
45260  8.235  -41.223  39.550 0.0000000000
44233  8.283  -41.981  39.716 0.0000000000
44247  8.746  -41.606  39.373 0.0000000000
44230  10.248  -42.578  38.296 0.0000000000
44231  9.703  -42.491  38.722 0.0000000000
43232  10.299  -43.248  38.629 0.0000000000
41368  10.409  -44.535  38.785 0.0000000000
42266  10.943  -44.060  38.219 0.0000000000
42267  10.816  -44.717  37.457 0.0000000000
42281  11.271  -43.589  37.601 0.0000000000
45269  11.607  -41.487  36.862 0.0000000000
44260  11.981  -42.251  36.475 0.0000000000
44274  12.022  -42.442  35.616 0.0000000000
45281  11.997  -41.533  35.525 0.0000000000
50242  6.227  -36.101  31.652 0.0000000000
48376  6.304  -37.113  31.143 0.0000000000
49342  5.727  -36.576  30.965 0.0000000000
39458  8.539  -48.452  48.531 0.0000000000
41267  7.908  -46.496  47.964 0.0000000000
42109  7.598  -45.680  47.513 0.0000000000
43118  9.306  -45.007  47.487 0.0000000000
42107  8.994  -45.525  47.868 0.0000000000
44142  7.543  -44.163  46.359 0.0000000000
43129  7.383  -44.774  46.872 0.0000000000
41282  17.053  -44.007  45.338 0.0000000000
40421  15.891  -45.113  45.472 0.0000000000
40422  15.362  -45.368  45.744 0.0000000000
41274  14.362  -45.139  47.065 0.0000000000
40412  14.015  -45.740  47.008 0.0000000000
39475  13.510  -46.604  46.859 0.0000000000
39474  14.023  -46.168  46.461 0.0000000000
39480  13.773  -46.463  46.447 0.0000000000
38588  12.948  -47.686  46.120 0.0000000000
37692  12.381  -48.474  46.547 0.0000000000
36716  11.098  -49.503  48.267 0.0000000000
40403  11.798  -47.092  48.865 0.0000000000
39461  11.699  -47.580  48.890 0.0000000000
39453  11.402  -47.658  49.112 0.0000000000
38563  11.036  -48.425  49.138 0.0000000000
37671  10.442  -49.141  49.070 0.0000000000
36706  9.988  -49.583  49.081 0.0000000000
37672  9.951  -49.152  49.176 0.0000000000
38566  9.197  -48.695  49.013 0.0000000000
38567  8.692  -48.856  48.711 0.0000000000
45238  4.842  -41.665  41.953 0.0000000000
45252  5.836  -42.007  40.965 0.0000000000
49261  4.977  -37.485  40.925 0.0000000000
48320  5.997  -38.404  40.256 0.0000000000
47355  6.783  -39.102  39.786 0.0000000000
48329  7.180  -38.062  39.330 0.0000000000
48328  7.972  -37.955  38.577 0.0000000000
42130  19.181  -42.569  43.711 0.0000000000
42131  18.664  -42.983  44.169 0.0000000000
47275  20.355  -39.726  44.109 0.0000000000
47291  20.980  -39.478  43.452 0.0000000000
45199  20.100  -41.035  44.149 0.0000000000
43137  18.710  -42.417  44.710 0.0000000000
43143  18.655  -42.994  44.863 0.0000000000
43138  18.321  -42.863  44.970 0.0000000000
44146  17.165  -42.805  45.715 0.0000000000
45153  16.816  -42.649  45.850 0.0000000000
46240  16.561  -41.550  45.413 0.0000000000
45180  15.848  -41.921  45.809 0.0000000000
45182  14.349  -42.267  45.791 0.0000000000
44147  13.011  -43.190  46.830 0.0000000000
33011  5.621  -54.523  45.393 0.0000000000
33863  6.318  -53.279  45.629 0.0000000000
34760  6.756  -52.318  45.336 0.0000000000
36728  7.090  -50.013  45.979 0.0000000000
36745  7.046  -50.272  45.200 0.0000000000
37713  6.017  -48.758  45.197 0.0000000000
39491  4.935  -47.598  45.074 0.0000000000
38629  5.041  -48.064  44.722 0.0000000000
39464  7.658  -47.757  47.784 0.0000000000
39467  7.079  -47.509  47.449 0.0000000000
43131  6.038  -44.556  46.636 0.0000000000
42119  5.273  -44.778  46.459 0.0000000000
41284  4.947  -45.664  45.933 0.0000000000
42125  4.875  -44.818  45.000 0.0000000000
43167  4.686  -43.573  43.280 0.0000000000
47314  4.557  -39.645  44.055 0.0000000000
40429  16.194  -44.910  44.952 0.0000000000
40440  16.262  -44.709  44.253 0.0000000000
34740  10.226  -52.441  48.048 0.0000000000
34737  9.249  -52.476  48.567 0.0000000000
32130  5.370  -55.338  46.565 0.0000000000
31245  5.401  -56.121  45.730 0.0000000000
33885  6.939  -53.221  43.028 0.0000000000
33032  6.685  -54.207  43.121 0.0000000000
33884  7.189  -53.672  42.307 0.0000000000
35748  6.865  -50.788  42.474 0.0000000000
35747  6.815  -51.393  42.990 0.0000000000
35791  7.283  -51.260  41.064 0.0000000000
34796  7.629  -52.713  41.207 0.0000000000
33901  7.975  -52.464  40.523 0.0000000000
35815  7.997  -50.940  39.549 0.0000000000
34846  8.368  -51.613  39.176 0.0000000000
35835  8.401  -50.964  38.910 0.0000000000
34861  8.791  -51.591  38.463 0.0000000000
36823  8.597  -50.497  38.436 0.0000000000
43190  5.445  -43.410  42.199 0.0000000000
42181  5.820  -44.118  42.463 0.0000000000
42204  6.122  -44.009  42.233 0.0000000000
42202  7.103  -44.551  41.708 0.0000000000
41337  6.793  -45.467  42.370 0.0000000000
40484  7.433  -46.656  41.877 0.0000000000
43211  8.681  -43.473  39.990 0.0000000000
42224  8.639  -44.162  40.455 0.0000000000
40495  8.671  -47.134  40.060 0.0000000000
40482  8.704  -46.198  40.417 0.0000000000
39601  8.182  -47.610  40.505 0.0000000000
39622  8.249  -48.578  39.396 0.0000000000
38696  8.777  -48.918  38.112 0.0000000000
38706  9.169  -49.170  37.426 0.0000000000
37792  9.071  -49.768  37.717 0.0000000000
38705  9.652  -48.802  36.272 0.0000000000
40542  9.953  -47.472  35.724 0.0000000000
42323  10.181  -45.947  33.222 0.0000000000
40586  9.331  -46.780  32.501 0.0000000000
53761  7.810  -33.701  38.340 0.0000000000
53749  7.678  -33.477  39.002 0.0000000000
51970  7.221  -34.927  38.350 0.0000000000
50208  7.735  -35.772  37.621 0.0000000000
50207  8.127  -36.208  37.287 0.0000000000
49304  8.725  -36.625  36.738 0.0000000000
51141  8.182  -35.630  32.992 0.0000000000
51995  8.720  -35.273  34.046 0.0000000000
51985  8.946  -34.799  34.843 0.0000000000
51986  8.808  -34.958  35.466 0.0000000000
50222  8.805  -35.929  34.894 0.0000000000
48344  8.662  -37.113  34.520 0.0000000000
49311  9.198  -37.198  35.644 0.0000000000
49303  9.181  -37.118  36.320 0.0000000000
48342  9.580  -37.574  35.865 0.0000000000
47383  9.741  -38.150  34.926 0.0000000000
46383  10.119  -38.547  33.792 0.0000000000
46371  10.711  -38.985  34.359 0.0000000000
46370  11.125  -39.606  34.064 0.0000000000
46381  11.107  -39.411  33.080 0.0000000000
47415  8.653  -37.972  32.036 0.0000000000
44135  13.485  -43.361  46.998 0.0000000000
43108  12.086  -45.003  48.178 0.0000000000
35882  9.320  -51.491  34.942 0.0000000000
36846  9.320  -50.596  34.604 0.0000000000
36708  8.988  -50.033  48.977 0.0000000000
36713  8.532  -50.764  48.879 0.0000000000
35692  7.989  -51.603  48.733 0.0000000000
39544  5.476  -47.066  43.150 0.0000000000
39561  5.837  -46.816  42.945 0.0000000000
44245  9.858  -41.802  38.297 0.0000000000
44244  10.689  -42.132  37.860 0.0000000000
43254  11.263  -42.964  37.711 0.0000000000
45270  11.048  -41.256  37.408 0.0000000000
45283  11.177  -40.624  36.587 0.0000000000
39462  8.568  -47.617  48.475 0.0000000000
40404  8.868  -47.240  48.632 0.0000000000
41266  8.494  -46.617  48.292 0.0000000000
45170  7.650  -43.098  45.480 0.0000000000
41277  16.854  -43.856  45.704 0.0000000000
41283  16.297  -44.564  45.570 0.0000000000
40413  13.327  -46.300  47.517 0.0000000000
37680  11.940  -48.090  48.124 0.0000000000
38575  11.622  -48.187  48.599 0.0000000000
40397  11.126  -47.174  49.240 0.0000000000
40398  10.598  -47.294  49.304 0.0000000000
39455  10.220  -47.909  49.373 0.0000000000
38565  9.801  -48.580  49.246 0.0000000000
51089  5.664  -35.817  40.072 0.0000000000
49275  5.473  -37.487  40.383 0.0000000000
50192  5.834  -36.681  39.901 0.0000000000
49286  6.471  -37.323  39.598 0.0000000000
44177  19.962  -41.539  43.571 0.0000000000
46258  19.736  -40.491  44.510 0.0000000000
44144  18.189  -42.513  45.085 0.0000000000
46228  18.006  -41.757  45.100 0.0000000000
46229  17.667  -41.791  45.271 0.0000000000
45181  15.183  -42.051  45.842 0.0000000000
33000  5.815  -53.854  46.297 0.0000000000
37690  6.993  -49.478  47.068 0.0000000000
36724  6.992  -50.091  46.680 0.0000000000
37695  5.544  -48.366  45.560 0.0000000000
41275  6.106  -45.930  47.127 0.0000000000
35699  10.545  -51.236  48.028 0.0000000000
33830  8.699  -53.492  48.564 0.0000000000
33836  6.458  -53.777  48.411 0.0000000000
32982  5.999  -54.838  48.482 0.0000000000
33837  5.920  -54.398  48.324 0.0000000000
35764  7.025  -50.811  41.811 0.0000000000
36794  7.085  -50.231  41.541 0.0000000000
35779  7.154  -50.874  41.212 0.0000000000
35792  7.343  -51.051  40.740 0.0000000000
34813  7.645  -51.346  40.476 0.0000000000
35803  7.579  -50.956  40.201 0.0000000000
35816  7.684  -50.662  39.871 0.0000000000
36814  7.785  -50.358  39.597 0.0000000000
43215  6.031  -43.046  41.521 0.0000000000
42227  6.692  -43.803  41.549 0.0000000000
42201  7.735  -44.727  41.243 0.0000000000
41347  9.623  -44.790  39.886 0.0000000000
41348  9.291  -45.299  40.153 0.0000000000
40505  9.027  -47.351  39.058 0.0000000000
39641  8.459  -48.858  38.761 0.0000000000
43291  11.038  -44.472  34.919 0.0000000000
42309  10.804  -45.320  34.567 0.0000000000
41405  9.856  -45.608  32.501 0.0000000000
52857  8.057  -33.909  37.555 0.0000000000
51977  8.236  -34.883  36.843 0.0000000000
51142  7.687  -35.923  32.613 0.0000000000
51131  8.139  -36.051  33.323 0.0000000000
50223  8.285  -36.316  33.844 0.0000000000
49313  8.462  -36.749  34.279 0.0000000000
48351  8.728  -37.465  34.275 0.0000000000
47391  8.781  -37.725  33.752 0.0000000000
47390  9.552  -38.193  33.766 0.0000000000
47402  9.579  -38.407  32.936 0.0000000000
42098  9.476  -45.981  48.381 0.0000000000
43126  9.662  -44.605  47.069 0.0000000000
42112  15.004  -44.269  46.651 0.0000000000
42101  14.730  -44.205  46.794 0.0000000000
42102  14.308  -44.564  47.144 0.0000000000
41268  13.767  -45.184  47.544 0.0000000000
42103  13.343  -44.953  47.847 0.0000000000
39459  12.486  -46.793  48.325 0.0000000000
39466  12.295  -47.267  48.364 0.0000000000
40402  12.226  -46.601  48.559 0.0000000000
41254  11.330  -46.699  48.994 0.0000000000
41263  10.652  -46.298  48.843 0.0000000000
51073  5.233  -35.813  40.695 0.0000000000
52829  5.828  -34.546  41.386 0.0000000000
51951  5.705  -35.332  40.335 0.0000000000
52850  6.726  -34.439  39.341 0.0000000000
44156  5.671  -43.138  45.911 0.0000000000
45191  5.865  -41.871  45.360 0.0000000000
35689  9.655  -51.121  48.853 0.0000000000
36776  6.792  -50.867  43.529 0.0000000000
37747  6.273  -49.016  42.911 0.0000000000
38673  7.301  -48.742  41.345 0.0000000000
44234  7.456  -41.981  40.247 0.0000000000
43236  7.560  -42.705  40.401 0.0000000000
43235  8.140  -42.727  40.061 0.0000000000
43210  9.239  -43.552  39.625 0.0000000000
44232  9.042  -42.334  39.204 0.0000000000
43233  9.543  -43.253  39.108 0.0000000000
42248  9.774  -43.948  39.503 0.0000000000
41359  10.050  -44.766  39.378 0.0000000000
42283  10.907  -44.697  36.744 0.0000000000
42296  11.151  -44.278  36.370 0.0000000000
43272  11.728  -43.208  37.050 0.0000000000
43273  11.485  -43.761  36.462 0.0000000000
43290  11.265  -43.893  35.639 0.0000000000
43306  11.683  -43.083  35.159 0.0000000000
43323  11.585  -42.943  34.243 0.0000000000
44301  11.873  -42.164  33.776 0.0000000000
50234  6.708  -36.410  31.889 0.0000000000
49327  6.851  -36.796  32.025 0.0000000000
48367  7.556  -37.396  32.473 0.0000000000
48368  6.980  -37.301  31.947 0.0000000000
48383  6.168  -36.945  30.509 0.0000000000
34866  10.195  -52.325  37.070 0.0000000000
40406  7.794  -47.080  47.935 0.0000000000
42110  7.014  -45.784  47.305 0.0000000000
42108  8.289  -45.591  47.719 0.0000000000
43120  7.950  -45.136  47.293 0.0000000000
45171  6.988  -42.833  45.483 0.0000000000
41286  17.374  -43.934  44.872 0.0000000000
40430  15.498  -45.331  45.273 0.0000000000
39489  14.110  -46.340  45.330 0.0000000000
41273  15.167  -44.774  46.548 0.0000000000
40418  14.386  -45.752  46.481 0.0000000000
39473  14.649  -45.774  46.036 0.0000000000
39490  13.685  -46.767  45.187 0.0000000000
36723  11.364  -49.989  47.349 0.0000000000
36717  10.412  -50.135  48.602 0.0000000000
38568  11.837  -47.786  48.640 0.0000000000
38569  11.501  -48.146  48.840 0.0000000000
37675  11.256  -48.587  48.795 0.0000000000
37676  10.881  -48.981  48.880 0.0000000000
36710  10.398  -49.688  48.837 0.0000000000
37673  9.401  -49.289  49.060 0.0000000000
37678  8.434  -49.594  48.622 0.0000000000
44214  5.609  -42.708  41.550 0.0000000000
45251  6.283  -41.556  40.581 0.0000000000
46336  6.196  -40.534  40.416 0.0000000000
46325  6.312  -40.935  40.422 0.0000000000
45262  6.819  -41.286  40.315 0.0000000000
45274  7.975  -40.628  39.520 0.0000000000
47368  7.249  -38.836  39.475 0.0000000000
46346  8.126  -40.053  39.335 0.0000000000
47366  8.650  -38.822  38.374 0.0000000000
44148  12.327  -43.430  46.759 0.0000000000
45184  12.489  -42.658  45.569 0.0000000000
41295  18.135  -43.420  44.451 0.0000000000
45215  20.211  -40.960  43.663 0.0000000000
43141  19.392  -42.042  44.078 0.0000000000
44157  19.571  -41.317  44.372 0.0000000000
44167  19.120  -42.188  44.393 0.0000000000
42123  18.604  -42.963  44.572 0.0000000000
41285  17.827  -43.767  44.828 0.0000000000
43132  18.017  -42.791  45.236 0.0000000000
43133  17.600  -42.931  45.526 0.0000000000
43121  16.135  -43.466  46.169 0.0000000000
44132  15.829  -43.050  46.349 0.0000000000
46239  17.437  -41.370  45.169 0.0000000000
46230  17.045  -41.817  45.536 0.0000000000
45154  16.372  -42.606  46.035 0.0000000000
44133  14.970  -43.227  46.622 0.0000000000
44134  14.137  -43.227  46.775 0.0000000000
45163  14.642  -42.524  46.309 0.0000000000
45157  14.196  -42.945  46.644 0.0000000000
33017  5.875  -54.244  44.819 0.0000000000
37729  5.864  -48.844  44.368 0.0000000000
37730  5.345  -48.404  44.389 0.0000000000
38641  5.196  -48.024  44.034 0.0000000000
41307  5.003  -45.540  43.612 0.0000000000
38577  7.003  -48.014  47.368 0.0000000000
41276  5.518  -45.713  46.904 0.0000000000
40415  5.346  -46.391  46.927 0.0000000000
39472  5.233  -46.851  46.849 0.0000000000
40423  4.933  -46.604  45.900 0.0000000000
45229  4.405  -41.584  42.759 0.0000000000
45166  11.975  -43.150  46.074 0.0000000000
40451  15.485  -45.226  43.645 0.0000000000
39524  14.957  -45.601  43.773 0.0000000000
33834  9.762  -53.193  48.263 0.0000000000
33839  9.547  -54.001  48.238 0.0000000000
34783  7.362  -52.918  41.809 0.0000000000
33892  7.589  -53.627  41.476 0.0000000000
34828  8.234  -52.019  39.760 0.0000000000
35849  9.669  -51.350  37.322 0.0000000000
41326  5.961  -45.368  42.792 0.0000000000
40472  6.365  -46.398  42.724 0.0000000000
41338  6.238  -44.583  42.414 0.0000000000
42225  7.845  -43.978  40.841 0.0000000000
41335  8.250  -45.655  41.009 0.0000000000
41334  8.670  -45.550  40.613 0.0000000000
39580  8.026  -47.434  40.887 0.0000000000
38672  7.677  -48.474  40.710 0.0000000000
38689  7.595  -49.571  39.917 0.0000000000
37777  7.944  -49.799  39.269 0.0000000000
38697  8.371  -49.349  38.709 0.0000000000
36834  8.543  -50.141  38.452 0.0000000000
36833  8.853  -50.184  38.098 0.0000000000
36832  9.396  -50.470  37.431 0.0000000000
36831  9.890  -50.928  36.614 0.0000000000
41386  10.231  -46.775  35.385 0.0000000000
41394  10.485  -46.137  34.679 0.0000000000
40571  9.664  -47.243  33.245 0.0000000000
53739  6.810  -33.706  40.137 0.0000000000
52839  6.847  -33.943  39.614 0.0000000000
52849  7.250  -33.949  38.944 0.0000000000
51111  7.683  -35.213  37.616 0.0000000000
50201  7.663  -36.333  38.067 0.0000000000
49294  8.219  -36.904  37.854 0.0000000000
48326  9.141  -37.790  37.463 0.0000000000
50214  8.687  -36.060  36.028 0.0000000000
48335  9.515  -37.663  36.907 0.0000000000
46352  10.688  -39.453  36.566 0.0000000000
46351  11.036  -39.898  35.894 0.0000000000
46362  10.311  -38.522  34.893 0.0000000000
46361  10.858  -38.912  35.272 0.0000000000
45294  11.407  -40.514  35.817 0.0000000000
46359  11.619  -40.346  34.509 0.0000000000
45305  11.987  -41.297  34.374 0.0000000000
45318  11.916  -41.238  33.171 0.0000000000
47416  7.719  -37.654  32.072 0.0000000000
47401  10.281  -38.896  32.525 0.0000000000
46380  11.521  -40.265  32.495 0.0000000000
44311  11.136  -42.612  32.222 0.0000000000
33912  8.061  -52.069  40.255 0.0000000000
34829  7.972  -51.527  40.004 0.0000000000
34830  7.788  -51.306  40.220 0.0000000000
34847  8.184  -51.329  39.518 0.0000000000
34862  8.562  -51.283  38.676 0.0000000000
35814  8.283  -51.204  39.285 0.0000000000
35834  8.823  -50.941  38.211 0.0000000000
35836  8.248  -50.766  39.147 0.0000000000
36807  7.357  -50.582  40.495 0.0000000000
36815  7.494  -50.427  40.078 0.0000000000
36822  8.886  -50.484  38.080 0.0000000000
37785  8.399  -49.821  38.618 0.0000000000
37793  8.711  -49.867  38.225 0.0000000000
38570  11.112  -48.764  49.109 0.0000000000
38586  13.772  -46.587  46.133 0.0000000000
38605  13.799  -46.613  45.896 0.0000000000
38680  7.689  -48.925  40.187 0.0000000000
40473  5.873  -46.233  42.938 0.0000000000
41259  12.930  -45.462  48.160 0.0000000000
41358  10.226  -44.473  39.039 0.0000000000
42092  13.033  -45.174  48.117 0.0000000000
42265  11.075  -43.459  37.905 0.0000000000
43110  15.158  -44.079  46.672 0.0000000000
43111  14.647  -43.940  46.828 0.0000000000
43123  14.928  -43.571  46.640 0.0000000000
43198  6.303  -43.475  41.653 0.0000000000
43339  11.122  -43.262  32.745 0.0000000000
44235  6.795  -41.890  40.495 0.0000000000
44259  12.172  -41.878  35.847 0.0000000000
44273  12.148  -41.932  35.309 0.0000000000
44288  12.102  -41.887  34.992 0.0000000000
44289  12.014  -42.219  34.774 0.0000000000
44310  11.577  -42.243  32.783 0.0000000000
44321  11.301  -42.030  32.102 0.0000000000
45159  18.024  -42.105  45.171 0.0000000000
45292  12.005  -41.575  35.050 0.0000000000
45293  11.739  -40.924  35.230 0.0000000000
47354  7.290  -39.219  39.521 0.0000000000
47382  10.356  -38.535  35.163 0.0000000000
47384  9.095  -37.697  34.448 0.0000000000
47413  10.156  -39.196  31.501 0.0000000000
48353  7.692  -37.075  33.080 0.0000000000
48369  6.555  -37.105  31.524 0.0000000000
48391  6.269  -36.916  30.134 0.0000000000
49328  6.494  -36.508  31.707 0.0000000000
49335  6.554  -37.281  31.675 0.0000000000
50224  7.745  -36.567  33.045 0.0000000000
50241  6.824  -35.802  31.983 0.0000000000
51939  5.852  -34.736  40.843 0.0000000000
51978  7.701  -34.683  37.682 0.0000000000
