#!ascii label  , from subject msSRGRS20160210 vox2ras=TkReg
626
36733  25.883  -49.656  43.613 0.0000000000
56678  43.600  -30.019  31.721 0.0000000000
57673  50.743  -28.754  27.920 0.0000000000
51101  42.508  -35.479  36.542 0.0000000000
40458  31.733  -46.744  42.347 0.0000000000
36749  30.408  -49.976  43.965 0.0000000000
58724  47.931  -28.349  30.094 0.0000000000
55650  46.856  -30.617  32.637 0.0000000000
49251  40.161  -37.775  39.428 0.0000000000
42136  36.905  -44.672  43.277 0.0000000000
66439  52.242  -19.987  21.742 0.0000000000
61646  51.173  -24.303  26.242 0.0000000000
52862  39.681  -33.956  36.228 0.0000000000
55617  42.214  -30.948  34.913 0.0000000000
38615  28.778  -48.816  43.988 0.0000000000
36730  28.307  -49.732  44.139 0.0000000000
57637  45.662  -28.876  30.593 0.0000000000
57602  47.378  -29.647  31.861 0.0000000000
56634  45.132  -29.527  33.228 0.0000000000
44215  41.797  -42.286  38.974 0.0000000000
38592  33.655  -47.891  44.013 0.0000000000
42140  34.016  -45.484  42.917 0.0000000000
39511  36.431  -47.304  43.035 0.0000000000
66427  51.204  -19.621  22.909 0.0000000000
64627  52.422  -21.550  23.059 0.0000000000
64604  51.816  -21.495  24.863 0.0000000000
59771  49.791  -27.165  27.963 0.0000000000
59796  49.241  -25.626  26.279 0.0000000000
59778  50.986  -26.854  26.957 0.0000000000
58795  51.859  -27.421  25.383 0.0000000000
55792  51.397  -29.724  25.296 0.0000000000
50162  41.730  -36.744  38.698 0.0000000000
51091  39.326  -35.910  37.900 0.0000000000
52842  41.091  -34.295  37.670 0.0000000000
53778  40.273  -32.350  35.724 0.0000000000
52860  42.210  -33.606  36.064 0.0000000000
53787  43.554  -32.464  34.278 0.0000000000
51122  42.266  -35.278  34.375 0.0000000000
39486  31.379  -48.114  44.053 0.0000000000
58761  48.069  -27.923  28.504 0.0000000000
58743  49.299  -28.396  29.365 0.0000000000
57633  49.009  -29.205  30.437 0.0000000000
54710  48.346  -31.038  30.737 0.0000000000
45233  38.670  -41.531  41.665 0.0000000000
46306  40.241  -40.487  40.603 0.0000000000
47342  42.043  -39.223  39.166 0.0000000000
48330  42.784  -38.935  36.761 0.0000000000
48346  42.917  -38.330  34.724 0.0000000000
44204  36.973  -42.594  41.611 0.0000000000
42134  38.614  -43.907  42.668 0.0000000000
64657  52.208  -20.827  19.965 0.0000000000
63627  49.746  -22.223  24.857 0.0000000000
61653  52.028  -24.083  25.644 0.0000000000
57751  51.619  -28.457  23.840 0.0000000000
56636  43.145  -29.937  33.423 0.0000000000
55614  44.940  -30.943  34.161 0.0000000000
52887  46.056  -32.642  32.698 0.0000000000
36753  26.648  -50.037  43.667 0.0000000000
36732  26.848  -49.706  43.811 0.0000000000
35721  27.441  -50.382  43.544 0.0000000000
56694  44.614  -29.549  30.664 0.0000000000
57622  45.265  -29.008  31.760 0.0000000000
56657  44.733  -29.311  32.591 0.0000000000
38609  35.108  -47.671  43.659 0.0000000000
65567  50.373  -19.882  23.285 0.0000000000
65543  51.502  -20.519  24.373 0.0000000000
65544  50.736  -20.603  24.517 0.0000000000
58772  50.574  -27.581  27.723 0.0000000000
59779  50.335  -26.458  27.147 0.0000000000
57688  51.130  -28.255  27.204 0.0000000000
57704  51.518  -28.269  26.433 0.0000000000
51074  42.049  -36.017  38.123 0.0000000000
51941  41.246  -35.480  38.322 0.0000000000
51952  41.924  -35.175  37.631 0.0000000000
52851  41.777  -33.533  36.679 0.0000000000
51965  42.185  -34.571  36.871 0.0000000000
52869  42.445  -33.635  35.345 0.0000000000
51112  42.403  -35.402  35.547 0.0000000000
38614  29.746  -48.690  44.035 0.0000000000
37698  30.737  -49.043  44.229 0.0000000000
37717  32.234  -48.854  43.815 0.0000000000
57655  46.971  -28.427  29.511 0.0000000000
57675  47.302  -28.293  28.257 0.0000000000
58745  47.910  -28.198  29.362 0.0000000000
58760  48.695  -27.677  28.587 0.0000000000
58723  48.546  -28.522  30.123 0.0000000000
57653  49.398  -28.931  29.871 0.0000000000
57634  48.431  -28.989  30.735 0.0000000000
56655  47.269  -30.061  32.160 0.0000000000
56654  47.655  -30.179  31.731 0.0000000000
54691  47.527  -31.310  31.791 0.0000000000
53826  47.736  -32.484  30.769 0.0000000000
53818  47.431  -32.582  31.915 0.0000000000
44202  39.568  -42.256  41.810 0.0000000000
46307  39.600  -40.798  40.998 0.0000000000
44200  40.635  -41.957  40.783 0.0000000000
45246  41.975  -41.220  39.058 0.0000000000
47358  42.568  -39.325  37.868 0.0000000000
42128  35.510  -45.289  43.261 0.0000000000
43172  35.664  -44.022  42.556 0.0000000000
43171  36.353  -43.362  42.135 0.0000000000
44179  38.005  -42.987  42.655 0.0000000000
43154  37.441  -43.808  43.105 0.0000000000
66440  51.794  -19.656  21.800 0.0000000000
64648  52.183  -20.920  21.157 0.0000000000
63638  52.505  -22.851  23.794 0.0000000000
61648  49.560  -24.642  26.096 0.0000000000
60728  48.720  -25.261  25.182 0.0000000000
61656  49.143  -24.146  25.388 0.0000000000
62628  49.038  -23.168  24.550 0.0000000000
62618  50.546  -23.269  25.956 0.0000000000
62617  51.482  -23.341  25.878 0.0000000000
61654  51.633  -24.050  25.998 0.0000000000
56748  51.929  -29.109  24.530 0.0000000000
58809  51.874  -27.450  24.808 0.0000000000
48306  39.262  -38.655  39.381 0.0000000000
49265  39.299  -38.152  38.793 0.0000000000
51973  39.256  -34.668  36.578 0.0000000000
51103  38.606  -35.968  36.476 0.0000000000
54645  41.659  -31.561  35.424 0.0000000000
54661  40.419  -31.309  35.039 0.0000000000
55618  41.349  -30.870  34.948 0.0000000000
56613  41.526  -30.411  34.127 0.0000000000
56595  42.831  -30.471  34.396 0.0000000000
56594  43.794  -30.343  34.242 0.0000000000
55616  43.195  -30.899  34.642 0.0000000000
52890  43.402  -33.543  33.479 0.0000000000
53797  44.721  -32.403  33.447 0.0000000000
52902  44.774  -33.430  32.486 0.0000000000
52006  46.091  -33.726  31.718 0.0000000000
38598  28.351  -49.142  44.096 0.0000000000
37721  29.244  -49.933  44.188 0.0000000000
35751  30.366  -50.930  42.578 0.0000000000
36771  29.079  -50.554  43.598 0.0000000000
57636  47.031  -28.499  30.661 0.0000000000
57635  47.804  -28.713  30.810 0.0000000000
57621  46.179  -28.898  31.605 0.0000000000
57604  46.344  -29.234  32.277 0.0000000000
56632  46.575  -30.071  32.992 0.0000000000
40437  32.631  -46.995  43.583 0.0000000000
41302  33.188  -46.259  43.078 0.0000000000
40436  33.701  -46.787  43.693 0.0000000000
40434  34.986  -46.622  43.669 0.0000000000
41289  36.243  -45.819  43.367 0.0000000000
41298  37.898  -45.442  42.806 0.0000000000
40456  37.428  -46.758  42.463 0.0000000000
66426  51.932  -19.881  22.787 0.0000000000
65566  52.340  -20.743  22.794 0.0000000000
66415  52.090  -20.222  23.502 0.0000000000
65541  52.252  -21.119  24.037 0.0000000000
63637  52.457  -22.406  24.366 0.0000000000
58785  48.489  -27.182  27.294 0.0000000000
59780  49.569  -26.458  27.339 0.0000000000
60712  49.999  -25.873  26.896 0.0000000000
59788  50.945  -25.985  26.695 0.0000000000
60718  51.754  -25.287  25.951 0.0000000000
58783  51.741  -27.421  25.842 0.0000000000
56740  51.839  -29.043  25.318 0.0000000000
50147  40.997  -37.137  39.337 0.0000000000
50165  40.196  -36.872  39.004 0.0000000000
51076  40.459  -35.632  38.689 0.0000000000
51966  40.208  -34.506  37.737 0.0000000000
52853  40.379  -33.817  37.142 0.0000000000
52861  40.083  -33.104  36.089 0.0000000000
53752  40.980  -33.248  36.915 0.0000000000
53763  41.525  -32.601  36.216 0.0000000000
54627  42.060  -32.239  35.639 0.0000000000
53776  43.104  -32.179  34.695 0.0000000000
53777  42.433  -32.802  35.323 0.0000000000
52879  42.643  -33.681  34.647 0.0000000000
52010  42.807  -34.803  32.937 0.0000000000
39516  28.833  -48.177  43.148 0.0000000000
39515  29.881  -47.972  43.242 0.0000000000
39513  31.541  -47.322  43.463 0.0000000000
39485  32.423  -47.767  43.960 0.0000000000
37716  33.103  -48.652  43.664 0.0000000000
59773  48.876  -27.194  28.155 0.0000000000
58759  49.258  -27.715  28.665 0.0000000000
57674  50.324  -28.415  28.413 0.0000000000
56700  49.842  -29.435  29.095 0.0000000000
55711  49.754  -29.943  28.942 0.0000000000
55712  49.086  -30.638  29.605 0.0000000000
57618  48.182  -29.375  31.080 0.0000000000
55698  48.825  -30.417  30.461 0.0000000000
46317  37.397  -41.305  40.500 0.0000000000
46315  38.500  -40.343  40.622 0.0000000000
47327  39.677  -40.125  40.611 0.0000000000
47336  40.488  -39.623  40.202 0.0000000000
45240  41.089  -41.433  40.219 0.0000000000
46313  40.986  -40.363  40.165 0.0000000000
48290  41.312  -38.463  39.628 0.0000000000
48304  41.818  -38.421  39.185 0.0000000000
49276  42.292  -37.563  38.195 0.0000000000
49298  42.742  -37.417  36.646 0.0000000000
50209  42.648  -36.447  36.089 0.0000000000
49305  42.837  -38.404  35.875 0.0000000000
45235  37.419  -42.110  41.461 0.0000000000
44194  38.451  -42.751  42.516 0.0000000000
42147  39.576  -43.913  41.807 0.0000000000
41309  38.419  -45.447  42.369 0.0000000000
41318  39.398  -45.126  41.361 0.0000000000
65597  52.750  -20.410  19.350 0.0000000000
64614  49.528  -21.520  24.158 0.0000000000
64605  51.098  -21.332  25.034 0.0000000000
63613  52.048  -22.498  25.300 0.0000000000
61683  52.370  -24.456  24.153 0.0000000000
60726  52.091  -25.312  25.353 0.0000000000
60741  52.211  -25.388  24.678 0.0000000000
59824  51.675  -26.506  23.876 0.0000000000
50195  38.959  -36.789  37.710 0.0000000000
56660  41.798  -30.301  32.695 0.0000000000
56659  42.820  -30.029  32.713 0.0000000000
56635  44.112  -29.668  33.336 0.0000000000
56609  45.192  -29.968  33.735 0.0000000000
55629  46.009  -30.667  33.572 0.0000000000
53775  43.991  -31.831  34.293 0.0000000000
54659  45.415  -31.270  33.805 0.0000000000
53795  46.402  -31.967  32.924 0.0000000000
52899  47.141  -32.933  32.124 0.0000000000
50216  42.345  -36.377  34.920 0.0000000000
50235  42.480  -36.444  32.874 0.0000000000
36754  25.664  -50.000  43.459 0.0000000000
37703  26.142  -49.350  43.706 0.0000000000
56677  44.488  -29.335  31.804 0.0000000000
65555  49.991  -20.543  23.942 0.0000000000
57689  50.762  -28.246  27.890 0.0000000000
56725  50.835  -29.140  27.416 0.0000000000
51090  42.332  -35.698  37.382 0.0000000000
51972  42.396  -34.491  35.971 0.0000000000
37719  30.535  -49.508  44.145 0.0000000000
36768  31.053  -50.133  43.455 0.0000000000
58725  47.496  -28.323  29.919 0.0000000000
58746  47.504  -28.308  29.662 0.0000000000
58744  48.626  -28.191  29.350 0.0000000000
55673  47.253  -30.592  32.151 0.0000000000
54692  47.248  -31.146  32.155 0.0000000000
53803  47.398  -31.611  31.996 0.0000000000
44201  40.020  -42.403  41.465 0.0000000000
43182  40.639  -42.911  40.817 0.0000000000
42137  36.084  -44.597  43.216 0.0000000000
42138  35.364  -44.713  42.997 0.0000000000
43156  35.920  -44.223  43.074 0.0000000000
43155  36.559  -43.794  43.057 0.0000000000
44181  37.179  -43.469  42.948 0.0000000000
65587  52.516  -20.215  20.575 0.0000000000
65579  52.273  -20.512  21.891 0.0000000000
61647  50.242  -24.166  26.243 0.0000000000
61655  49.879  -23.617  25.875 0.0000000000
62610  50.850  -23.713  26.214 0.0000000000
55819  51.582  -29.931  23.233 0.0000000000
56756  51.769  -29.266  23.761 0.0000000000
48305  39.815  -38.319  39.556 0.0000000000
49264  39.679  -37.670  38.938 0.0000000000
51980  39.115  -34.747  35.332 0.0000000000
56596  41.958  -30.566  34.515 0.0000000000
52903  43.875  -33.755  32.725 0.0000000000
52889  44.319  -33.056  33.110 0.0000000000
52008  44.271  -34.129  32.115 0.0000000000
52007  45.166  -33.867  31.851 0.0000000000
37701  27.970  -49.443  44.064 0.0000000000
38599  27.411  -49.134  43.918 0.0000000000
37700  28.919  -49.565  44.230 0.0000000000
36751  28.653  -50.170  43.977 0.0000000000
56693  45.090  -29.104  30.392 0.0000000000
56702  45.104  -29.167  29.907 0.0000000000
57605  45.606  -29.167  32.456 0.0000000000
57592  45.900  -29.361  32.894 0.0000000000
57591  46.397  -29.591  32.759 0.0000000000
56633  45.886  -29.692  33.319 0.0000000000
40426  33.259  -47.342  43.893 0.0000000000
40425  34.077  -47.075  43.809 0.0000000000
39512  35.820  -47.396  43.392 0.0000000000
40433  35.830  -46.524  43.479 0.0000000000
41290  35.594  -45.900  43.465 0.0000000000
40445  36.356  -46.748  43.284 0.0000000000
40444  36.951  -46.549  42.921 0.0000000000
66428  50.376  -19.628  22.552 0.0000000000
66441  51.004  -19.425  21.811 0.0000000000
66416  51.676  -19.900  23.685 0.0000000000
65542  52.050  -20.738  24.155 0.0000000000
64603  52.199  -21.562  24.433 0.0000000000
59781  48.943  -26.880  27.732 0.0000000000
59790  48.943  -26.576  26.935 0.0000000000
60720  50.575  -25.313  26.570 0.0000000000
59787  51.377  -26.199  26.363 0.0000000000
58784  51.451  -27.425  26.458 0.0000000000
56733  51.684  -28.807  25.715 0.0000000000
57703  51.747  -28.250  25.792 0.0000000000
55803  51.750  -29.564  24.752 0.0000000000
55804  51.524  -30.151  24.337 0.0000000000
50163  41.277  -36.927  39.062 0.0000000000
50164  40.727  -36.806  39.157 0.0000000000
51062  40.947  -35.994  38.866 0.0000000000
51953  41.425  -34.986  37.801 0.0000000000
52830  40.966  -34.961  37.994 0.0000000000
52843  40.603  -34.576  37.843 0.0000000000
52852  41.255  -33.630  37.186 0.0000000000
53750  41.653  -32.991  36.373 0.0000000000
53762  41.978  -32.707  35.940 0.0000000000
51979  42.377  -34.440  35.084 0.0000000000
51987  42.511  -34.312  34.376 0.0000000000
52891  42.830  -33.790  34.062 0.0000000000
51997  42.666  -34.443  33.640 0.0000000000
39499  28.277  -48.536  43.597 0.0000000000
39534  28.428  -48.006  42.406 0.0000000000
38613  30.445  -48.554  44.070 0.0000000000
39497  30.529  -48.164  43.831 0.0000000000
39514  30.925  -47.475  43.287 0.0000000000
39496  31.717  -47.572  43.723 0.0000000000
38594  31.865  -48.328  44.041 0.0000000000
58774  47.981  -27.765  27.671 0.0000000000
58773  48.541  -27.367  28.041 0.0000000000
58758  49.862  -27.902  28.556 0.0000000000
58742  49.823  -28.388  28.890 0.0000000000
57652  49.846  -28.901  29.186 0.0000000000
56701  49.444  -29.655  29.869 0.0000000000
57619  47.683  -29.328  31.407 0.0000000000
55686  48.189  -30.560  31.186 0.0000000000
55685  48.494  -30.167  30.923 0.0000000000
54719  48.725  -30.833  30.293 0.0000000000
54720  48.357  -31.415  30.017 0.0000000000
46309  38.325  -41.183  41.273 0.0000000000
46316  37.890  -40.817  40.574 0.0000000000
47328  39.269  -40.342  40.796 0.0000000000
47337  39.840  -39.480  40.276 0.0000000000
46314  40.588  -40.279  40.350 0.0000000000
44209  41.088  -42.391  40.257 0.0000000000
44208  41.516  -41.848  39.676 0.0000000000
46320  42.054  -40.214  39.136 0.0000000000
45239  41.515  -40.835  39.639 0.0000000000
46312  41.574  -39.811  39.612 0.0000000000
47335  41.150  -39.283  39.879 0.0000000000
47334  41.612  -38.932  39.524 0.0000000000
48289  41.580  -38.442  39.428 0.0000000000
48322  42.535  -38.603  37.798 0.0000000000
49289  42.577  -37.471  37.452 0.0000000000
49288  42.720  -38.240  37.074 0.0000000000
49297  42.798  -38.286  36.355 0.0000000000
41310  33.623  -45.723  42.740 0.0000000000
41311  33.006  -46.097  42.410 0.0000000000
41319  33.523  -45.589  42.047 0.0000000000
43184  36.174  -43.191  41.069 0.0000000000
44210  36.312  -42.654  40.352 0.0000000000
45242  37.163  -41.884  40.717 0.0000000000
44203  37.513  -42.208  41.798 0.0000000000
43153  38.194  -43.487  42.780 0.0000000000
43169  39.027  -43.406  42.449 0.0000000000
43168  39.643  -43.012  41.904 0.0000000000
41317  39.737  -44.836  41.070 0.0000000000
64658  51.725  -21.496  19.494 0.0000000000
59797  48.731  -26.260  25.758 0.0000000000
59810  48.466  -25.867  24.914 0.0000000000
62619  49.731  -23.108  25.438 0.0000000000
62643  48.861  -22.841  23.927 0.0000000000
63639  49.169  -22.341  24.091 0.0000000000
64615  49.056  -21.809  23.623 0.0000000000
64606  50.216  -21.269  24.720 0.0000000000
63626  50.491  -21.878  25.209 0.0000000000
62616  52.045  -22.909  25.412 0.0000000000
63614  51.832  -22.349  25.366 0.0000000000
62627  52.446  -23.188  25.052 0.0000000000
61669  52.408  -24.288  24.912 0.0000000000
59786  51.778  -26.501  25.768 0.0000000000
59795  52.012  -26.424  25.089 0.0000000000
58823  51.703  -27.496  24.277 0.0000000000
59809  51.922  -26.447  24.488 0.0000000000
51077  39.930  -35.865  38.625 0.0000000000
50178  39.574  -36.697  38.507 0.0000000000
55633  40.631  -30.870  34.318 0.0000000000
56612  42.495  -30.231  34.052 0.0000000000
56637  42.144  -30.139  33.453 0.0000000000
56658  43.815  -29.620  32.652 0.0000000000
55631  44.586  -30.275  34.052 0.0000000000
55630  45.203  -30.550  33.944 0.0000000000
56608  45.816  -30.142  33.610 0.0000000000
52888  45.204  -32.767  32.872 0.0000000000
53785  44.945  -31.872  33.705 0.0000000000
53796  45.563  -32.076  33.302 0.0000000000
54675  45.957  -31.618  33.364 0.0000000000
53805  46.701  -32.557  32.452 0.0000000000
52900  46.506  -33.165  32.211 0.0000000000
52023  46.449  -34.192  31.110 0.0000000000
49306  42.707  -37.662  35.598 0.0000000000
49314  42.578  -37.392  34.429 0.0000000000
37702  27.094  -49.398  43.898 0.0000000000
36731  27.736  -49.755  44.008 0.0000000000
35720  28.030  -50.341  43.736 0.0000000000
36752  27.559  -50.087  43.854 0.0000000000
57638  44.990  -29.100  31.233 0.0000000000
38610  34.435  -47.860  43.829 0.0000000000
39494  34.514  -47.441  43.807 0.0000000000
38632  34.698  -48.359  43.330 0.0000000000
38631  35.632  -47.879  43.231 0.0000000000
65554  50.903  -19.919  23.957 0.0000000000
58771  51.090  -27.523  27.146 0.0000000000
56734  51.420  -29.042  26.126 0.0000000000
51060  41.879  -36.407  38.482 0.0000000000
51061  41.570  -36.141  38.564 0.0000000000
52841  41.647  -34.326  37.348 0.0000000000
39498  29.330  -48.438  43.688 0.0000000000
38596  30.165  -48.870  44.216 0.0000000000
38595  30.982  -48.571  44.145 0.0000000000
37697  31.541  -48.756  44.053 0.0000000000
37718  31.310  -49.191  44.008 0.0000000000
57676  46.360  -28.739  28.485 0.0000000000
57654  47.609  -28.229  28.941 0.0000000000
58722  48.994  -28.752  30.157 0.0000000000
56676  47.591  -29.721  31.694 0.0000000000
55672  47.638  -30.608  31.732 0.0000000000
54703  47.842  -31.229  31.405 0.0000000000
53825  47.762  -31.975  31.135 0.0000000000
52917  47.595  -32.635  31.427 0.0000000000
45224  38.975  -41.865  41.997 0.0000000000
45232  39.394  -41.663  41.606 0.0000000000
45231  40.124  -41.400  41.072 0.0000000000
45230  40.635  -41.050  40.579 0.0000000000
46328  42.350  -40.563  38.563 0.0000000000
47348  42.415  -39.551  38.392 0.0000000000
47357  42.701  -39.481  37.369 0.0000000000
42129  34.948  -45.383  43.259 0.0000000000
42152  34.064  -45.270  42.519 0.0000000000
42151  34.803  -44.715  42.361 0.0000000000
43186  35.209  -44.241  41.874 0.0000000000
43185  35.697  -43.751  41.497 0.0000000000
44196  37.071  -43.116  42.590 0.0000000000
44180  37.605  -43.242  42.764 0.0000000000
65586  52.652  -19.809  20.152 0.0000000000
63653  52.488  -22.185  23.629 0.0000000000
60721  49.753  -25.285  26.510 0.0000000000
60727  49.167  -25.168  25.920 0.0000000000
63616  50.310  -22.506  25.498 0.0000000000
63615  51.100  -22.304  25.561 0.0000000000
57720  51.948  -28.326  25.035 0.0000000000
57735  51.815  -28.409  24.405 0.0000000000
47343  38.524  -39.357  39.124 0.0000000000
51102  38.951  -35.377  37.047 0.0000000000
51113  38.816  -35.275  36.195 0.0000000000
54646  40.844  -31.652  35.542 0.0000000000
55619  40.765  -31.063  35.052 0.0000000000
55632  41.358  -30.667  34.511 0.0000000000
56614  40.956  -30.500  33.752 0.0000000000
56611  43.459  -30.059  33.949 0.0000000000
55615  44.308  -30.778  34.315 0.0000000000
52877  43.920  -32.762  33.753 0.0000000000
52901  45.687  -33.271  32.331 0.0000000000
38616  27.804  -48.882  43.844 0.0000000000
37720  29.763  -49.763  44.210 0.0000000000
36769  30.275  -50.334  43.643 0.0000000000
35734  30.285  -50.634  43.251 0.0000000000
36770  29.585  -50.467  43.663 0.0000000000
35735  29.547  -50.788  43.215 0.0000000000
35736  28.492  -50.693  43.309 0.0000000000
57656  45.783  -28.868  29.340 0.0000000000
57620  47.029  -28.949  31.550 0.0000000000
57603  46.960  -29.542  32.169 0.0000000000
57590  46.707  -29.764  32.649 0.0000000000
55651  46.468  -30.604  33.162 0.0000000000
43191  41.014  -43.242  40.158 0.0000000000
40446  32.380  -46.524  42.824 0.0000000000
41293  33.560  -46.439  43.442 0.0000000000
41292  34.181  -46.219  43.500 0.0000000000
39482  34.534  -47.156  43.772 0.0000000000
40435  34.390  -46.606  43.657 0.0000000000
41291  34.857  -45.930  43.528 0.0000000000
42127  36.176  -45.248  43.310 0.0000000000
42126  36.642  -45.384  43.285 0.0000000000
41299  37.190  -45.571  43.098 0.0000000000
40443  37.668  -46.062  42.600 0.0000000000
39528  37.795  -47.090  41.837 0.0000000000
66425  52.191  -20.279  22.695 0.0000000000
66414  52.249  -20.456  23.177 0.0000000000
65552  52.284  -20.792  23.576 0.0000000000
66406  51.895  -20.167  24.057 0.0000000000
65553  52.119  -20.444  23.804 0.0000000000
64613  52.384  -21.564  23.883 0.0000000000
62641  52.531  -23.444  24.351 0.0000000000
58796  48.445  -27.028  26.477 0.0000000000
59789  49.351  -25.954  26.686 0.0000000000
60713  49.730  -25.908  26.859 0.0000000000
60719  51.284  -25.241  26.322 0.0000000000
55810  51.789  -29.762  23.993 0.0000000000
49250  40.588  -37.850  39.577 0.0000000000
50149  40.511  -37.314  39.316 0.0000000000
51063  40.441  -36.178  38.951 0.0000000000
51942  40.766  -35.319  38.417 0.0000000000
51954  40.244  -35.069  38.204 0.0000000000
51955  39.767  -35.359  38.114 0.0000000000
51967  39.666  -34.790  37.527 0.0000000000
52854  39.675  -34.217  36.938 0.0000000000
52871  39.726  -33.400  35.069 0.0000000000
53764  40.850  -32.696  36.346 0.0000000000
53751  41.364  -33.106  36.647 0.0000000000
54629  41.355  -32.094  35.922 0.0000000000
54628  41.820  -32.169  35.748 0.0000000000
54644  42.409  -31.865  35.186 0.0000000000
53788  42.821  -32.936  34.727 0.0000000000
52878  43.197  -33.175  34.184 0.0000000000
51996  43.186  -34.173  32.998 0.0000000000
40459  31.166  -47.012  42.569 0.0000000000
39532  30.267  -47.544  42.671 0.0000000000
39531  30.797  -47.239  42.771 0.0000000000
40447  31.642  -47.019  43.148 0.0000000000
40438  31.875  -47.248  43.514 0.0000000000
40427  32.691  -47.420  43.855 0.0000000000
39484  33.236  -47.754  44.019 0.0000000000
37696  32.105  -48.536  43.965 0.0000000000
38612  32.886  -48.470  43.852 0.0000000000
38611  33.460  -48.258  43.888 0.0000000000
59772  49.197  -27.121  28.106 0.0000000000
56716  50.700  -29.091  27.941 0.0000000000
56717  50.354  -29.292  28.323 0.0000000000
56692  48.486  -29.424  30.834 0.0000000000
56675  48.062  -29.903  31.327 0.0000000000
56674  48.448  -29.939  30.978 0.0000000000
56691  48.732  -29.793  30.709 0.0000000000
46321  37.263  -40.516  39.317 0.0000000000
47339  38.337  -40.195  40.379 0.0000000000
46308  38.817  -40.750  41.069 0.0000000000
47338  38.955  -39.740  40.311 0.0000000000
48293  39.615  -38.937  39.942 0.0000000000
48292  40.185  -38.615  39.895 0.0000000000
48291  40.813  -38.557  39.848 0.0000000000
49249  41.102  -37.677  39.515 0.0000000000
49263  41.421  -37.516  39.217 0.0000000000
49262  41.821  -37.530  38.888 0.0000000000
48315  42.198  -38.468  38.643 0.0000000000
50177  42.062  -36.791  38.409 0.0000000000
50193  42.369  -36.644  37.804 0.0000000000
50203  42.629  -36.491  37.041 0.0000000000
48337  42.895  -38.550  35.452 0.0000000000
48336  42.954  -39.022  35.944 0.0000000000
48345  43.184  -39.147  35.009 0.0000000000
40457  32.337  -46.396  41.987 0.0000000000
42168  34.104  -45.107  41.704 0.0000000000
45241  37.623  -41.425  40.840 0.0000000000
45234  37.909  -41.752  41.569 0.0000000000
44195  37.714  -42.539  42.326 0.0000000000
45226  38.167  -42.202  42.245 0.0000000000
45225  38.574  -42.023  42.144 0.0000000000
44193  39.200  -42.403  42.145 0.0000000000
43183  40.130  -43.432  41.336 0.0000000000
42135  38.106  -44.648  42.926 0.0000000000
42148  38.960  -44.597  42.237 0.0000000000
41308  38.921  -45.290  41.905 0.0000000000
42165  39.499  -44.538  41.627 0.0000000000
37704  25.136  -49.325  43.606 0.0000000000
64667  52.558  -20.936  18.665 0.0000000000
64590  51.591  -21.850  25.228 0.0000000000
63625  51.905  -21.978  25.148 0.0000000000
63624  52.144  -22.260  25.077 0.0000000000
61645  51.620  -24.558  26.050 0.0000000000
60754  52.061  -25.488  23.940 0.0000000000
59825  51.194  -26.591  23.409 0.0000000000
55687  42.964  -30.747  31.085 0.0000000000
49277  39.426  -37.227  38.489 0.0000000000
50179  39.256  -36.968  38.231 0.0000000000
56638  41.256  -30.329  33.324 0.0000000000
56679  42.430  -30.466  31.944 0.0000000000
56610  44.386  -29.923  33.823 0.0000000000
54643  43.610  -31.444  34.543 0.0000000000
54642  44.592  -31.277  34.184 0.0000000000
53786  44.308  -32.127  33.927 0.0000000000
54660  44.660  -31.642  33.987 0.0000000000
54641  45.019  -31.165  34.079 0.0000000000
54674  46.341  -31.182  33.233 0.0000000000
53794  46.691  -31.603  32.759 0.0000000000
53804  47.128  -31.988  32.336 0.0000000000
52918  47.354  -33.188  31.521 0.0000000000
52919  46.862  -33.555  31.640 0.0000000000
52022  47.132  -33.958  30.982 0.0000000000
50217  42.195  -35.927  34.255 0.0000000000
49322  42.689  -37.315  33.458 0.0000000000
50225  42.272  -36.434  33.890 0.0000000000
51133  42.280  -35.542  33.900 0.0000000000
51132  42.356  -35.515  33.454 0.0000000000
36747  31.664  -49.314  43.785 0.0000000000
36750  29.653  -50.140  44.007 0.0000000000
37733  33.429  -48.920  43.202 0.0000000000
38591  34.004  -47.749  43.961 0.0000000000
38593  32.750  -48.231  43.988 0.0000000000
39483  33.965  -47.529  43.929 0.0000000000
39487  30.825  -48.356  44.074 0.0000000000
39492  35.944  -47.071  43.432 0.0000000000
39493  35.203  -47.287  43.652 0.0000000000
39495  32.400  -47.459  43.799 0.0000000000
39529  37.327  -47.287  42.175 0.0000000000
40424  34.507  -46.899  43.722 0.0000000000
40432  36.541  -46.165  43.271 0.0000000000
40448  31.101  -47.141  42.996 0.0000000000
40455  38.046  -46.575  42.026 0.0000000000
41288  36.663  -45.724  43.277 0.0000000000
41300  34.501  -45.717  43.351 0.0000000000
41301  33.947  -45.839  43.204 0.0000000000
41327  39.792  -44.841  40.817 0.0000000000
42139  34.517  -45.285  43.018 0.0000000000
42149  38.539  -44.901  42.539 0.0000000000
42150  35.285  -44.419  42.632 0.0000000000
42164  39.939  -44.413  41.139 0.0000000000
43152  38.617  -43.508  42.654 0.0000000000
43170  38.575  -43.269  42.633 0.0000000000
44192  39.612  -42.524  41.849 0.0000000000
46305  40.627  -40.565  40.435 0.0000000000
47326  40.070  -39.937  40.428 0.0000000000
47347  42.594  -39.675  37.880 0.0000000000
48321  42.672  -38.806  37.260 0.0000000000
49248  41.506  -37.996  39.317 0.0000000000
49278  39.135  -37.671  38.216 0.0000000000
50148  40.787  -37.335  39.383 0.0000000000
50194  39.248  -36.563  38.120 0.0000000000
50226  42.191  -35.818  33.912 0.0000000000
51075  41.666  -35.563  38.093 0.0000000000
51123  42.247  -35.656  34.115 0.0000000000
52831  40.654  -34.991  38.105 0.0000000000
53817  47.528  -31.930  31.734 0.0000000000
54658  45.949  -31.031  33.608 0.0000000000
54673  46.861  -31.302  32.609 0.0000000000
54709  48.663  -30.734  30.494 0.0000000000
55699  48.498  -30.518  30.834 0.0000000000
55791  51.701  -29.453  25.170 0.0000000000
56597  41.612  -30.621  34.556 0.0000000000
56631  46.882  -30.200  32.610 0.0000000000
56656  46.887  -29.857  32.530 0.0000000000
56741  51.610  -29.334  25.436 0.0000000000
62611  50.573  -23.697  26.204 0.0000000000
64589  51.778  -21.862  25.150 0.0000000000
66405  52.035  -20.253  23.954 0.0000000000
