#!ascii label  , from subject msSRGRS20160210 vox2ras=TkReg
1823
57829  50.472  -29.099  19.705 0.0000000000
44267  37.768  -43.034  35.519 0.0000000000
36856  28.608  -50.879  33.065 0.0000000000
34839  20.633  -52.741  37.513 0.0000000000
37751  34.779  -49.377  41.386 0.0000000000
36849  40.721  -50.210  33.396 0.0000000000
55911  42.199  -30.589  17.006 0.0000000000
64683  51.066  -21.960  17.656 0.0000000000
52068  46.098  -34.747  27.261 0.0000000000
48407  38.022  -38.466  27.124 0.0000000000
41488  35.476  -45.035  24.268 0.0000000000
35785  28.114  -51.815  40.233 0.0000000000
35860  24.751  -51.630  35.302 0.0000000000
34776  24.073  -51.054  41.418 0.0000000000
36817  32.393  -50.462  37.537 0.0000000000
55735  48.736  -31.025  28.922 0.0000000000
43182  40.639  -42.911  40.817 0.0000000000
45276  42.597  -41.554  36.598 0.0000000000
46407  43.625  -40.581  30.693 0.0000000000
45351  38.374  -40.924  31.341 0.0000000000
45401  35.090  -41.885  26.525 0.0000000000
42355  35.713  -44.817  29.287 0.0000000000
33930  37.670  -53.893  35.796 0.0000000000
35957  36.279  -51.386  29.693 0.0000000000
60789  48.250  -25.447  20.524 0.0000000000
61773  45.997  -24.306  16.139 0.0000000000
33967  32.307  -53.810  31.934 0.0000000000
33136  27.815  -54.341  31.649 0.0000000000
40496  37.201  -46.240  38.941 0.0000000000
40562  35.674  -45.906  33.702 0.0000000000
39676  34.534  -47.961  34.775 0.0000000000
38760  33.685  -48.760  30.821 0.0000000000
55907  46.493  -30.740  17.623 0.0000000000
34770  20.377  -52.840  43.671 0.0000000000
31284  19.028  -56.496  39.985 0.0000000000
61684  51.979  -24.573  23.384 0.0000000000
55820  51.255  -30.368  22.621 0.0000000000
54843  47.423  -31.201  23.432 0.0000000000
54847  43.273  -32.307  23.273 0.0000000000
51263  41.433  -35.292  21.729 0.0000000000
52026  43.818  -34.752  31.787 0.0000000000
49376  42.695  -37.039  26.719 0.0000000000
50347  36.453  -36.206  22.291 0.0000000000
47513  33.257  -39.449  22.978 0.0000000000
39723  38.835  -47.585  28.021 0.0000000000
35737  27.403  -50.735  42.950 0.0000000000
34786  26.398  -51.704  40.723 0.0000000000
35723  25.443  -50.254  43.128 0.0000000000
35752  29.419  -51.095  42.487 0.0000000000
43218  40.502  -43.817  38.770 0.0000000000
44251  40.649  -42.626  36.777 0.0000000000
45310  41.084  -41.250  33.699 0.0000000000
44303  37.861  -42.239  33.010 0.0000000000
44326  36.559  -42.433  30.555 0.0000000000
43327  35.798  -43.802  32.306 0.0000000000
32208  36.603  -55.547  35.463 0.0000000000
33111  37.330  -54.558  32.589 0.0000000000
57791  48.700  -28.345  21.204 0.0000000000
58894  46.756  -27.284  19.449 0.0000000000
57839  49.541  -28.166  18.703 0.0000000000
35962  29.645  -50.963  29.249 0.0000000000
33134  29.891  -54.291  31.541 0.0000000000
35965  26.537  -51.276  29.904 0.0000000000
35826  22.858  -51.748  36.778 0.0000000000
34907  22.867  -52.828  32.995 0.0000000000
33087  21.821  -54.022  34.896 0.0000000000
32199  22.187  -55.792  36.314 0.0000000000
40455  38.046  -46.575  42.026 0.0000000000
38674  36.595  -48.148  40.253 0.0000000000
39623  35.234  -47.306  38.397 0.0000000000
38683  34.704  -48.543  38.687 0.0000000000
35871  30.590  -50.761  34.601 0.0000000000
37807  32.250  -49.607  33.455 0.0000000000
37831  30.719  -49.386  31.457 0.0000000000
35945  32.959  -51.319  30.597 0.0000000000
55908  45.346  -30.661  17.450 0.0000000000
55924  45.833  -30.641  15.500 0.0000000000
55003  44.291  -31.899  13.863 0.0000000000
29154  17.667  -58.460  41.361 0.0000000000
54865  49.855  -31.623  22.229 0.0000000000
54796  50.086  -30.715  25.402 0.0000000000
53844  46.701  -32.931  28.888 0.0000000000
54800  45.787  -31.503  25.605 0.0000000000
53884  44.587  -33.216  25.557 0.0000000000
52118  42.556  -34.387  22.215 0.0000000000
52100  43.797  -34.691  24.342 0.0000000000
47440  41.106  -39.435  29.239 0.0000000000
47455  43.309  -39.589  28.819 0.0000000000
48405  40.177  -38.277  27.354 0.0000000000
50312  39.835  -36.684  25.281 0.0000000000
49402  37.211  -37.694  25.173 0.0000000000
49423  34.997  -37.365  22.930 0.0000000000
48440  35.518  -38.903  25.438 0.0000000000
44393  34.636  -42.521  23.986 0.0000000000
40574  40.033  -47.338  32.790 0.0000000000
40610  39.724  -46.369  30.056 0.0000000000
38756  40.603  -48.585  30.653 0.0000000000
38786  34.313  -49.360  28.211 0.0000000000
64731  51.856  -21.636  14.800 0.0000000000
64733  49.962  -22.013  15.248 0.0000000000
35840  28.371  -51.520  36.348 0.0000000000
35893  26.316  -51.259  33.319 0.0000000000
35822  26.783  -51.849  37.316 0.0000000000
34835  24.443  -51.778  38.673 0.0000000000
34820  22.604  -51.855  39.349 0.0000000000
36779  33.122  -49.581  42.116 0.0000000000
36802  33.111  -50.341  39.464 0.0000000000
35781  32.059  -50.576  40.966 0.0000000000
35806  30.094  -51.337  38.548 0.0000000000
55733  50.083  -30.080  28.031 0.0000000000
52928  47.534  -33.255  30.769 0.0000000000
46364  43.624  -40.711  34.151 0.0000000000
46395  41.637  -40.495  31.551 0.0000000000
47443  37.809  -39.580  29.197 0.0000000000
47475  35.930  -39.597  27.526 0.0000000000
45374  36.007  -41.267  28.782 0.0000000000
43381  35.871  -43.553  27.266 0.0000000000
41471  38.024  -44.992  25.869 0.0000000000
34878  38.894  -52.423  35.526 0.0000000000
35939  39.277  -50.994  31.060 0.0000000000
34901  38.167  -53.011  32.083 0.0000000000
62698  49.299  -23.301  19.208 0.0000000000
62722  48.043  -23.152  17.203 0.0000000000
61741  47.003  -25.028  18.774 0.0000000000
34925  24.597  -52.346  31.262 0.0000000000
41340  39.457  -45.196  40.061 0.0000000000
43241  37.858  -44.258  37.580 0.0000000000
42298  35.526  -44.461  34.267 0.0000000000
42253  35.615  -45.259  37.042 0.0000000000
40545  35.487  -46.571  34.532 0.0000000000
38725  37.219  -48.327  33.147 0.0000000000
37786  33.063  -49.596  36.373 0.0000000000
38728  34.440  -48.727  33.439 0.0000000000
37827  37.708  -49.746  31.796 0.0000000000
35905  35.855  -51.956  32.717 0.0000000000
33952  34.744  -53.589  33.414 0.0000000000
55889  49.649  -30.144  18.752 0.0000000000
56836  49.979  -28.821  17.766 0.0000000000
56847  47.779  -29.893  16.043 0.0000000000
34768  21.908  -51.796  42.713 0.0000000000
33886  20.876  -52.859  41.264 0.0000000000
32167  19.551  -54.861  42.423 0.0000000000
32185  19.803  -55.356  38.650 0.0000000000
63667  51.017  -22.833  21.368 0.0000000000
61703  50.398  -24.496  21.848 0.0000000000
57770  50.324  -28.523  22.681 0.0000000000
55846  51.114  -30.214  20.877 0.0000000000
54940  49.545  -31.168  19.986 0.0000000000
54943  46.593  -31.318  19.797 0.0000000000
55850  44.901  -30.956  20.413 0.0000000000
54798  47.839  -30.973  25.268 0.0000000000
54845  45.064  -31.378  23.683 0.0000000000
54922  42.508  -31.220  20.744 0.0000000000
53034  41.102  -33.211  19.576 0.0000000000
52136  40.592  -34.304  19.410 0.0000000000
51184  46.306  -35.577  29.355 0.0000000000
49337  43.300  -37.483  31.362 0.0000000000
49350  44.902  -37.372  29.074 0.0000000000
50287  44.282  -36.035  26.380 0.0000000000
50327  42.167  -35.633  24.201 0.0000000000
51257  38.940  -35.865  22.091 0.0000000000
46482  34.277  -40.610  24.663 0.0000000000
41418  36.130  -45.910  30.751 0.0000000000
41451  39.556  -45.451  27.486 0.0000000000
40634  37.164  -46.344  26.114 0.0000000000
38771  37.495  -49.068  28.966 0.0000000000
39738  35.418  -47.758  27.277 0.0000000000
35738  26.341  -50.643  42.720 0.0000000000
36754  25.664  -50.000  43.459 0.0000000000
43257  39.605  -43.178  37.118 0.0000000000
43238  40.535  -43.171  37.657 0.0000000000
44252  39.642  -42.810  36.552 0.0000000000
44278  39.914  -41.848  34.768 0.0000000000
44280  37.595  -42.784  34.762 0.0000000000
44304  37.024  -42.636  32.475 0.0000000000
44281  36.891  -43.008  34.183 0.0000000000
57812  50.094  -28.978  20.468 0.0000000000
57813  48.830  -28.507  20.337 0.0000000000
57830  49.767  -28.616  19.543 0.0000000000
36903  28.537  -50.246  30.656 0.0000000000
35963  28.497  -51.088  29.274 0.0000000000
36904  27.596  -50.544  30.578 0.0000000000
34854  21.335  -52.218  36.914 0.0000000000
35848  21.600  -52.274  35.785 0.0000000000
33924  20.847  -53.455  36.106 0.0000000000
32217  21.844  -55.158  35.948 0.0000000000
32201  20.768  -54.696  36.736 0.0000000000
38632  34.698  -48.359  43.330 0.0000000000
38644  35.957  -48.398  42.281 0.0000000000
38655  36.600  -48.219  41.666 0.0000000000
37749  36.173  -48.648  41.032 0.0000000000
38676  35.265  -48.676  39.376 0.0000000000
37766  34.771  -49.217  39.480 0.0000000000
36855  29.498  -50.704  33.392 0.0000000000
36854  30.506  -50.284  33.263 0.0000000000
36882  29.513  -50.047  31.589 0.0000000000
37867  29.815  -49.763  30.093 0.0000000000
55909  44.196  -30.528  17.323 0.0000000000
55926  44.305  -30.706  15.369 0.0000000000
55927  43.217  -30.667  15.644 0.0000000000
56734  51.420  -29.042  26.126 0.0000000000
54775  50.779  -30.018  25.887 0.0000000000
55757  50.796  -29.681  26.595 0.0000000000
52949  46.599  -33.774  28.431 0.0000000000
53874  45.295  -33.133  26.593 0.0000000000
52976  45.326  -33.762  26.237 0.0000000000
52997  44.010  -34.100  24.261 0.0000000000
52088  45.094  -34.666  25.907 0.0000000000
47472  39.640  -38.724  28.020 0.0000000000
47471  40.863  -38.726  28.015 0.0000000000
48406  39.108  -38.363  27.179 0.0000000000
49380  39.222  -37.601  26.162 0.0000000000
48438  37.572  -37.892  25.740 0.0000000000
48439  36.439  -38.241  25.331 0.0000000000
48423  37.227  -38.357  26.366 0.0000000000
38721  41.012  -48.381  33.085 0.0000000000
39711  41.116  -48.081  31.495 0.0000000000
37813  41.169  -49.723  32.196 0.0000000000
64714  50.747  -21.888  15.923 0.0000000000
64696  50.382  -22.114  16.767 0.0000000000
35820  28.828  -51.610  37.357 0.0000000000
35821  27.822  -51.752  37.272 0.0000000000
34831  27.777  -51.933  39.121 0.0000000000
35773  25.328  -51.093  41.277 0.0000000000
34817  25.713  -51.883  39.508 0.0000000000
34803  24.150  -51.537  40.220 0.0000000000
34819  23.743  -51.653  39.443 0.0000000000
34789  23.572  -51.484  40.979 0.0000000000
36781  31.682  -50.094  42.956 0.0000000000
35766  32.084  -50.222  41.855 0.0000000000
35750  31.180  -50.507  42.756 0.0000000000
35784  29.253  -51.479  40.453 0.0000000000
35796  30.193  -51.242  39.591 0.0000000000
35797  29.221  -51.586  39.399 0.0000000000
35819  29.887  -51.345  37.458 0.0000000000
45254  42.396  -41.391  38.217 0.0000000000
46327  42.637  -40.318  37.862 0.0000000000
46337  42.886  -40.394  37.022 0.0000000000
47377  43.286  -39.865  35.555 0.0000000000
45275  42.988  -41.256  35.860 0.0000000000
45338  39.019  -40.992  32.253 0.0000000000
45323  41.339  -41.012  32.958 0.0000000000
46397  39.159  -40.483  31.379 0.0000000000
46411  39.814  -39.933  30.838 0.0000000000
46412  38.551  -40.413  30.679 0.0000000000
46429  37.219  -40.496  29.575 0.0000000000
45363  37.182  -41.220  29.963 0.0000000000
43362  35.555  -43.594  29.148 0.0000000000
44337  35.724  -42.568  29.070 0.0000000000
42373  35.839  -43.958  27.756 0.0000000000
43391  37.248  -44.103  26.229 0.0000000000
42371  37.770  -44.607  27.193 0.0000000000
33929  38.349  -53.540  35.909 0.0000000000
33947  40.021  -53.186  34.773 0.0000000000
33089  39.110  -54.232  34.929 0.0000000000
61726  49.050  -24.061  19.877 0.0000000000
61739  48.185  -24.212  18.917 0.0000000000
61728  47.865  -24.962  19.544 0.0000000000
58906  46.306  -27.267  18.459 0.0000000000
33094  33.596  -54.382  33.047 0.0000000000
32260  32.089  -54.811  32.594 0.0000000000
35876  26.052  -51.463  34.353 0.0000000000
35909  25.440  -51.291  32.453 0.0000000000
35895  24.386  -51.532  33.560 0.0000000000
33100  24.217  -54.841  33.886 0.0000000000
33121  24.373  -54.167  32.658 0.0000000000
40475  38.314  -46.655  40.716 0.0000000000
40464  38.999  -45.984  41.089 0.0000000000
40487  38.566  -46.051  40.108 0.0000000000
41349  39.238  -45.107  39.516 0.0000000000
41361  37.234  -45.423  38.303 0.0000000000
42252  36.193  -45.039  37.307 0.0000000000
41362  36.529  -45.612  38.017 0.0000000000
39642  34.078  -47.601  36.981 0.0000000000
40519  34.477  -46.768  36.615 0.0000000000
40546  34.799  -47.260  34.978 0.0000000000
39674  36.334  -47.551  34.286 0.0000000000
38715  35.963  -48.314  34.139 0.0000000000
36810  32.516  -50.528  38.594 0.0000000000
37773  33.606  -49.724  38.146 0.0000000000
36816  32.847  -50.071  36.968 0.0000000000
38751  32.856  -48.566  31.641 0.0000000000
38738  33.480  -48.717  32.595 0.0000000000
38749  34.593  -48.507  31.457 0.0000000000
38736  35.490  -48.449  32.308 0.0000000000
37829  35.979  -49.593  31.196 0.0000000000
35921  36.928  -51.142  32.504 0.0000000000
36881  35.126  -50.733  31.280 0.0000000000
34923  32.888  -52.490  31.305 0.0000000000
34922  33.910  -52.586  32.045 0.0000000000
33965  33.645  -53.499  32.555 0.0000000000
55891  47.992  -30.953  18.595 0.0000000000
56838  48.243  -29.972  17.314 0.0000000000
55915  47.223  -30.364  16.773 0.0000000000
55948  46.841  -30.539  13.927 0.0000000000
34769  20.984  -52.360  43.200 0.0000000000
34791  21.460  -52.303  41.440 0.0000000000
33871  20.729  -52.908  42.628 0.0000000000
31274  18.498  -56.739  41.566 0.0000000000
32175  19.487  -55.569  40.649 0.0000000000
33041  19.894  -54.807  40.273 0.0000000000
31294  19.497  -56.279  38.872 0.0000000000
31293  20.292  -56.204  37.992 0.0000000000
30287  19.846  -56.943  38.420 0.0000000000
64649  51.741  -21.470  20.574 0.0000000000
62665  51.697  -23.153  22.393 0.0000000000
61694  51.447  -24.593  22.794 0.0000000000
59840  49.851  -26.616  22.559 0.0000000000
59825  51.194  -26.591  23.409 0.0000000000
56764  51.499  -29.693  23.014 0.0000000000
56765  51.211  -29.434  22.673 0.0000000000
55832  51.201  -30.320  21.859 0.0000000000
55848  50.399  -30.705  20.189 0.0000000000
54889  50.672  -31.194  21.296 0.0000000000
54866  48.898  -31.613  22.355 0.0000000000
54892  48.213  -31.622  21.519 0.0000000000
54893  47.137  -31.311  21.487 0.0000000000
55869  45.931  -31.152  19.689 0.0000000000
54894  45.844  -31.085  21.467 0.0000000000
55734  49.385  -30.552  28.524 0.0000000000
55778  49.003  -30.661  26.881 0.0000000000
55779  47.975  -30.851  26.827 0.0000000000
54823  44.879  -31.655  24.719 0.0000000000
54822  45.948  -31.297  24.589 0.0000000000
54870  44.236  -31.375  22.704 0.0000000000
54896  43.499  -31.187  21.553 0.0000000000
54897  42.579  -31.815  21.732 0.0000000000
53926  41.584  -32.085  20.168 0.0000000000
53917  42.448  -32.656  21.729 0.0000000000
51262  42.105  -34.850  22.033 0.0000000000
52126  41.665  -34.360  20.716 0.0000000000
51274  41.085  -35.129  20.802 0.0000000000
51275  40.107  -35.310  20.593 0.0000000000
51157  45.429  -35.055  30.498 0.0000000000
47406  44.239  -39.681  32.959 0.0000000000
49321  43.281  -38.082  33.130 0.0000000000
48370  44.248  -39.280  31.834 0.0000000000
48403  42.508  -38.398  27.675 0.0000000000
48392  44.413  -38.448  28.687 0.0000000000
49365  43.928  -37.694  27.525 0.0000000000
49364  44.760  -37.366  27.833 0.0000000000
49375  43.619  -36.966  26.890 0.0000000000
50309  42.838  -35.672  25.130 0.0000000000
50289  42.291  -36.429  25.969 0.0000000000
50339  38.293  -36.437  23.597 0.0000000000
50338  39.517  -36.152  23.443 0.0000000000
51258  37.954  -35.825  22.081 0.0000000000
51266  38.373  -35.519  21.275 0.0000000000
50351  36.281  -35.920  21.448 0.0000000000
50352  35.502  -36.205  21.239 0.0000000000
48452  33.999  -38.464  23.196 0.0000000000
49425  33.708  -37.718  21.989 0.0000000000
46454  35.207  -40.739  27.304 0.0000000000
47490  35.102  -39.669  26.272 0.0000000000
46475  34.691  -41.080  25.783 0.0000000000
44403  33.862  -42.660  22.962 0.0000000000
41397  35.452  -45.098  33.392 0.0000000000
41408  35.539  -45.239  32.294 0.0000000000
41396  35.960  -45.877  32.818 0.0000000000
39721  40.417  -46.803  28.898 0.0000000000
41437  39.475  -45.885  29.117 0.0000000000
39734  39.721  -46.567  27.603 0.0000000000
40632  38.951  -45.945  26.601 0.0000000000
39751  37.935  -46.726  26.696 0.0000000000
35955  37.773  -51.121  30.262 0.0000000000
36913  38.594  -50.290  30.194 0.0000000000
37863  36.798  -49.821  29.211 0.0000000000
38798  35.090  -48.466  27.839 0.0000000000
39754  34.604  -47.283  26.707 0.0000000000
62724  46.608  -23.805  16.329 0.0000000000
63727  47.729  -22.961  15.834 0.0000000000
57852  49.983  -28.519  17.355 0.0000000000
35770  28.250  -51.523  41.336 0.0000000000
34799  27.499  -51.952  40.127 0.0000000000
35771  27.076  -51.605  41.140 0.0000000000
35755  26.137  -50.966  41.946 0.0000000000
35756  24.904  -50.819  41.796 0.0000000000
35753  28.364  -51.136  42.329 0.0000000000
42182  40.756  -43.937  39.988 0.0000000000
44216  41.370  -42.678  39.706 0.0000000000
43201  41.182  -43.369  39.308 0.0000000000
44225  41.657  -42.706  38.033 0.0000000000
44236  42.174  -42.072  36.984 0.0000000000
44262  42.385  -41.586  35.087 0.0000000000
44277  40.953  -41.713  34.972 0.0000000000
45312  39.274  -41.723  33.734 0.0000000000
44313  37.773  -41.959  32.084 0.0000000000
44325  37.424  -42.080  31.208 0.0000000000
44314  36.863  -42.564  31.544 0.0000000000
43354  36.150  -43.050  31.133 0.0000000000
42346  35.476  -44.572  30.675 0.0000000000
33070  37.289  -54.569  35.664 0.0000000000
32220  38.530  -54.901  35.579 0.0000000000
32238  37.770  -55.462  34.200 0.0000000000
59858  48.168  -26.456  21.156 0.0000000000
59872  47.434  -26.598  20.423 0.0000000000
58881  47.546  -27.766  20.203 0.0000000000
57832  47.980  -28.150  19.355 0.0000000000
34940  30.785  -52.417  30.073 0.0000000000
33132  31.260  -53.858  31.456 0.0000000000
34941  29.862  -52.595  29.813 0.0000000000
34000  28.607  -53.051  29.881 0.0000000000
34001  27.412  -52.991  29.882 0.0000000000
35845  23.418  -51.680  36.074 0.0000000000
35896  23.520  -51.783  33.589 0.0000000000
35863  22.370  -52.018  35.279 0.0000000000
33956  21.965  -53.122  34.139 0.0000000000
32197  24.544  -56.211  36.161 0.0000000000
39563  37.576  -47.499  40.919 0.0000000000
39584  36.795  -47.627  39.810 0.0000000000
40497  36.407  -46.601  38.710 0.0000000000
39604  35.809  -47.574  38.988 0.0000000000
39624  34.608  -47.637  37.967 0.0000000000
38690  33.928  -48.619  37.597 0.0000000000
36837  31.480  -50.730  35.621 0.0000000000
36836  32.216  -50.280  35.146 0.0000000000
36853  31.307  -50.100  33.622 0.0000000000
37818  31.627  -49.225  32.286 0.0000000000
37847  31.872  -48.954  30.612 0.0000000000
36900  33.825  -50.336  30.590 0.0000000000
36917  32.155  -50.108  29.827 0.0000000000
34952  31.707  -51.559  30.045 0.0000000000
55916  46.154  -30.601  16.521 0.0000000000
55917  44.983  -30.573  16.275 0.0000000000
55937  44.863  -30.798  15.015 0.0000000000
31266  18.039  -56.533  42.399 0.0000000000
30269  18.367  -57.610  40.383 0.0000000000
29171  19.730  -58.315  39.146 0.0000000000
28115  19.111  -58.705  39.852 0.0000000000
55804  51.524  -30.151  24.337 0.0000000000
54864  50.612  -31.349  22.069 0.0000000000
54817  51.058  -30.740  23.725 0.0000000000
54818  50.348  -31.078  24.089 0.0000000000
54819  49.347  -31.227  24.298 0.0000000000
54733  47.405  -31.875  28.951 0.0000000000
54758  47.276  -31.404  27.928 0.0000000000
54759  46.097  -31.901  27.545 0.0000000000
54801  44.890  -32.257  25.629 0.0000000000
53901  43.730  -32.743  24.262 0.0000000000
53911  42.677  -32.824  22.448 0.0000000000
53005  43.534  -33.913  23.534 0.0000000000
51252  42.938  -34.636  23.085 0.0000000000
51254  41.885  -35.324  22.547 0.0000000000
46424  42.768  -40.204  29.891 0.0000000000
47439  43.449  -39.910  29.373 0.0000000000
47456  42.389  -39.426  28.663 0.0000000000
47470  41.932  -38.883  28.074 0.0000000000
48419  41.018  -37.587  26.863 0.0000000000
49397  40.975  -36.870  26.080 0.0000000000
49379  39.946  -37.470  26.319 0.0000000000
49413  38.307  -37.070  25.071 0.0000000000
50332  37.400  -37.051  24.202 0.0000000000
50341  35.985  -36.972  23.123 0.0000000000
49419  36.385  -37.391  23.852 0.0000000000
48451  34.825  -38.087  23.579 0.0000000000
48449  34.308  -38.966  23.960 0.0000000000
43404  35.883  -43.156  25.361 0.0000000000
44385  35.016  -42.383  24.723 0.0000000000
43420  35.315  -43.520  24.166 0.0000000000
43421  34.586  -43.444  23.357 0.0000000000
42420  33.801  -44.027  21.998 0.0000000000
40576  37.947  -46.694  32.621 0.0000000000
40591  37.930  -46.556  31.584 0.0000000000
40600  40.491  -47.126  31.530 0.0000000000
39714  40.536  -47.381  29.639 0.0000000000
39715  40.180  -47.701  29.257 0.0000000000
36929  35.630  -50.423  29.110 0.0000000000
36931  34.060  -50.667  28.380 0.0000000000
64713  51.736  -21.685  15.805 0.0000000000
64732  50.860  -21.743  14.995 0.0000000000
63753  48.959  -22.242  14.591 0.0000000000
35856  28.836  -51.273  35.366 0.0000000000
35892  27.474  -51.126  33.204 0.0000000000
35857  27.778  -51.432  35.350 0.0000000000
35858  26.735  -51.539  35.329 0.0000000000
35842  26.289  -51.692  36.280 0.0000000000
34816  26.564  -51.996  39.513 0.0000000000
34849  26.029  -51.994  38.018 0.0000000000
35824  24.742  -51.836  37.030 0.0000000000
34851  24.114  -51.812  37.808 0.0000000000
34837  22.347  -51.906  38.354 0.0000000000
34821  21.532  -52.189  39.046 0.0000000000
36778  33.932  -49.501  41.733 0.0000000000
36795  34.035  -49.789  39.956 0.0000000000
36788  33.227  -49.807  41.346 0.0000000000
35793  32.726  -50.423  40.383 0.0000000000
35804  31.900  -50.807  39.065 0.0000000000
35768  30.340  -51.111  41.647 0.0000000000
35795  31.167  -50.989  39.790 0.0000000000
35837  31.612  -50.734  37.057 0.0000000000
35838  30.730  -51.037  36.377 0.0000000000
35855  29.884  -51.119  35.369 0.0000000000
55897  41.577  -30.862  17.650 0.0000000000
54972  41.900  -31.131  15.837 0.0000000000
53951  41.377  -32.281  15.870 0.0000000000
56717  50.354  -29.292  28.323 0.0000000000
54720  48.357  -31.415  30.017 0.0000000000
54721  47.803  -31.939  29.635 0.0000000000
53835  47.239  -33.355  29.491 0.0000000000
52947  47.232  -34.266  29.296 0.0000000000
47386  43.617  -39.918  34.452 0.0000000000
45306  43.826  -40.822  32.282 0.0000000000
45296  42.567  -41.397  34.299 0.0000000000
45321  42.909  -41.105  32.379 0.0000000000
46394  42.635  -40.683  31.239 0.0000000000
46426  40.586  -39.612  30.030 0.0000000000
47441  40.026  -39.292  29.371 0.0000000000
47460  38.520  -38.972  28.507 0.0000000000
48408  36.866  -38.894  27.269 0.0000000000
47461  37.328  -39.322  28.395 0.0000000000
46453  35.756  -40.337  27.951 0.0000000000
46444  35.451  -41.034  27.888 0.0000000000
44336  36.278  -42.230  29.777 0.0000000000
45365  35.750  -41.904  28.749 0.0000000000
44370  35.650  -42.841  26.485 0.0000000000
43403  36.363  -43.470  25.586 0.0000000000
42402  36.790  -44.266  25.094 0.0000000000
41473  36.568  -45.327  25.118 0.0000000000
35868  40.088  -51.105  34.736 0.0000000000
35885  40.861  -51.153  33.406 0.0000000000
34898  40.533  -51.918  33.356 0.0000000000
34918  38.433  -52.274  31.497 0.0000000000
35942  37.366  -51.953  30.502 0.0000000000
33963  37.655  -53.920  32.495 0.0000000000
34936  36.817  -52.577  30.498 0.0000000000
63698  50.325  -22.457  18.880 0.0000000000
63714  49.459  -22.575  17.676 0.0000000000
63700  48.929  -23.024  18.046 0.0000000000
62712  47.529  -23.773  17.663 0.0000000000
61751  45.985  -25.138  17.497 0.0000000000
60813  46.617  -25.680  18.921 0.0000000000
60823  45.874  -25.869  18.098 0.0000000000
35908  26.551  -51.004  32.166 0.0000000000
35948  25.727  -51.521  30.471 0.0000000000
33990  25.856  -53.593  31.126 0.0000000000
33992  23.642  -52.877  32.134 0.0000000000
33138  25.641  -54.104  31.899 0.0000000000
42183  40.270  -44.431  40.438 0.0000000000
42206  40.214  -44.423  39.631 0.0000000000
42249  38.918  -44.195  38.133 0.0000000000
43259  37.405  -43.982  36.908 0.0000000000
43293  36.582  -43.324  34.678 0.0000000000
43260  36.665  -44.063  36.444 0.0000000000
42285  35.562  -44.475  35.382 0.0000000000
41387  35.282  -45.336  34.441 0.0000000000
40518  34.764  -46.218  36.835 0.0000000000
41380  34.759  -46.111  35.595 0.0000000000
40543  37.440  -47.169  34.074 0.0000000000
39691  38.780  -47.866  33.388 0.0000000000
38723  39.274  -48.572  32.884 0.0000000000
36801  33.830  -49.786  38.975 0.0000000000
38691  33.653  -49.160  37.459 0.0000000000
38708  33.858  -48.401  35.255 0.0000000000
37794  32.877  -49.666  35.184 0.0000000000
38718  33.550  -49.086  34.719 0.0000000000
38717  34.239  -48.663  34.367 0.0000000000
38726  36.274  -48.403  33.261 0.0000000000
38734  37.472  -48.607  32.293 0.0000000000
36863  38.943  -50.249  32.912 0.0000000000
35903  38.414  -51.086  33.489 0.0000000000
35889  37.392  -52.132  34.240 0.0000000000
34891  36.812  -52.653  34.316 0.0000000000
35923  34.904  -51.684  31.840 0.0000000000
34893  35.254  -53.065  33.414 0.0000000000
33941  36.236  -53.965  34.695 0.0000000000
33082  35.762  -54.549  34.582 0.0000000000
55888  50.033  -29.988  19.007 0.0000000000
56826  50.019  -29.246  18.390 0.0000000000
56827  49.562  -29.604  18.282 0.0000000000
55923  46.891  -30.351  15.535 0.0000000000
56855  47.725  -29.830  15.046 0.0000000000
53966  42.957  -32.391  14.162 0.0000000000
36735  23.761  -49.762  43.443 0.0000000000
35724  24.293  -50.305  43.071 0.0000000000
35740  23.966  -50.648  42.615 0.0000000000
35726  22.093  -51.036  43.439 0.0000000000
35758  23.000  -51.281  42.300 0.0000000000
34790  22.493  -51.829  41.163 0.0000000000
34805  21.646  -52.178  40.299 0.0000000000
34806  20.821  -52.632  39.567 0.0000000000
33872  20.196  -53.416  43.183 0.0000000000
33887  20.456  -53.502  41.469 0.0000000000
33048  20.091  -54.000  40.063 0.0000000000
33914  20.027  -54.077  38.419 0.0000000000
31305  20.549  -55.654  37.595 0.0000000000
64668  51.637  -21.740  18.523 0.0000000000
63697  51.018  -22.044  19.203 0.0000000000
62684  50.207  -23.177  20.449 0.0000000000
62675  49.892  -23.783  20.784 0.0000000000
64628  52.188  -21.925  22.332 0.0000000000
62667  50.309  -23.929  21.393 0.0000000000
60777  49.169  -25.397  21.412 0.0000000000
59841  48.953  -26.586  21.915 0.0000000000
57771  49.335  -28.534  21.909 0.0000000000
56797  50.297  -29.230  21.189 0.0000000000
57752  51.134  -28.508  23.245 0.0000000000
56766  50.721  -29.308  22.216 0.0000000000
56812  50.686  -29.523  19.907 0.0000000000
55864  50.600  -30.082  19.757 0.0000000000
55866  49.200  -30.865  19.301 0.0000000000
54960  47.945  -31.252  19.226 0.0000000000
54890  50.017  -31.572  21.373 0.0000000000
54941  48.513  -31.437  19.875 0.0000000000
55892  46.885  -31.128  18.753 0.0000000000
55893  45.641  -30.903  18.553 0.0000000000
55894  44.488  -30.663  18.388 0.0000000000
55871  43.601  -30.640  19.273 0.0000000000
55758  50.284  -30.169  27.004 0.0000000000
54797  48.937  -30.943  25.257 0.0000000000
54820  48.207  -31.170  24.348 0.0000000000
54799  46.803  -31.113  25.448 0.0000000000
54821  47.063  -31.127  24.445 0.0000000000
54844  46.242  -31.181  23.556 0.0000000000
54895  44.724  -31.031  21.779 0.0000000000
55851  43.680  -30.826  20.457 0.0000000000
55872  42.516  -30.689  19.057 0.0000000000
54945  41.608  -31.260  19.385 0.0000000000
53932  41.062  -32.194  19.162 0.0000000000
53017  42.129  -33.781  21.086 0.0000000000
52135  41.250  -34.002  20.068 0.0000000000
52035  47.200  -34.443  30.079 0.0000000000
51191  46.698  -35.329  28.489 0.0000000000
51160  43.065  -35.633  31.746 0.0000000000
47438  43.945  -39.606  29.400 0.0000000000
49343  44.092  -37.573  29.936 0.0000000000
51173  44.269  -35.586  30.549 0.0000000000
49349  45.397  -36.755  28.886 0.0000000000
50277  45.560  -36.254  27.662 0.0000000000
51199  45.583  -35.393  27.063 0.0000000000
51222  44.171  -35.210  25.395 0.0000000000
51237  42.714  -35.396  24.055 0.0000000000
51247  41.656  -35.710  23.054 0.0000000000
50329  40.164  -36.300  24.490 0.0000000000
51249  40.256  -36.024  23.142 0.0000000000
51256  40.007  -35.854  22.450 0.0000000000
51265  39.508  -35.571  21.380 0.0000000000
50353  34.654  -36.745  21.418 0.0000000000
49435  34.453  -37.305  20.517 0.0000000000
48424  35.998  -38.871  26.351 0.0000000000
47509  34.941  -39.235  25.022 0.0000000000
46487  33.892  -40.432  23.925 0.0000000000
45419  34.617  -41.615  24.755 0.0000000000
45428  33.594  -41.183  23.328 0.0000000000
43310  35.835  -43.773  33.202 0.0000000000
42336  35.513  -44.538  31.766 0.0000000000
41441  35.979  -45.406  29.589 0.0000000000
40603  37.868  -46.389  30.561 0.0000000000
41438  38.452  -45.758  29.059 0.0000000000
42362  38.314  -45.115  27.886 0.0000000000
42382  38.695  -44.855  26.750 0.0000000000
40650  38.083  -45.492  26.036 0.0000000000
40652  36.456  -45.884  25.511 0.0000000000
37841  39.987  -49.684  30.707 0.0000000000
37860  39.498  -49.327  29.999 0.0000000000
38782  38.578  -48.206  28.556 0.0000000000
37878  36.293  -49.523  28.867 0.0000000000
38783  37.238  -48.535  28.394 0.0000000000
39736  37.711  -47.526  27.487 0.0000000000
39752  36.900  -46.976  26.685 0.0000000000
40635  36.151  -46.504  25.991 0.0000000000
63726  48.383  -22.731  16.431 0.0000000000
63738  48.286  -22.589  15.368 0.0000000000
63763  47.493  -22.845  13.746 0.0000000000
57851  50.186  -28.300  17.780 0.0000000000
43274  38.284  -43.159  36.275 0.0000000000
44253  39.090  -43.017  36.619 0.0000000000
44266  38.562  -42.861  35.930 0.0000000000
44279  38.796  -42.273  34.894 0.0000000000
36884  28.126  -50.467  31.475 0.0000000000
34855  20.795  -52.807  36.538 0.0000000000
33921  20.499  -53.510  36.940 0.0000000000
33063  20.876  -54.247  36.314 0.0000000000
37741  34.560  -49.119  42.203 0.0000000000
37731  35.119  -48.615  42.680 0.0000000000
37740  35.377  -48.930  41.879 0.0000000000
38656  35.965  -48.666  41.581 0.0000000000
37750  35.556  -49.087  41.112 0.0000000000
37758  35.711  -48.891  40.317 0.0000000000
37759  34.871  -49.417  40.508 0.0000000000
35890  28.948  -50.926  33.601 0.0000000000
36867  29.717  -50.218  32.324 0.0000000000
36883  28.990  -50.220  31.540 0.0000000000
55910  43.124  -30.452  17.210 0.0000000000
55918  43.781  -30.487  16.359 0.0000000000
55919  42.795  -30.562  16.358 0.0000000000
56725  50.835  -29.140  27.416 0.0000000000
52962  46.289  -34.024  27.780 0.0000000000
52975  45.695  -33.972  26.849 0.0000000000
52986  45.390  -34.245  26.198 0.0000000000
52079  45.528  -34.741  26.536 0.0000000000
47473  38.635  -38.660  27.720 0.0000000000
48422  38.453  -37.958  26.344 0.0000000000
37804  40.557  -49.267  33.221 0.0000000000
37803  41.251  -49.191  33.040 0.0000000000
36848  41.260  -49.749  32.814 0.0000000000
64684  50.436  -22.158  17.426 0.0000000000
35798  28.383  -51.816  39.195 0.0000000000
35808  28.097  -51.850  38.298 0.0000000000
34775  24.888  -51.057  41.198 0.0000000000
34802  25.137  -51.646  40.203 0.0000000000
34788  24.565  -51.320  40.809 0.0000000000
36748  31.157  -49.645  43.842 0.0000000000
35749  31.808  -50.175  42.524 0.0000000000
35807  29.119  -51.631  38.375 0.0000000000
45264  42.533  -41.621  37.352 0.0000000000
45253  42.770  -41.016  37.468 0.0000000000
45263  42.906  -41.114  36.760 0.0000000000
46347  43.148  -40.537  36.158 0.0000000000
46413  37.731  -40.716  30.186 0.0000000000
45352  37.590  -41.428  30.666 0.0000000000
42364  35.845  -44.287  28.299 0.0000000000
42372  36.473  -44.325  27.512 0.0000000000
33068  38.678  -54.117  35.978 0.0000000000
61714  48.625  -24.818  20.366 0.0000000000
61727  48.423  -24.492  19.681 0.0000000000
60802  47.996  -25.110  19.865 0.0000000000
33112  33.223  -54.012  32.569 0.0000000000
33113  32.684  -54.417  32.547 0.0000000000
35877  25.066  -51.517  34.399 0.0000000000
33099  25.389  -54.873  33.467 0.0000000000
40488  37.572  -46.679  39.683 0.0000000000
41342  38.314  -45.869  39.551 0.0000000000
41351  37.732  -45.706  38.887 0.0000000000
41352  37.015  -45.901  38.574 0.0000000000
39659  34.181  -47.511  35.743 0.0000000000
39675  35.379  -47.707  34.534 0.0000000000
38750  33.667  -48.466  31.591 0.0000000000
38758  34.953  -49.182  30.822 0.0000000000
36898  35.405  -50.153  31.078 0.0000000000
37844  34.478  -49.612  30.717 0.0000000000
33983  32.552  -53.238  31.635 0.0000000000
33982  33.190  -53.132  31.921 0.0000000000
33966  32.943  -53.710  32.172 0.0000000000
55906  47.607  -30.583  17.727 0.0000000000
35743  21.110  -51.949  43.590 0.0000000000
31281  18.618  -56.917  40.735 0.0000000000
31280  19.030  -56.223  41.152 0.0000000000
30276  19.250  -57.298  39.083 0.0000000000
64648  52.183  -20.920  21.157 0.0000000000
65579  52.273  -20.512  21.891 0.0000000000
62642  52.300  -23.617  23.582 0.0000000000
62656  51.732  -23.754  22.795 0.0000000000
60755  51.446  -25.546  23.138 0.0000000000
55819  51.582  -29.931  23.233 0.0000000000
55831  51.402  -30.065  22.609 0.0000000000
54888  51.030  -30.712  21.226 0.0000000000
54863  51.057  -30.871  21.935 0.0000000000
54867  47.823  -31.369  22.426 0.0000000000
54868  46.646  -31.138  22.498 0.0000000000
55760  48.483  -30.899  27.849 0.0000000000
54846  43.884  -31.966  23.763 0.0000000000
54871  43.097  -31.896  22.657 0.0000000000
54872  42.611  -32.251  22.184 0.0000000000
51273  41.714  -34.845  21.318 0.0000000000
51264  40.565  -35.548  21.518 0.0000000000
52025  44.530  -34.592  31.475 0.0000000000
46391  44.080  -40.555  31.249 0.0000000000
48361  44.340  -39.390  32.313 0.0000000000
46406  44.140  -40.280  30.678 0.0000000000
49367  42.257  -37.676  27.202 0.0000000000
49366  43.094  -37.751  27.342 0.0000000000
50340  37.127  -36.775  23.559 0.0000000000
50346  37.600  -36.200  22.749 0.0000000000
51259  37.246  -35.908  22.140 0.0000000000
48453  33.269  -38.935  22.639 0.0000000000
48456  33.261  -38.475  22.042 0.0000000000
46467  34.842  -40.797  26.415 0.0000000000
45410  34.986  -41.868  25.749 0.0000000000
40577  36.878  -46.344  32.261 0.0000000000
39722  39.959  -47.172  28.403 0.0000000000
40617  40.293  -46.394  28.539 0.0000000000
39735  39.004  -46.807  27.251 0.0000000000
35956  37.142  -51.443  30.145 0.0000000000
36914  37.822  -50.506  29.953 0.0000000000
36915  36.859  -50.540  29.560 0.0000000000
35754  27.271  -51.103  42.097 0.0000000000
35739  25.199  -50.523  42.569 0.0000000000
35721  27.441  -50.382  43.544 0.0000000000
35736  28.492  -50.693  43.309 0.0000000000
43202  40.689  -43.902  39.398 0.0000000000
43237  41.135  -42.941  37.739 0.0000000000
44237  41.481  -42.608  37.487 0.0000000000
44250  41.564  -42.191  36.415 0.0000000000
44263  41.659  -41.826  35.512 0.0000000000
44264  40.774  -42.088  35.715 0.0000000000
44291  39.035  -41.964  34.117 0.0000000000
44290  39.539  -41.736  34.116 0.0000000000
44302  38.673  -41.967  33.419 0.0000000000
44312  38.506  -41.782  32.759 0.0000000000
43326  36.359  -43.201  32.864 0.0000000000
43342  36.263  -43.135  31.937 0.0000000000
43343  35.726  -43.767  31.346 0.0000000000
32207  37.862  -55.326  35.637 0.0000000000
58862  48.132  -27.567  21.201 0.0000000000
59859  47.733  -26.987  20.986 0.0000000000
58880  48.230  -28.129  20.789 0.0000000000
57831  48.861  -28.337  19.424 0.0000000000
57814  48.235  -28.322  19.866 0.0000000000
34954  30.191  -51.787  29.481 0.0000000000
33998  30.396  -53.110  30.424 0.0000000000
35964  27.440  -51.226  29.510 0.0000000000
34009  28.344  -52.495  29.485 0.0000000000
34943  27.153  -52.360  29.576 0.0000000000
34944  26.596  -52.441  29.770 0.0000000000
35862  23.020  -51.757  35.261 0.0000000000
35846  22.614  -51.785  35.976 0.0000000000
34872  21.321  -52.935  35.116 0.0000000000
34882  21.844  -52.756  34.575 0.0000000000
33943  21.791  -53.470  34.577 0.0000000000
33102  22.401  -53.863  33.918 0.0000000000
33085  23.348  -54.921  34.576 0.0000000000
32235  23.726  -55.317  34.997 0.0000000000
33071  23.090  -54.979  34.984 0.0000000000
32198  23.327  -55.972  36.001 0.0000000000
31314  23.990  -56.521  36.866 0.0000000000
31315  22.902  -56.302  36.763 0.0000000000
39530  36.870  -47.359  42.561 0.0000000000
38665  36.733  -48.189  40.866 0.0000000000
38664  37.162  -47.811  41.418 0.0000000000
39564  37.036  -47.813  40.457 0.0000000000
39583  37.389  -47.403  40.287 0.0000000000
39585  36.275  -47.760  39.446 0.0000000000
38675  36.000  -48.332  39.698 0.0000000000
38682  35.365  -48.228  39.128 0.0000000000
36843  31.153  -50.499  34.473 0.0000000000
37819  30.708  -49.809  32.467 0.0000000000
37809  31.007  -50.024  33.107 0.0000000000
37830  31.384  -48.986  31.270 0.0000000000
38752  32.107  -48.736  31.597 0.0000000000
37864  31.806  -49.537  29.953 0.0000000000
37865  31.032  -49.524  29.925 0.0000000000
36920  29.322  -50.104  29.877 0.0000000000
36919  30.333  -50.148  29.537 0.0000000000
35961  30.700  -50.916  29.442 0.0000000000
34953  31.157  -51.653  29.829 0.0000000000
54978  44.182  -30.909  14.940 0.0000000000
54990  44.577  -31.139  14.553 0.0000000000
55002  45.342  -31.628  13.706 0.0000000000
30266  17.815  -57.734  41.298 0.0000000000
30259  17.966  -57.184  41.690 0.0000000000
29161  18.499  -58.472  40.297 0.0000000000
28104  18.149  -58.802  40.847 0.0000000000
54734  46.684  -32.069  28.344 0.0000000000
53883  44.936  -32.869  26.066 0.0000000000
54779  45.235  -32.464  26.341 0.0000000000
54802  44.383  -32.731  25.219 0.0000000000
54824  44.278  -32.389  24.742 0.0000000000
53891  44.078  -33.233  24.785 0.0000000000
53892  43.693  -33.408  24.096 0.0000000000
52109  43.559  -34.592  23.806 0.0000000000
51253  42.521  -34.817  22.753 0.0000000000
51245  43.038  -34.866  23.430 0.0000000000
46425  41.845  -39.819  29.828 0.0000000000
46441  42.613  -39.819  29.261 0.0000000000
46442  41.935  -39.585  29.089 0.0000000000
48404  41.351  -38.044  27.395 0.0000000000
48420  40.454  -37.773  26.872 0.0000000000
49378  40.708  -37.331  26.452 0.0000000000
48437  38.158  -37.699  25.795 0.0000000000
49400  38.652  -37.460  25.683 0.0000000000
49401  37.905  -37.507  25.382 0.0000000000
49414  37.496  -37.298  24.717 0.0000000000
49415  36.671  -37.702  24.577 0.0000000000
48447  36.063  -38.058  24.627 0.0000000000
48448  35.175  -38.476  24.360 0.0000000000
43413  36.035  -43.512  24.912 0.0000000000
44392  35.300  -42.967  24.597 0.0000000000
42411  34.466  -44.079  22.985 0.0000000000
40575  39.093  -46.957  32.758 0.0000000000
40589  39.940  -46.892  32.148 0.0000000000
38755  41.012  -48.192  31.247 0.0000000000
39712  40.846  -47.700  31.114 0.0000000000
38768  40.323  -47.992  29.698 0.0000000000
64745  49.963  -21.906  14.237 0.0000000000
35874  28.160  -51.239  34.364 0.0000000000
35841  27.326  -51.653  36.320 0.0000000000
34800  26.813  -51.963  40.137 0.0000000000
34815  27.294  -52.002  39.576 0.0000000000
34834  25.408  -51.905  38.746 0.0000000000
34850  25.091  -51.951  37.910 0.0000000000
34836  23.402  -51.750  38.564 0.0000000000
37734  32.735  -49.072  43.437 0.0000000000
36766  32.889  -49.373  42.883 0.0000000000
37742  33.701  -49.212  42.515 0.0000000000
35794  32.151  -50.735  39.950 0.0000000000
36803  32.462  -50.621  39.252 0.0000000000
35735  29.547  -50.788  43.215 0.0000000000
35751  30.366  -50.930  42.578 0.0000000000
35805  31.036  -51.021  38.790 0.0000000000
35818  30.890  -51.041  37.717 0.0000000000
35839  29.457  -51.335  36.383 0.0000000000
35873  29.228  -51.023  34.312 0.0000000000
54973  41.487  -31.412  16.135 0.0000000000
53833  47.946  -31.880  30.600 0.0000000000
52927  47.690  -32.627  31.089 0.0000000000
53834  47.647  -32.590  30.140 0.0000000000
52936  47.477  -33.846  29.800 0.0000000000
52937  47.299  -33.904  29.376 0.0000000000
46354  43.368  -40.637  35.182 0.0000000000
46363  43.866  -40.527  33.458 0.0000000000
46374  43.699  -40.848  33.428 0.0000000000
44276  41.698  -41.611  34.815 0.0000000000
44275  42.148  -41.530  34.627 0.0000000000
45297  41.783  -41.429  34.236 0.0000000000
45336  41.697  -40.820  32.308 0.0000000000
45322  42.219  -41.079  32.720 0.0000000000
45335  42.391  -40.866  31.954 0.0000000000
46409  42.248  -40.310  30.623 0.0000000000
46410  41.123  -39.998  30.764 0.0000000000
46427  39.338  -39.656  30.095 0.0000000000
47442  38.906  -39.324  29.364 0.0000000000
46430  36.500  -40.683  28.999 0.0000000000
47445  36.481  -40.298  28.675 0.0000000000
46443  35.997  -40.705  28.432 0.0000000000
45353  36.847  -41.808  30.042 0.0000000000
44345  35.451  -42.643  28.135 0.0000000000
44357  35.449  -42.669  27.317 0.0000000000
43393  35.790  -43.184  26.779 0.0000000000
44377  36.070  -43.147  25.970 0.0000000000
43392  36.369  -43.494  26.308 0.0000000000
43402  36.984  -43.826  25.812 0.0000000000
42392  37.456  -44.451  25.717 0.0000000000
41486  37.020  -44.679  25.150 0.0000000000
41472  37.356  -45.020  25.401 0.0000000000
35869  39.327  -51.824  35.190 0.0000000000
34876  40.728  -51.928  34.966 0.0000000000
34868  40.179  -52.347  35.393 0.0000000000
33961  38.984  -53.389  33.314 0.0000000000
34889  39.495  -52.983  33.349 0.0000000000
34900  38.940  -52.828  32.535 0.0000000000
34934  38.183  -51.895  30.919 0.0000000000
34935  37.695  -52.204  30.860 0.0000000000
33091  37.721  -54.837  33.490 0.0000000000
33090  38.426  -54.428  34.142 0.0000000000
33110  37.897  -54.306  33.104 0.0000000000
34920  37.085  -53.226  31.106 0.0000000000
34937  36.086  -52.857  30.041 0.0000000000
63699  49.517  -22.838  18.558 0.0000000000
62699  48.678  -23.595  18.780 0.0000000000
61749  47.461  -24.260  18.258 0.0000000000
62700  47.959  -23.982  18.395 0.0000000000
61750  46.791  -24.637  18.068 0.0000000000
62713  46.911  -23.966  17.130 0.0000000000
58882  46.959  -27.240  19.932 0.0000000000
60804  46.950  -25.989  19.607 0.0000000000
59885  46.829  -26.602  19.720 0.0000000000
59894  45.920  -26.591  18.370 0.0000000000
33133  30.745  -54.107  31.505 0.0000000000
33114  31.619  -54.277  32.031 0.0000000000
33115  30.669  -54.651  32.194 0.0000000000
35907  27.255  -50.959  32.458 0.0000000000
35928  24.636  -51.703  31.795 0.0000000000
35927  25.529  -51.283  31.435 0.0000000000
35949  25.001  -51.754  31.018 0.0000000000
34946  25.125  -52.243  30.668 0.0000000000
34003  25.335  -52.882  30.745 0.0000000000
34894  23.030  -52.141  33.424 0.0000000000
34906  23.341  -52.372  32.781 0.0000000000
33120  25.538  -54.495  32.633 0.0000000000
33139  24.951  -54.076  32.132 0.0000000000
33119  26.543  -54.605  32.528 0.0000000000
40454  38.747  -45.875  41.678 0.0000000000
41328  39.442  -45.315  40.713 0.0000000000
41318  39.398  -45.126  41.361 0.0000000000
41339  39.851  -44.827  40.351 0.0000000000
42230  38.178  -45.014  38.502 0.0000000000
42229  39.316  -44.576  38.847 0.0000000000
42250  38.346  -44.462  38.058 0.0000000000
43240  38.432  -43.977  37.597 0.0000000000
42268  37.089  -44.364  37.170 0.0000000000
42270  35.626  -44.851  36.498 0.0000000000
41379  34.968  -45.578  35.544 0.0000000000
40498  35.628  -46.980  38.485 0.0000000000
40507  35.175  -46.550  37.709 0.0000000000
40531  34.672  -46.623  35.513 0.0000000000
41372  34.711  -46.123  36.139 0.0000000000
40530  34.865  -46.188  35.235 0.0000000000
40544  36.893  -47.017  34.093 0.0000000000
38714  36.911  -48.168  34.024 0.0000000000
39692  37.796  -47.943  33.701 0.0000000000
38724  38.184  -48.356  32.990 0.0000000000
37780  33.452  -49.566  37.531 0.0000000000
38699  33.477  -49.070  36.873 0.0000000000
38709  33.344  -49.019  35.780 0.0000000000
37800  32.543  -49.899  34.525 0.0000000000
37795  32.572  -49.996  35.030 0.0000000000
38729  33.703  -49.056  33.721 0.0000000000
38716  35.051  -48.449  34.194 0.0000000000
38727  35.331  -48.518  33.327 0.0000000000
38747  36.704  -48.939  31.577 0.0000000000
38735  36.492  -48.486  32.273 0.0000000000
38746  37.575  -49.131  31.771 0.0000000000
37826  38.319  -49.570  32.042 0.0000000000
36878  38.124  -50.188  32.191 0.0000000000
36864  37.836  -50.828  32.690 0.0000000000
35922  36.308  -51.272  32.268 0.0000000000
35904  37.099  -51.634  33.264 0.0000000000
34902  36.216  -52.347  33.421 0.0000000000
36901  32.960  -50.202  30.242 0.0000000000
35944  34.127  -51.112  30.995 0.0000000000
35924  33.616  -51.856  31.285 0.0000000000
33964  34.235  -53.336  32.865 0.0000000000
34904  34.675  -52.704  32.664 0.0000000000
33950  36.295  -53.373  34.417 0.0000000000
33951  35.616  -53.671  34.030 0.0000000000
55904  49.191  -29.943  18.274 0.0000000000
56843  47.853  -29.967  16.801 0.0000000000
56842  48.485  -29.542  16.586 0.0000000000
55934  47.154  -30.262  14.439 0.0000000000
56864  47.755  -29.886  14.238 0.0000000000
53957  41.942  -32.277  14.933 0.0000000000
54992  42.561  -31.938  14.588 0.0000000000
53081  42.461  -32.853  14.502 0.0000000000
37705  24.111  -49.351  43.508 0.0000000000
36756  23.450  -50.191  43.373 0.0000000000
35725  23.152  -50.630  43.210 0.0000000000
35741  22.743  -51.175  42.811 0.0000000000
34767  22.580  -51.512  42.354 0.0000000000
34777  23.079  -51.453  41.797 0.0000000000
34778  22.169  -51.901  42.008 0.0000000000
33893  21.091  -52.555  40.892 0.0000000000
33894  20.545  -53.083  40.493 0.0000000000
32160  19.179  -55.321  42.646 0.0000000000
32159  19.380  -54.787  43.052 0.0000000000
33026  19.831  -54.273  42.756 0.0000000000
33880  20.329  -53.576  42.323 0.0000000000
33033  19.979  -54.413  41.833 0.0000000000
33049  19.897  -54.522  39.296 0.0000000000
33903  19.988  -54.042  38.710 0.0000000000
33056  19.996  -54.496  38.411 0.0000000000
33055  20.181  -54.587  37.725 0.0000000000
32184  20.206  -55.238  37.914 0.0000000000
31292  21.359  -56.818  37.703 0.0000000000
29179  20.739  -58.054  38.599 0.0000000000
64658  51.725  -21.496  19.494 0.0000000000
63675  51.322  -22.148  21.065 0.0000000000
63685  51.128  -22.041  20.125 0.0000000000
63676  50.739  -22.677  20.651 0.0000000000
62674  50.487  -23.301  21.123 0.0000000000
64640  52.288  -21.187  22.161 0.0000000000
61695  50.952  -24.550  22.355 0.0000000000
62666  51.033  -23.608  21.984 0.0000000000
61704  49.781  -24.478  21.287 0.0000000000
60776  49.923  -24.953  21.742 0.0000000000
60766  49.576  -26.009  22.101 0.0000000000
58841  50.283  -27.486  22.970 0.0000000000
58842  49.478  -27.606  22.499 0.0000000000
56781  49.987  -29.095  21.317 0.0000000000
56767  50.160  -29.096  21.970 0.0000000000
58824  51.379  -27.529  23.772 0.0000000000
56779  51.004  -29.769  21.548 0.0000000000
56795  50.802  -29.611  20.393 0.0000000000
55863  50.925  -29.896  20.251 0.0000000000
54939  49.850  -30.971  20.062 0.0000000000
55867  48.492  -31.032  19.121 0.0000000000
54840  50.461  -31.180  22.973 0.0000000000
54919  47.695  -31.545  20.618 0.0000000000
54918  48.578  -31.663  20.819 0.0000000000
54942  47.282  -31.373  19.634 0.0000000000
55868  46.659  -31.288  19.448 0.0000000000
55849  45.640  -31.104  20.697 0.0000000000
55870  44.707  -30.823  19.467 0.0000000000
56726  50.521  -29.712  27.516 0.0000000000
55795  48.469  -30.758  26.065 0.0000000000
54777  46.789  -31.215  26.679 0.0000000000
54869  45.430  -31.124  22.632 0.0000000000
54921  43.180  -30.967  20.962 0.0000000000
55852  42.863  -30.720  19.938 0.0000000000
54944  42.212  -30.919  19.903 0.0000000000
55873  41.763  -30.855  18.515 0.0000000000
53044  40.780  -32.901  18.842 0.0000000000
53011  42.859  -33.733  22.614 0.0000000000
53016  42.508  -33.574  21.776 0.0000000000
52127  41.053  -34.616  20.188 0.0000000000
52037  46.027  -34.736  30.583 0.0000000000
51170  46.630  -35.124  29.644 0.0000000000
51169  46.919  -35.008  29.407 0.0000000000
51183  46.592  -35.550  29.067 0.0000000000
49329  43.341  -37.989  32.191 0.0000000000
49330  42.850  -37.321  32.542 0.0000000000
49338  42.944  -37.379  31.921 0.0000000000
50244  42.853  -36.480  31.768 0.0000000000
47454  43.933  -39.279  28.769 0.0000000000
50253  44.014  -36.305  30.262 0.0000000000
50252  45.040  -36.351  29.454 0.0000000000
50278  44.845  -36.524  27.185 0.0000000000
49363  45.369  -36.876  28.155 0.0000000000
50286  45.094  -35.931  26.873 0.0000000000
51208  44.912  -35.317  26.201 0.0000000000
51209  44.476  -35.508  25.977 0.0000000000
50335  41.934  -35.610  23.553 0.0000000000
50336  41.426  -35.802  23.632 0.0000000000
50311  40.828  -36.474  25.339 0.0000000000
50344  39.259  -36.026  22.682 0.0000000000
51278  36.627  -35.593  20.090 0.0000000000
50342  35.402  -37.195  22.992 0.0000000000
50348  35.178  -36.812  22.354 0.0000000000
50349  34.541  -37.050  21.971 0.0000000000
49428  33.636  -37.807  21.263 0.0000000000
49427  34.131  -37.272  21.603 0.0000000000
49436  33.778  -38.074  20.646 0.0000000000
47474  36.750  -39.322  27.889 0.0000000000
48409  36.124  -39.162  27.007 0.0000000000
47489  35.671  -39.409  26.839 0.0000000000
47491  34.673  -39.977  25.719 0.0000000000
47501  35.037  -39.446  25.606 0.0000000000
47502  34.580  -39.888  25.173 0.0000000000
47510  34.353  -39.541  24.463 0.0000000000
44404  33.417  -41.824  22.686 0.0000000000
44394  33.891  -41.969  23.431 0.0000000000
43277  35.932  -43.884  34.838 0.0000000000
43294  35.871  -43.780  34.047 0.0000000000
42311  35.577  -44.311  33.529 0.0000000000
42324  35.546  -44.467  32.746 0.0000000000
41419  35.597  -45.303  31.243 0.0000000000
41429  35.747  -45.344  30.224 0.0000000000
41428  36.304  -45.763  29.892 0.0000000000
40602  38.918  -46.542  30.846 0.0000000000
41444  39.967  -45.790  28.348 0.0000000000
41445  39.048  -45.371  28.246 0.0000000000
41446  37.911  -45.434  28.489 0.0000000000
42361  38.887  -45.152  27.864 0.0000000000
42381  39.245  -45.173  27.185 0.0000000000
40633  38.047  -46.125  26.253 0.0000000000
40651  37.312  -45.703  25.726 0.0000000000
35918  40.112  -50.985  31.851 0.0000000000
36875  40.457  -50.534  31.857 0.0000000000
36895  39.705  -50.607  31.122 0.0000000000
37862  37.541  -49.654  29.363 0.0000000000
37861  38.635  -49.570  29.715 0.0000000000
38770  38.192  -48.903  29.048 0.0000000000
37879  35.283  -49.705  28.657 0.0000000000
38785  34.819  -49.160  28.274 0.0000000000
38797  36.172  -48.183  27.815 0.0000000000
38796  36.918  -47.946  27.739 0.0000000000
39737  36.500  -47.567  27.281 0.0000000000
40637  33.993  -46.781  26.180 0.0000000000
40636  35.050  -46.661  25.997 0.0000000000
40653  35.343  -45.838  25.204 0.0000000000
64743  51.886  -21.627  13.770 0.0000000000
63715  48.737  -22.838  17.344 0.0000000000
63725  49.412  -22.402  16.806 0.0000000000
63755  47.345  -22.993  14.420 0.0000000000
63754  47.971  -22.646  14.466 0.0000000000
57838  50.108  -28.666  18.737 0.0000000000
35722  26.499  -50.336  43.311 0.0000000000
43239  39.504  -43.789  37.983 0.0000000000
43256  40.145  -42.935  37.041 0.0000000000
44265  39.725  -42.374  35.785 0.0000000000
44292  38.159  -42.309  33.939 0.0000000000
44293  37.142  -42.743  33.558 0.0000000000
57790  49.381  -28.767  21.065 0.0000000000
36921  28.045  -50.584  29.863 0.0000000000
36922  27.145  -50.808  29.950 0.0000000000
34853  22.153  -51.887  37.393 0.0000000000
35827  22.074  -51.906  36.545 0.0000000000
34864  21.015  -52.903  35.729 0.0000000000
33932  21.268  -53.498  35.339 0.0000000000
33073  21.615  -54.444  35.528 0.0000000000
33074  21.075  -53.910  35.803 0.0000000000
33062  21.227  -54.565  36.074 0.0000000000
32200  21.311  -54.993  36.358 0.0000000000
38630  36.272  -47.647  42.941 0.0000000000
38643  36.630  -47.725  42.451 0.0000000000
37757  36.224  -48.566  40.659 0.0000000000
37765  35.463  -48.841  39.726 0.0000000000
36844  30.288  -50.658  34.100 0.0000000000
37820  30.181  -50.009  32.242 0.0000000000
37832  30.010  -49.835  31.644 0.0000000000
37849  30.005  -49.651  30.604 0.0000000000
54979  43.651  -30.978  14.974 0.0000000000
55792  51.397  -29.724  25.296 0.0000000000
55775  51.090  -29.605  25.965 0.0000000000
54776  50.305  -30.298  26.298 0.0000000000
53845  46.289  -33.290  28.179 0.0000000000
53859  46.277  -32.616  28.114 0.0000000000
53860  45.757  -33.042  27.527 0.0000000000
53875  45.035  -33.397  26.021 0.0000000000
52996  44.509  -33.975  25.008 0.0000000000
52987  45.033  -33.991  25.684 0.0000000000
52089  44.646  -34.588  25.387 0.0000000000
52099  44.135  -34.574  24.842 0.0000000000
47458  40.474  -39.073  28.657 0.0000000000
48421  39.571  -37.921  26.698 0.0000000000
39702  40.308  -47.621  32.930 0.0000000000
40588  40.440  -47.320  32.310 0.0000000000
39700  41.110  -47.915  32.535 0.0000000000
38743  41.184  -48.548  31.636 0.0000000000
38744  41.000  -48.924  31.387 0.0000000000
64694  52.533  -21.479  16.675 0.0000000000
64695  51.474  -21.795  16.756 0.0000000000
64715  50.029  -22.124  16.000 0.0000000000
35809  27.353  -51.907  37.974 0.0000000000
34787  25.479  -51.439  40.841 0.0000000000
34801  26.022  -51.839  40.187 0.0000000000
34818  24.783  -51.735  39.485 0.0000000000
34804  23.019  -51.671  40.268 0.0000000000
36767  31.984  -49.570  43.385 0.0000000000
36780  32.310  -49.826  42.501 0.0000000000
36789  32.671  -49.832  41.832 0.0000000000
35767  31.257  -50.805  41.788 0.0000000000
35769  29.334  -51.319  41.500 0.0000000000
35783  30.269  -51.161  40.626 0.0000000000
44215  41.797  -42.286  38.974 0.0000000000
46328  42.350  -40.563  38.563 0.0000000000
47357  42.701  -39.481  37.369 0.0000000000
47369  42.993  -39.728  36.481 0.0000000000
45285  43.094  -41.258  34.848 0.0000000000
45324  40.229  -41.133  33.080 0.0000000000
45337  40.702  -40.713  32.335 0.0000000000
46396  40.245  -40.360  31.571 0.0000000000
46428  38.208  -39.963  29.931 0.0000000000
44327  35.902  -42.859  29.770 0.0000000000
43369  35.552  -43.454  28.246 0.0000000000
43380  36.868  -44.144  26.768 0.0000000000
43379  37.492  -44.351  26.602 0.0000000000
42383  37.873  -44.515  26.410 0.0000000000
34870  38.840  -52.907  35.787 0.0000000000
33937  39.980  -53.061  35.367 0.0000000000
33928  39.241  -53.410  35.727 0.0000000000
33938  39.549  -53.701  35.201 0.0000000000
33949  38.767  -53.773  33.648 0.0000000000
62686  49.002  -23.783  19.485 0.0000000000
61740  47.586  -24.700  18.933 0.0000000000
60812  47.147  -25.226  19.097 0.0000000000
58893  47.166  -27.796  19.097 0.0000000000
35894  25.291  -51.387  33.453 0.0000000000
35910  24.559  -51.526  32.713 0.0000000000
33122  23.642  -54.186  33.137 0.0000000000
33969  23.305  -53.423  32.769 0.0000000000
40465  38.411  -46.559  41.416 0.0000000000
40474  38.972  -45.788  40.529 0.0000000000
40486  39.000  -45.623  40.178 0.0000000000
41341  38.910  -45.532  39.803 0.0000000000
42251  37.282  -44.735  37.731 0.0000000000
40508  34.530  -47.107  37.342 0.0000000000
36809  33.243  -50.091  38.198 0.0000000000
37817  32.436  -49.058  32.672 0.0000000000
37806  32.998  -49.139  33.200 0.0000000000
37816  32.897  -48.876  32.668 0.0000000000
38737  34.519  -48.489  32.429 0.0000000000
38748  35.538  -48.823  31.287 0.0000000000
37828  36.877  -49.731  31.534 0.0000000000
36879  37.132  -50.576  32.061 0.0000000000
36880  35.977  -50.549  31.519 0.0000000000
34938  32.684  -51.993  30.868 0.0000000000
34905  34.085  -53.018  32.557 0.0000000000
33092  35.145  -54.223  33.944 0.0000000000
33953  34.125  -53.849  33.100 0.0000000000
33093  34.461  -54.453  33.603 0.0000000000
55890  48.857  -30.551  18.663 0.0000000000
55905  48.535  -30.225  18.017 0.0000000000
56839  47.712  -30.220  17.171 0.0000000000
54989  45.725  -31.012  14.137 0.0000000000
55935  46.307  -30.641  14.453 0.0000000000
54988  46.174  -30.834  13.969 0.0000000000
34779  21.340  -52.332  42.351 0.0000000000
33879  20.876  -52.919  41.932 0.0000000000
31273  18.853  -56.010  42.103 0.0000000000
32168  19.459  -55.372  41.728 0.0000000000
33034  19.878  -54.914  41.088 0.0000000000
32181  19.594  -55.512  39.619 0.0000000000
64641  51.931  -21.675  21.562 0.0000000000
63654  52.234  -22.698  22.922 0.0000000000
62657  51.273  -24.108  22.498 0.0000000000
60765  50.399  -25.503  22.404 0.0000000000
60764  51.099  -25.041  22.658 0.0000000000
59826  50.627  -26.606  22.973 0.0000000000
57751  51.619  -28.457  23.840 0.0000000000
56757  51.543  -29.139  23.322 0.0000000000
56778  51.341  -29.919  22.338 0.0000000000
55847  50.832  -30.395  20.434 0.0000000000
54914  51.118  -30.516  20.918 0.0000000000
54916  50.138  -31.229  20.595 0.0000000000
54920  46.574  -31.291  20.475 0.0000000000
55833  45.529  -31.067  21.081 0.0000000000
55759  49.585  -30.492  27.545 0.0000000000
54923  41.900  -31.316  20.111 0.0000000000
53925  42.096  -32.349  21.067 0.0000000000
52119  42.190  -34.357  21.462 0.0000000000
51286  40.561  -34.969  20.065 0.0000000000
52024  45.525  -34.445  31.160 0.0000000000
51171  45.862  -35.441  29.775 0.0000000000
48354  43.460  -38.910  33.922 0.0000000000
48355  42.991  -38.023  33.934 0.0000000000
48362  44.042  -39.004  32.674 0.0000000000
48371  43.807  -38.461  31.595 0.0000000000
47468  43.368  -39.120  28.341 0.0000000000
48393  43.797  -38.962  28.408 0.0000000000
48402  43.422  -38.563  27.896 0.0000000000
48401  44.103  -38.270  28.063 0.0000000000
49357  44.960  -37.377  28.461 0.0000000000
49374  44.317  -36.931  27.179 0.0000000000
50288  43.234  -36.260  26.148 0.0000000000
50310  41.825  -36.116  25.155 0.0000000000
50330  39.026  -36.622  24.642 0.0000000000
50345  38.588  -36.109  22.770 0.0000000000
51267  37.079  -35.642  21.336 0.0000000000
51268  36.216  -35.792  20.904 0.0000000000
50360  34.829  -36.576  20.796 0.0000000000
49421  34.701  -37.793  23.170 0.0000000000
49424  34.347  -37.530  22.473 0.0000000000
48455  33.763  -37.999  22.453 0.0000000000
47476  35.197  -39.932  26.964 0.0000000000
46468  34.701  -40.436  25.941 0.0000000000
46476  34.554  -40.731  25.359 0.0000000000
43429  33.920  -43.345  22.348 0.0000000000
41407  36.030  -45.937  31.771 0.0000000000
40616  40.417  -46.595  29.152 0.0000000000
41436  40.170  -46.267  29.215 0.0000000000
41443  40.294  -46.239  28.767 0.0000000000
40622  39.991  -46.160  27.738 0.0000000000
40631  39.578  -45.795  27.122 0.0000000000
40623  39.570  -46.253  27.194 0.0000000000
39750  38.538  -46.413  26.662 0.0000000000
36897  38.319  -50.943  30.391 0.0000000000
36896  39.129  -50.582  30.619 0.0000000000
38799  34.022  -48.941  27.874 0.0000000000
39753  35.793  -47.109  26.663 0.0000000000
62723  47.426  -23.322  16.622 0.0000000000
56841  49.188  -28.909  16.278 0.0000000000
34798  27.831  -51.933  40.036 0.0000000000
35786  27.448  -51.844  40.531 0.0000000000
35772  25.900  -51.293  41.312 0.0000000000
43192  40.538  -43.782  40.658 0.0000000000
43191  41.014  -43.242  40.158 0.0000000000
43200  41.601  -42.766  38.590 0.0000000000
43217  41.292  -43.063  38.253 0.0000000000
44224  42.041  -42.365  38.013 0.0000000000
44249  42.337  -41.714  35.989 0.0000000000
45298  41.031  -41.465  34.385 0.0000000000
45299  40.500  -41.599  34.523 0.0000000000
45311  40.079  -41.494  33.937 0.0000000000
45325  39.264  -41.536  33.189 0.0000000000
45339  37.977  -41.479  31.512 0.0000000000
43355  35.645  -43.535  30.277 0.0000000000
33069  37.895  -54.275  36.195 0.0000000000
32206  38.477  -54.652  35.860 0.0000000000
32221  38.333  -55.305  35.057 0.0000000000
31331  37.845  -56.336  34.936 0.0000000000
60778  48.540  -25.818  21.157 0.0000000000
60790  47.709  -25.908  20.361 0.0000000000
59871  47.857  -26.092  20.647 0.0000000000
57841  47.792  -27.949  18.682 0.0000000000
33984  31.758  -53.371  31.303 0.0000000000
33985  30.925  -53.593  30.987 0.0000000000
33986  30.123  -53.750  30.868 0.0000000000
34955  29.017  -52.138  29.297 0.0000000000
34942  29.251  -52.770  29.753 0.0000000000
33987  29.201  -53.817  30.760 0.0000000000
33988  28.141  -53.795  30.712 0.0000000000
33989  27.009  -53.708  30.851 0.0000000000
35844  24.326  -51.693  36.150 0.0000000000
35878  24.145  -51.586  34.427 0.0000000000
35861  23.844  -51.652  35.285 0.0000000000
35879  23.332  -51.760  34.476 0.0000000000
34895  22.570  -52.584  33.692 0.0000000000
35864  21.869  -52.302  35.276 0.0000000000
34881  22.281  -52.434  34.368 0.0000000000
33955  22.425  -53.380  33.674 0.0000000000
33101  22.954  -54.141  33.605 0.0000000000
32216  22.438  -55.295  35.648 0.0000000000
38642  37.059  -47.576  42.162 0.0000000000
39546  37.617  -47.368  41.613 0.0000000000
39545  38.009  -46.951  41.633 0.0000000000
40476  37.746  -47.098  40.447 0.0000000000
40489  36.825  -47.098  39.363 0.0000000000
39605  35.110  -47.864  38.682 0.0000000000
38698  33.686  -48.333  36.376 0.0000000000
36827  31.538  -50.739  36.325 0.0000000000
36826  32.139  -50.452  36.339 0.0000000000
36842  31.905  -50.075  34.141 0.0000000000
37808  31.456  -49.807  33.082 0.0000000000
38740  32.185  -48.875  32.197 0.0000000000
38762  32.409  -48.627  31.139 0.0000000000
38761  32.862  -48.641  30.926 0.0000000000
37845  33.693  -49.489  30.542 0.0000000000
37846  32.716  -49.330  30.351 0.0000000000
35959  32.356  -50.774  30.078 0.0000000000
35960  31.634  -50.927  29.782 0.0000000000
35946  32.113  -51.368  30.175 0.0000000000
34939  31.949  -52.223  30.571 0.0000000000
34924  32.279  -52.847  31.199 0.0000000000
55925  45.101  -30.683  15.393 0.0000000000
55936  45.410  -30.789  14.824 0.0000000000
31285  18.656  -57.078  40.210 0.0000000000
30277  18.762  -57.297  39.812 0.0000000000
29172  18.838  -57.992  39.651 0.0000000000
28103  18.859  -59.330  40.599 0.0000000000
55811  51.421  -30.300  23.428 0.0000000000
54839  50.996  -30.810  22.755 0.0000000000
54795  50.954  -30.462  24.805 0.0000000000
54841  49.628  -31.403  23.203 0.0000000000
54842  48.575  -31.362  23.338 0.0000000000
54757  48.039  -31.285  28.620 0.0000000000
54778  45.625  -31.835  26.495 0.0000000000
54760  45.545  -32.425  26.918 0.0000000000
53910  42.930  -32.571  23.038 0.0000000000
53902  43.219  -32.943  23.616 0.0000000000
53006  43.118  -33.603  23.154 0.0000000000
53010  43.209  -34.055  23.024 0.0000000000
52115  42.909  -34.373  22.825 0.0000000000
51261  42.375  -34.691  22.339 0.0000000000
52009  43.412  -34.575  32.384 0.0000000000
46423  43.429  -40.252  29.877 0.0000000000
46440  43.141  -39.998  29.428 0.0000000000
47457  41.486  -39.216  28.611 0.0000000000
47469  42.852  -39.090  28.215 0.0000000000
49377  41.600  -37.184  26.603 0.0000000000
49398  40.281  -36.981  25.905 0.0000000000
50313  39.306  -36.840  25.299 0.0000000000
49399  39.460  -37.170  25.725 0.0000000000
50331  37.932  -36.842  24.331 0.0000000000
49420  35.444  -37.655  23.523 0.0000000000
49416  35.954  -37.851  24.199 0.0000000000
44378  35.645  -42.763  25.816 0.0000000000
44384  35.421  -42.694  25.171 0.0000000000
40561  36.675  -46.502  33.400 0.0000000000
40590  39.010  -46.700  31.891 0.0000000000
40601  39.865  -46.673  31.155 0.0000000000
40609  40.466  -46.786  30.267 0.0000000000
38781  39.282  -47.796  28.594 0.0000000000
35969  35.735  -51.114  29.388 0.0000000000
36916  36.156  -50.732  29.400 0.0000000000
36930  34.773  -50.549  28.745 0.0000000000
37880  34.421  -49.853  28.429 0.0000000000
37881  33.818  -50.107  28.236 0.0000000000
37887  33.967  -49.585  28.178 0.0000000000
63761  49.134  -22.089  13.453 0.0000000000
61774  45.342  -24.669  15.476 0.0000000000
35891  28.430  -51.060  33.604 0.0000000000
36857  28.097  -51.025  33.057 0.0000000000
35875  27.104  -51.384  34.318 0.0000000000
35859  25.720  -51.610  35.315 0.0000000000
35843  25.285  -51.699  36.213 0.0000000000
34832  27.182  -51.986  38.786 0.0000000000
34848  26.750  -51.965  38.183 0.0000000000
34833  26.291  -51.981  38.801 0.0000000000
35823  25.728  -51.859  37.133 0.0000000000
35825  23.780  -51.747  36.930 0.0000000000
34852  23.114  -51.764  37.656 0.0000000000
34838  21.364  -52.172  37.990 0.0000000000
34822  20.647  -52.707  38.600 0.0000000000
37715  33.900  -48.472  43.543 0.0000000000
36787  34.071  -49.715  40.892 0.0000000000
36796  33.345  -50.058  40.502 0.0000000000
35765  32.662  -49.939  41.488 0.0000000000
35782  31.253  -50.974  40.798 0.0000000000
35817  31.778  -50.803  38.114 0.0000000000
35854  30.716  -50.944  35.155 0.0000000000
35872  30.117  -50.919  34.611 0.0000000000
36845  29.798  -50.833  34.115 0.0000000000
55920  42.007  -30.866  16.157 0.0000000000
55921  41.633  -31.018  16.319 0.0000000000
54981  41.625  -31.847  15.462 0.0000000000
53070  41.713  -32.613  15.519 0.0000000000
55711  49.754  -29.943  28.942 0.0000000000
55712  49.086  -30.638  29.605 0.0000000000
55713  48.675  -31.127  29.495 0.0000000000
54732  48.221  -31.428  29.302 0.0000000000
53843  47.373  -32.548  29.470 0.0000000000
52948  46.987  -34.056  28.936 0.0000000000
52961  46.748  -34.325  28.315 0.0000000000
47394  43.948  -39.675  33.495 0.0000000000
46384  44.214  -40.506  31.963 0.0000000000
45332  43.865  -40.726  31.412 0.0000000000
44248  42.746  -41.454  35.383 0.0000000000
45295  43.279  -41.155  33.818 0.0000000000
45309  41.989  -41.266  33.525 0.0000000000
45308  42.781  -41.234  33.261 0.0000000000
45307  43.463  -41.025  32.852 0.0000000000
45334  42.971  -40.933  31.593 0.0000000000
45350  43.163  -40.800  31.080 0.0000000000
46408  42.997  -40.631  30.605 0.0000000000
47459  39.541  -39.017  28.792 0.0000000000
48394  37.768  -38.856  27.824 0.0000000000
48395  37.191  -39.089  27.847 0.0000000000
47444  36.922  -39.984  28.923 0.0000000000
47462  36.432  -39.885  28.304 0.0000000000
45364  36.397  -41.494  29.422 0.0000000000
45375  35.513  -41.700  28.131 0.0000000000
45386  35.241  -41.843  27.298 0.0000000000
43412  36.590  -43.805  25.235 0.0000000000
42393  36.911  -43.953  25.453 0.0000000000
36841  40.135  -50.683  34.286 0.0000000000
35867  40.674  -51.208  34.347 0.0000000000
35901  39.784  -51.755  32.187 0.0000000000
34888  40.119  -52.640  33.972 0.0000000000
34899  39.861  -52.272  32.795 0.0000000000
35920  39.003  -51.783  31.482 0.0000000000
35941  37.890  -51.597  30.530 0.0000000000
33080  38.961  -54.831  34.942 0.0000000000
33962  38.333  -53.670  32.897 0.0000000000
33981  37.240  -53.731  31.740 0.0000000000
33980  37.752  -53.438  32.115 0.0000000000
34919  37.573  -52.922  31.392 0.0000000000
34949  36.539  -51.916  30.023 0.0000000000
63712  50.882  -22.066  18.455 0.0000000000
63713  50.230  -22.262  18.002 0.0000000000
62711  48.296  -23.367  17.905 0.0000000000
61762  46.290  -24.431  16.961 0.0000000000
60803  47.449  -25.568  19.728 0.0000000000
59893  46.321  -26.627  18.981 0.0000000000
60814  46.134  -26.197  18.615 0.0000000000
60822  46.280  -25.312  18.159 0.0000000000
36870  27.184  -50.854  32.104 0.0000000000
36885  27.160  -50.723  31.427 0.0000000000
35947  26.269  -51.091  30.387 0.0000000000
35966  26.009  -51.727  29.946 0.0000000000
34945  25.809  -52.281  30.104 0.0000000000
35911  23.876  -51.719  32.929 0.0000000000
34926  24.011  -52.393  31.887 0.0000000000
33968  23.989  -53.638  32.300 0.0000000000
33991  24.481  -53.347  31.669 0.0000000000
34004  24.836  -52.701  31.030 0.0000000000
33137  26.714  -54.225  31.714 0.0000000000
33118  27.524  -54.710  32.467 0.0000000000
42164  39.939  -44.413  41.139 0.0000000000
42228  40.048  -44.243  39.031 0.0000000000
42207  39.614  -44.841  39.557 0.0000000000
43219  39.901  -44.122  38.698 0.0000000000
43258  38.568  -43.364  36.832 0.0000000000
43275  37.744  -43.290  36.089 0.0000000000
43292  37.215  -43.184  35.366 0.0000000000
43276  36.580  -43.707  35.770 0.0000000000
42269  36.603  -44.428  36.903 0.0000000000
42284  36.146  -44.234  36.219 0.0000000000
40506  35.928  -46.069  38.007 0.0000000000
41363  35.732  -45.669  37.487 0.0000000000
41371  35.129  -45.680  36.777 0.0000000000
40560  37.972  -47.148  33.582 0.0000000000
39673  37.279  -47.502  34.113 0.0000000000
40559  39.289  -47.414  33.115 0.0000000000
39690  39.849  -47.783  33.169 0.0000000000
38722  40.251  -48.485  33.145 0.0000000000
37805  39.916  -49.273  33.047 0.0000000000
37772  33.990  -49.358  38.333 0.0000000000
36808  33.677  -49.764  38.425 0.0000000000
37779  33.759  -49.224  37.745 0.0000000000
36825  32.582  -49.994  35.860 0.0000000000
37799  33.088  -49.530  34.104 0.0000000000
38733  38.396  -48.915  32.256 0.0000000000
37814  39.350  -49.383  32.725 0.0000000000
36850  39.909  -50.234  33.655 0.0000000000
36851  39.313  -50.561  33.581 0.0000000000
35887  39.310  -51.044  34.134 0.0000000000
35888  38.214  -51.855  34.516 0.0000000000
36865  37.238  -51.060  32.580 0.0000000000
34890  37.570  -52.439  34.760 0.0000000000
34880  37.411  -52.936  35.114 0.0000000000
35943  34.707  -50.973  31.215 0.0000000000
34921  34.479  -52.333  32.171 0.0000000000
35906  35.217  -52.231  32.553 0.0000000000
34903  35.502  -52.541  33.080 0.0000000000
34892  35.942  -52.954  33.761 0.0000000000
33940  36.934  -53.631  35.218 0.0000000000
33081  36.479  -54.550  35.207 0.0000000000
32222  36.121  -55.050  35.070 0.0000000000
56813  50.226  -29.356  19.057 0.0000000000
56837  49.331  -29.297  17.506 0.0000000000
55928  42.555  -30.761  15.829 0.0000000000
54991  43.398  -31.635  14.409 0.0000000000
53980  43.462  -32.672  13.793 0.0000000000
36734  24.850  -49.660  43.506 0.0000000000
36755  24.580  -50.019  43.340 0.0000000000
35757  23.600  -50.988  42.125 0.0000000000
36757  22.388  -50.562  43.535 0.0000000000
33040  20.171  -54.144  40.881 0.0000000000
33902  20.215  -53.487  39.276 0.0000000000
33913  20.151  -53.724  38.081 0.0000000000
33059  20.413  -54.321  37.139 0.0000000000
32190  20.694  -55.178  37.168 0.0000000000
32189  21.519  -55.809  36.775 0.0000000000
31304  21.035  -56.055  37.306 0.0000000000
29180  19.973  -57.622  38.557 0.0000000000
63687  49.826  -22.945  19.268 0.0000000000
63686  50.409  -22.689  19.779 0.0000000000
62685  49.569  -23.484  19.933 0.0000000000
61713  49.134  -24.415  20.517 0.0000000000
63666  51.647  -22.560  21.954 0.0000000000
60788  48.774  -24.999  20.717 0.0000000000
59857  48.687  -26.053  21.432 0.0000000000
59842  48.422  -27.063  21.621 0.0000000000
58843  48.736  -27.614  21.910 0.0000000000
57772  48.663  -28.074  21.621 0.0000000000
60754  52.061  -25.488  23.940 0.0000000000
58825  50.886  -27.468  23.368 0.0000000000
57753  50.658  -28.042  23.178 0.0000000000
57769  50.943  -28.981  22.711 0.0000000000
56780  50.537  -29.380  21.456 0.0000000000
57811  50.669  -29.288  20.174 0.0000000000
57828  50.628  -29.112  20.076 0.0000000000
55865  49.992  -30.601  19.550 0.0000000000
54917  49.338  -31.539  20.677 0.0000000000
54891  49.167  -31.732  21.481 0.0000000000
54961  47.512  -31.235  19.024 0.0000000000
55895  43.387  -30.528  18.217 0.0000000000
55793  49.976  -30.512  26.247 0.0000000000
55777  49.837  -30.495  26.738 0.0000000000
55794  49.443  -30.653  26.108 0.0000000000
55761  47.622  -31.063  27.333 0.0000000000
55796  47.553  -30.910  26.059 0.0000000000
55834  45.152  -31.005  21.089 0.0000000000
55835  44.367  -30.916  21.080 0.0000000000
55896  42.405  -30.590  17.958 0.0000000000
53025  42.187  -33.147  21.233 0.0000000000
53026  41.712  -33.296  20.559 0.0000000000
53035  40.580  -33.523  18.900 0.0000000000
52047  47.132  -34.583  29.406 0.0000000000
51190  47.035  -35.011  28.735 0.0000000000
52067  46.636  -34.801  27.963 0.0000000000
51145  42.760  -35.472  32.372 0.0000000000
51144  43.305  -35.163  31.872 0.0000000000
46422  43.917  -40.150  30.124 0.0000000000
47428  44.197  -39.647  30.293 0.0000000000
48377  44.061  -38.867  30.749 0.0000000000
48384  44.278  -38.649  29.665 0.0000000000
48378  43.698  -37.981  30.794 0.0000000000
50243  43.410  -36.596  30.978 0.0000000000
51159  43.693  -35.525  31.184 0.0000000000
51158  44.708  -35.091  30.814 0.0000000000
50251  45.637  -35.981  29.376 0.0000000000
50261  45.894  -36.149  29.057 0.0000000000
50268  45.845  -36.330  28.396 0.0000000000
50260  46.321  -35.862  28.949 0.0000000000
50276  46.193  -35.868  28.204 0.0000000000
51198  46.200  -35.422  27.762 0.0000000000
51221  44.754  -34.970  25.678 0.0000000000
51235  43.821  -34.878  24.713 0.0000000000
50308  43.619  -35.670  25.633 0.0000000000
51223  43.490  -35.358  25.119 0.0000000000
51236  43.309  -35.168  24.335 0.0000000000
51246  42.415  -35.326  23.474 0.0000000000
51255  41.106  -35.696  22.348 0.0000000000
50290  41.510  -36.582  25.857 0.0000000000
50328  41.181  -36.009  24.428 0.0000000000
50337  40.585  -36.024  23.692 0.0000000000
51248  40.880  -35.978  23.018 0.0000000000
51276  39.027  -35.271  20.399 0.0000000000
48425  35.408  -39.180  25.933 0.0000000000
47512  33.809  -39.504  23.671 0.0000000000
45418  34.928  -42.048  25.152 0.0000000000
45427  34.148  -41.409  24.026 0.0000000000
43309  36.403  -43.287  33.750 0.0000000000
42354  36.278  -45.176  28.836 0.0000000000
40592  36.913  -46.297  31.205 0.0000000000
40604  36.941  -46.149  30.261 0.0000000000
40611  38.757  -46.207  29.856 0.0000000000
40612  37.745  -46.079  29.698 0.0000000000
41439  37.457  -45.710  29.073 0.0000000000
41447  37.167  -45.438  28.703 0.0000000000
42363  36.837  -45.055  28.273 0.0000000000
42391  38.182  -44.813  26.193 0.0000000000
41459  39.211  -45.358  26.866 0.0000000000
41460  38.587  -45.229  26.356 0.0000000000
41474  36.002  -45.524  25.013 0.0000000000
36861  40.967  -50.267  32.529 0.0000000000
37824  40.808  -49.563  31.538 0.0000000000
37842  39.168  -49.894  30.231 0.0000000000
38757  39.965  -48.997  30.159 0.0000000000
38769  39.589  -48.420  29.369 0.0000000000
36928  36.324  -50.189  29.244 0.0000000000
37877  37.051  -49.283  28.993 0.0000000000
38784  35.812  -48.888  28.349 0.0000000000
39724  38.102  -47.930  28.122 0.0000000000
40672  34.901  -45.449  24.520 0.0000000000
63724  49.988  -22.286  17.324 0.0000000000
64697  49.769  -22.233  16.332 0.0000000000
63737  49.243  -22.286  15.817 0.0000000000
63762  48.267  -22.459  13.619 0.0000000000
29162  18.016  -58.143  40.801 0.0000000000
30265  18.201  -57.312  41.094 0.0000000000
30270  18.065  -57.708  40.884 0.0000000000
31316  22.336  -56.182  36.731 0.0000000000
32188  22.040  -56.100  36.719 0.0000000000
32215  23.233  -55.276  35.251 0.0000000000
33072  22.640  -54.868  35.061 0.0000000000
33079  38.995  -54.329  35.625 0.0000000000
33086  22.293  -54.223  34.489 0.0000000000
33927  39.747  -52.849  35.565 0.0000000000
33931  21.593  -53.848  35.075 0.0000000000
33939  37.692  -53.330  35.588 0.0000000000
33942  22.185  -53.717  34.128 0.0000000000
33944  21.423  -53.210  34.952 0.0000000000
33948  39.318  -53.542  34.214 0.0000000000
33954  22.835  -53.636  33.293 0.0000000000
33970  22.658  -53.039  33.169 0.0000000000
33997  31.169  -52.981  30.639 0.0000000000
33999  29.565  -53.206  30.231 0.0000000000
34002  26.264  -53.056  30.291 0.0000000000
34010  28.021  -52.680  29.598 0.0000000000
34761  20.738  -52.250  43.731 0.0000000000
34785  27.055  -51.859  40.554 0.0000000000
34814  27.835  -51.940  39.722 0.0000000000
34863  21.244  -52.456  36.103 0.0000000000
34867  40.467  -51.891  35.275 0.0000000000
34869  39.471  -52.556  35.605 0.0000000000
34871  21.442  -52.605  35.422 0.0000000000
34877  40.480  -52.586  34.856 0.0000000000
34879  38.177  -52.679  35.401 0.0000000000
34883  21.522  -53.065  34.780 0.0000000000
34887  40.782  -51.949  34.193 0.0000000000
34896  22.124  -52.941  33.955 0.0000000000
34917  39.265  -52.045  31.998 0.0000000000
34956  27.806  -52.112  29.340 0.0000000000
34957  26.928  -51.875  29.545 0.0000000000
34958  26.314  -51.917  29.743 0.0000000000
35733  30.694  -50.451  43.315 0.0000000000
35780  32.687  -50.128  41.055 0.0000000000
35828  21.624  -52.145  36.253 0.0000000000
35847  22.006  -52.004  35.867 0.0000000000
35851  40.480  -51.575  35.004 0.0000000000
35852  40.131  -51.763  35.318 0.0000000000
35853  39.826  -52.104  35.500 0.0000000000
35870  38.635  -52.176  35.237 0.0000000000
35880  22.621  -52.071  34.504 0.0000000000
35881  22.167  -52.304  34.782 0.0000000000
35886  39.893  -50.748  34.277 0.0000000000
35897  22.940  -51.988  33.883 0.0000000000
35900  40.339  -51.307  32.430 0.0000000000
35902  38.995  -50.719  33.549 0.0000000000
35919  39.596  -51.319  31.593 0.0000000000
35925  33.022  -51.926  30.999 0.0000000000
35926  26.254  -50.941  31.006 0.0000000000
35929  24.015  -51.903  32.351 0.0000000000
35940  38.741  -51.456  30.955 0.0000000000
36835  32.554  -49.982  35.267 0.0000000000
36840  40.372  -50.660  34.166 0.0000000000
36852  31.751  -49.925  33.575 0.0000000000
36860  41.263  -49.753  32.472 0.0000000000
36862  39.569  -49.768  33.108 0.0000000000
36866  30.288  -50.115  32.565 0.0000000000
36868  28.784  -50.529  32.371 0.0000000000
36869  27.828  -50.807  32.395 0.0000000000
36876  40.019  -50.745  31.541 0.0000000000
36877  38.575  -49.877  32.323 0.0000000000
36899  34.697  -50.350  30.903 0.0000000000
36902  29.353  -49.935  30.943 0.0000000000
36905  26.775  -50.837  30.416 0.0000000000
36918  31.272  -50.142  29.605 0.0000000000
36923  26.751  -50.901  30.019 0.0000000000
37732  34.241  -48.773  42.934 0.0000000000
37812  41.360  -49.271  32.234 0.0000000000
37815  38.817  -49.488  32.380 0.0000000000
37823  41.200  -49.077  31.676 0.0000000000
37825  40.223  -50.242  31.331 0.0000000000
37840  40.519  -49.273  30.950 0.0000000000
37843  35.195  -49.582  30.899 0.0000000000
37848  30.838  -49.286  30.582 0.0000000000
37866  30.198  -49.680  30.012 0.0000000000
38654  37.114  -47.689  41.920 0.0000000000
38666  36.273  -48.475  40.373 0.0000000000
38731  41.352  -48.504  32.440 0.0000000000
38732  39.034  -49.029  32.472 0.0000000000
38739  32.650  -48.732  32.225 0.0000000000
38745  38.038  -49.301  31.872 0.0000000000
38759  34.514  -48.950  30.802 0.0000000000
39510  37.018  -47.086  42.629 0.0000000000
39562  38.032  -47.041  41.299 0.0000000000
39603  36.434  -47.358  39.266 0.0000000000
39688  40.918  -47.864  32.892 0.0000000000
39689  40.559  -47.889  33.066 0.0000000000
39701  40.609  -47.613  32.644 0.0000000000
39708  41.200  -48.003  31.891 0.0000000000
39709  40.860  -47.577  32.028 0.0000000000
40558  39.783  -47.488  33.029 0.0000000000
40573  40.387  -47.437  32.586 0.0000000000
40613  36.959  -45.894  29.573 0.0000000000
41350  38.649  -45.315  39.192 0.0000000000
41440  36.537  -45.454  29.117 0.0000000000
41452  39.515  -45.368  27.871 0.0000000000
42205  40.731  -43.921  39.641 0.0000000000
42231  37.616  -45.219  38.341 0.0000000000
42369  39.362  -45.223  27.375 0.0000000000
42370  39.029  -45.103  27.512 0.0000000000
42401  37.180  -44.616  25.320 0.0000000000
43216  41.664  -42.724  38.279 0.0000000000
44238  41.004  -42.851  37.443 0.0000000000
44261  42.793  -41.467  35.092 0.0000000000
44369  36.043  -43.194  26.221 0.0000000000
45286  42.752  -41.450  34.860 0.0000000000
45319  43.890  -40.782  31.760 0.0000000000
45320  43.438  -40.965  32.036 0.0000000000
45333  43.494  -40.824  31.430 0.0000000000
45349  43.476  -40.743  31.063 0.0000000000
45411  34.719  -41.489  25.363 0.0000000000
46373  44.008  -40.595  32.800 0.0000000000
46392  43.749  -40.688  31.149 0.0000000000
46393  42.917  -40.803  31.160 0.0000000000
47385  43.859  -40.229  33.743 0.0000000000
47393  44.133  -40.134  33.162 0.0000000000
47405  44.413  -39.856  32.396 0.0000000000
47418  44.378  -39.915  31.286 0.0000000000
49344  43.632  -37.207  30.606 0.0000000000
49356  45.392  -36.799  28.641 0.0000000000
49412  38.937  -36.999  25.342 0.0000000000
49418  37.033  -37.272  24.171 0.0000000000
50262  45.335  -36.667  29.082 0.0000000000
50267  46.309  -35.857  28.700 0.0000000000
50326  42.784  -35.436  24.385 0.0000000000
51172  44.862  -35.587  30.147 0.0000000000
51182  47.026  -35.107  29.002 0.0000000000
52036  46.609  -34.639  30.355 0.0000000000
52056  47.111  -34.679  28.971 0.0000000000
52057  46.946  -34.743  28.551 0.0000000000
52114  43.245  -34.454  23.259 0.0000000000
53093  43.701  -33.033  13.607 0.0000000000
53903  42.853  -33.162  23.010 0.0000000000
53958  41.607  -32.253  15.422 0.0000000000
53967  42.464  -32.367  14.538 0.0000000000
54755  50.764  -29.779  26.280 0.0000000000
54756  50.581  -29.960  26.426 0.0000000000
54915  50.741  -30.851  20.743 0.0000000000
54980  42.365  -31.266  15.315 0.0000000000
55004  43.612  -32.209  13.912 0.0000000000
55776  50.116  -30.382  26.594 0.0000000000
55912  41.565  -30.939  16.736 0.0000000000
56796  50.650  -29.413  20.785 0.0000000000
57810  51.189  -29.506  20.084 0.0000000000
58863  47.627  -27.272  20.755 0.0000000000
59873  47.081  -27.100  20.157 0.0000000000
59884  47.121  -26.182  19.907 0.0000000000
60756  50.977  -26.055  22.967 0.0000000000
