#!ascii label  , from subject msSRGRS20160210 vox2ras=TkReg
854
97047  38.478  18.457  4.297 0.0000000000
98216  40.493  20.391  10.240 0.0000000000
92834  40.576  12.071  -0.738 0.0000000000
95861  33.757  16.234  2.285 0.0000000000
94174  35.174  13.696  0.007 0.0000000000
100779  42.195  24.631  9.707 0.0000000000
98862  33.919  22.038  10.613 0.0000000000
100794  35.412  25.110  9.165 0.0000000000
93490  46.116  12.413  2.371 0.0000000000
92865  43.730  11.385  -3.221 0.0000000000
97636  42.724  19.482  7.631 0.0000000000
96493  39.437  16.741  0.576 0.0000000000
95845  41.281  16.239  3.406 0.0000000000
92031  40.013  10.988  3.340 0.0000000000
102664  35.345  27.468  6.021 0.0000000000
102013  40.916  26.360  11.311 0.0000000000
92870  38.961  12.302  -3.458 0.0000000000
96444  36.072  17.486  3.231 0.0000000000
95311  34.786  14.906  1.028 0.0000000000
95859  36.086  16.438  2.093 0.0000000000
98256  40.739  20.328  7.496 0.0000000000
97658  37.517  19.193  5.773 0.0000000000
100131  31.411  23.316  9.898 0.0000000000
92013  45.942  10.370  4.879 0.0000000000
92061  46.424  10.894  1.003 0.0000000000
90544  45.928  8.168  2.746 0.0000000000
102120  38.738  26.231  2.405 0.0000000000
96986  42.504  19.321  8.778 0.0000000000
96388  42.842  17.866  5.833 0.0000000000
96363  41.655  17.825  8.026 0.0000000000
94718  36.034  14.599  6.929 0.0000000000
94728  37.913  14.407  4.815 0.0000000000
92755  38.536  12.224  5.552 0.0000000000
92010  42.549  11.077  5.281 0.0000000000
100087  37.125  23.890  12.459 0.0000000000
101406  37.761  26.068  10.814 0.0000000000
100099  40.916  23.606  11.846 0.0000000000
98829  43.359  22.578  10.990 0.0000000000
94173  38.661  14.040  -0.596 0.0000000000
94779  38.037  14.262  -1.768 0.0000000000
94201  40.037  13.552  -3.392 0.0000000000
92823  34.824  12.444  0.726 0.0000000000
92073  36.705  10.654  -0.366 0.0000000000
102620  42.400  26.900  7.995 0.0000000000
101435  41.094  25.546  7.386 0.0000000000
98858  37.761  21.298  10.233 0.0000000000
96990  38.990  17.717  9.651 0.0000000000
103149  29.620  28.667  5.475 0.0000000000
103132  33.218  28.809  7.338 0.0000000000
100749  34.236  24.033  12.060 0.0000000000
92831  43.285  12.012  -0.163 0.0000000000
93538  42.267  12.780  -2.220 0.0000000000
92844  45.378  11.794  -1.592 0.0000000000
91319  45.236  9.461  -2.108 0.0000000000
97655  41.001  19.251  5.551 0.0000000000
96441  39.514  17.588  2.689 0.0000000000
97066  41.338  17.991  3.457 0.0000000000
95855  41.349  16.839  2.090 0.0000000000
94753  39.505  14.714  1.470 0.0000000000
95821  38.940  16.352  5.591 0.0000000000
94738  39.450  14.267  3.099 0.0000000000
92806  40.555  11.269  1.263 0.0000000000
92791  43.957  11.337  2.633 0.0000000000
93458  45.397  12.430  5.556 0.0000000000
102131  36.155  26.792  1.658 0.0000000000
102682  38.142  27.175  4.987 0.0000000000
102610  37.940  28.073  8.731 0.0000000000
102622  41.303  27.537  7.763 0.0000000000
101404  42.968  25.326  10.368 0.0000000000
98879  42.908  22.097  9.308 0.0000000000
95321  36.751  15.747  0.109 0.0000000000
93543  36.742  12.947  -1.836 0.0000000000
91321  38.626  9.779  -1.812 0.0000000000
92867  41.979  11.922  -3.760 0.0000000000
97070  36.712  17.997  3.781 0.0000000000
96466  35.467  16.981  2.637 0.0000000000
96443  37.185  17.474  3.136 0.0000000000
97644  39.287  19.632  6.284 0.0000000000
98268  38.765  20.122  7.013 0.0000000000
97023  38.000  18.829  5.030 0.0000000000
97049  36.292  18.389  4.469 0.0000000000
91256  44.964  9.734  5.241 0.0000000000
91270  45.821  9.511  3.817 0.0000000000
90528  44.933  7.966  4.004 0.0000000000
90564  37.414  8.038  0.137 0.0000000000
97600  41.641  20.063  9.819 0.0000000000
97002  42.088  18.441  8.404 0.0000000000
97617  40.957  19.045  9.558 0.0000000000
93452  36.488  12.865  6.218 0.0000000000
93460  37.488  12.988  5.490 0.0000000000
99435  39.380  22.408  11.208 0.0000000000
100085  39.109  24.012  12.233 0.0000000000
98833  40.460  21.914  11.112 0.0000000000
98854  42.097  21.428  10.743 0.0000000000
93511  38.933  13.364  -0.481 0.0000000000
94181  39.174  13.465  -1.853 0.0000000000
93540  40.391  12.961  -2.337 0.0000000000
95300  33.359  15.244  2.130 0.0000000000
94747  33.270  14.492  2.032 0.0000000000
94763  34.783  14.205  0.556 0.0000000000
93513  34.758  13.203  0.612 0.0000000000
93512  35.248  12.794  0.158 0.0000000000
92821  35.849  11.215  0.156 0.0000000000
92838  35.779  12.419  -0.255 0.0000000000
102048  42.427  26.260  8.396 0.0000000000
102059  42.158  26.211  7.495 0.0000000000
101414  41.707  25.263  9.211 0.0000000000
97072  34.644  17.882  3.957 0.0000000000
96468  33.225  16.829  2.745 0.0000000000
98860  35.929  22.053  10.253 0.0000000000
97619  36.890  19.788  9.872 0.0000000000
98233  35.897  20.565  9.600 0.0000000000
100092  32.284  23.166  12.037 0.0000000000
100104  33.120  23.701  11.139 0.0000000000
99424  33.788  23.083  12.156 0.0000000000
99438  36.065  22.836  11.738 0.0000000000
93499  45.092  12.439  0.922 0.0000000000
93521  44.542  12.683  -0.796 0.0000000000
93519  46.090  12.351  -0.187 0.0000000000
91298  46.020  9.665  0.600 0.0000000000
92071  46.010  10.826  -0.520 0.0000000000
90581  45.455  9.023  -0.851 0.0000000000
97641  42.262  19.386  6.555 0.0000000000
97020  41.620  18.799  4.896 0.0000000000
97653  42.654  18.871  6.079 0.0000000000
95830  42.537  16.974  4.575 0.0000000000
96437  42.717  17.323  3.532 0.0000000000
95285  41.478  16.438  2.721 0.0000000000
95308  40.202  15.688  1.262 0.0000000000
95298  40.188  15.295  2.155 0.0000000000
95807  38.314  16.778  9.114 0.0000000000
96380  39.483  17.093  8.094 0.0000000000
95816  38.036  16.229  6.544 0.0000000000
92781  38.872  12.398  3.909 0.0000000000
94151  38.890  13.593  3.700 0.0000000000
93480  39.274  12.426  3.112 0.0000000000
93491  39.408  12.580  2.057 0.0000000000
92792  40.317  11.123  2.156 0.0000000000
92805  41.633  11.062  1.141 0.0000000000
92042  41.590  10.634  2.902 0.0000000000
92739  42.906  11.824  6.864 0.0000000000
92750  43.922  11.729  5.980 0.0000000000
102099  35.499  27.054  4.158 0.0000000000
102110  37.046  26.610  3.268 0.0000000000
102683  36.998  27.105  5.027 0.0000000000
102061  33.870  27.102  7.616 0.0000000000
103131  33.925  28.811  7.520 0.0000000000
102052  35.286  27.188  8.412 0.0000000000
102027  38.937  26.739  10.868 0.0000000000
102596  37.601  27.571  9.515 0.0000000000
102579  39.548  27.286  10.281 0.0000000000
102609  39.411  27.729  8.738 0.0000000000
102593  41.085  27.464  9.419 0.0000000000
102592  41.984  27.342  9.373 0.0000000000
102011  42.427  26.316  10.741 0.0000000000
98229  43.483  20.802  9.350 0.0000000000
98878  43.477  21.925  9.741 0.0000000000
98245  42.808  20.438  8.146 0.0000000000
98255  42.018  19.995  7.276 0.0000000000
96482  39.165  16.941  0.819 0.0000000000
95857  37.967  16.793  1.616 0.0000000000
95894  37.966  16.139  -0.162 0.0000000000
94214  38.223  13.288  -3.022 0.0000000000
94205  37.283  13.763  -2.248 0.0000000000
93554  38.082  12.376  -2.752 0.0000000000
92082  37.801  10.772  -1.760 0.0000000000
92095  38.609  10.849  -2.382 0.0000000000
92856  43.650  12.242  -2.814 0.0000000000
93560  42.279  12.607  -3.424 0.0000000000
92866  42.937  11.824  -3.403 0.0000000000
96467  34.312  16.962  2.662 0.0000000000
95299  34.327  15.551  1.792 0.0000000000
95860  34.953  16.277  2.046 0.0000000000
95874  35.123  15.606  1.477 0.0000000000
95310  35.762  15.484  0.844 0.0000000000
98881  41.235  22.329  9.282 0.0000000000
97050  35.281  18.340  4.531 0.0000000000
93478  46.664  12.124  3.651 0.0000000000
92800  46.791  11.714  1.770 0.0000000000
92039  46.799  10.744  2.943 0.0000000000
91288  46.424  9.725  2.158 0.0000000000
97633  42.954  19.962  8.552 0.0000000000
97013  42.791  18.466  6.284 0.0000000000
97008  42.325  18.241  7.605 0.0000000000
96389  42.213  17.621  6.328 0.0000000000
96402  41.601  17.383  5.963 0.0000000000
95265  36.716  15.176  6.606 0.0000000000
95264  37.412  15.537  6.253 0.0000000000
94134  37.341  13.846  5.354 0.0000000000
93467  38.314  12.881  4.581 0.0000000000
92779  39.847  11.182  4.017 0.0000000000
92029  41.656  10.638  3.842 0.0000000000
92763  40.908  11.087  5.103 0.0000000000
92741  40.498  11.642  6.642 0.0000000000
92712  40.895  11.583  8.443 0.0000000000
102666  34.142  28.363  5.630 0.0000000000
100769  36.254  24.909  11.511 0.0000000000
101417  36.852  25.832  9.906 0.0000000000
101381  37.503  25.050  12.316 0.0000000000
101379  38.988  25.303  12.284 0.0000000000
100757  40.990  24.723  11.941 0.0000000000
100756  42.438  24.787  11.602 0.0000000000
99432  42.801  23.008  11.475 0.0000000000
98213  43.336  21.317  10.101 0.0000000000
95319  39.306  15.878  0.222 0.0000000000
95331  38.399  15.522  -0.306 0.0000000000
94770  38.332  14.601  -0.807 0.0000000000
94192  38.821  13.633  -2.194 0.0000000000
94212  39.591  13.412  -3.815 0.0000000000
91344  44.170  10.210  -4.243 0.0000000000
92121  42.840  10.352  -4.233 0.0000000000
92810  33.908  12.353  1.714 0.0000000000
94756  33.873  14.400  1.559 0.0000000000
93502  34.329  12.765  1.172 0.0000000000
92808  35.036  11.015  0.952 0.0000000000
91301  35.781  10.151  0.583 0.0000000000
91300  36.619  9.681  0.247 0.0000000000
91299  37.396  8.955  0.072 0.0000000000
101460  42.072  26.200  5.998 0.0000000000
101447  41.061  25.492  6.361 0.0000000000
98857  38.781  21.140  10.447 0.0000000000
97602  39.947  19.240  9.928 0.0000000000
97603  38.691  19.269  10.108 0.0000000000
96974  37.995  18.397  10.150 0.0000000000
96349  37.061  17.148  10.005 0.0000000000
95809  36.748  15.861  8.989 0.0000000000
95262  35.727  15.108  8.180 0.0000000000
103142  31.170  28.690  6.109 0.0000000000
102062  33.158  26.970  7.160 0.0000000000
100806  34.322  25.390  8.078 0.0000000000
100771  34.641  24.269  10.713 0.0000000000
100088  36.181  23.814  12.533 0.0000000000
99437  37.041  22.877  11.508 0.0000000000
92833  41.530  11.881  -0.653 0.0000000000
93524  41.463  12.416  -1.502 0.0000000000
93522  43.529  12.515  -0.939 0.0000000000
93536  44.281  12.623  -1.581 0.0000000000
92855  44.362  11.589  -2.701 0.0000000000
92829  46.334  11.791  -0.025 0.0000000000
92080  45.629  10.849  -1.423 0.0000000000
92091  44.880  10.710  -2.940 0.0000000000
97022  39.149  18.870  4.943 0.0000000000
97068  38.983  18.016  3.542 0.0000000000
97046  39.666  18.450  4.224 0.0000000000
97067  40.186  18.007  3.462 0.0000000000
96480  40.390  17.158  1.325 0.0000000000
97043  42.852  18.110  4.074 0.0000000000
96460  41.818  17.180  2.621 0.0000000000
95868  40.638  16.786  1.239 0.0000000000
94760  39.500  15.370  0.725 0.0000000000
94754  39.114  14.574  0.683 0.0000000000
93510  39.273  12.723  -0.228 0.0000000000
96345  40.342  17.681  9.042 0.0000000000
96391  40.410  17.352  6.964 0.0000000000
95832  39.930  16.233  4.669 0.0000000000
95267  38.358  15.518  5.109 0.0000000000
95275  39.516  15.468  4.065 0.0000000000
95287  39.776  15.041  3.209 0.0000000000
94746  39.580  14.390  2.472 0.0000000000
93500  39.225  12.773  0.899 0.0000000000
92819  40.546  11.634  0.188 0.0000000000
92818  41.547  11.420  0.271 0.0000000000
92816  43.622  11.847  0.567 0.0000000000
92801  45.439  12.268  2.299 0.0000000000
92027  43.286  10.909  4.230 0.0000000000
92777  44.809  11.850  3.914 0.0000000000
93479  46.180  12.348  3.399 0.0000000000
93456  46.528  11.925  5.759 0.0000000000
102121  37.573  26.373  2.399 0.0000000000
102096  38.849  26.826  4.125 0.0000000000
102681  39.361  27.291  4.945 0.0000000000
102597  37.080  27.411  9.365 0.0000000000
102644  36.750  27.538  6.897 0.0000000000
102643  37.721  27.521  6.860 0.0000000000
102641  39.966  27.576  6.833 0.0000000000
102640  41.063  27.585  6.830 0.0000000000
102621  42.081  27.349  7.824 0.0000000000
102605  42.602  26.764  8.753 0.0000000000
100778  42.996  24.575  10.132 0.0000000000
100096  43.524  24.068  11.053 0.0000000000
100777  43.443  24.222  10.501 0.0000000000
100124  42.743  23.744  9.845 0.0000000000
98891  42.375  21.454  8.710 0.0000000000
98266  41.088  19.813  6.801 0.0000000000
96464  37.666  17.036  2.358 0.0000000000
95309  36.411  15.849  0.956 0.0000000000
95334  35.973  14.727  -0.689 0.0000000000
95341  37.392  14.881  -1.247 0.0000000000
94781  36.664  14.372  -1.542 0.0000000000
94183  36.119  13.685  -1.183 0.0000000000
92848  36.709  12.204  -1.317 0.0000000000
92072  37.237  10.680  -0.896 0.0000000000
93551  41.036  13.359  -2.909 0.0000000000
94210  41.024  13.372  -3.919 0.0000000000
92869  39.983  12.068  -3.781 0.0000000000
92108  42.407  10.816  -3.728 0.0000000000
92857  39.762  11.356  -3.190 0.0000000000
89127  44.350  6.524  3.716 0.0000000000
89154  45.110  6.794  2.680 0.0000000000
97048  37.354  18.452  4.376 0.0000000000
97069  37.821  18.007  3.674 0.0000000000
97657  38.642  19.242  5.662 0.0000000000
91264  44.556  9.250  4.842 0.0000000000
97601  41.134  19.836  9.846 0.0000000000
98856  39.800  21.312  10.641 0.0000000000
98855  41.015  21.262  10.690 0.0000000000
92835  39.876  12.403  -0.777 0.0000000000
93526  39.524  12.924  -1.387 0.0000000000
93525  40.503  12.530  -1.555 0.0000000000
94175  34.751  13.718  0.564 0.0000000000
93529  35.648  13.173  -0.503 0.0000000000
101413  42.438  25.593  9.391 0.0000000000
101424  42.104  25.753  8.552 0.0000000000
96446  33.714  17.458  3.420 0.0000000000
98861  34.951  22.105  10.391 0.0000000000
98884  35.446  21.412  9.752 0.0000000000
98885  34.496  21.432  9.826 0.0000000000
99441  33.285  22.579  11.961 0.0000000000
99425  32.845  22.905  12.135 0.0000000000
99461  34.515  22.494  11.259 0.0000000000
99460  35.501  22.512  11.088 0.0000000000
93498  45.758  12.453  1.388 0.0000000000
93507  45.650  12.588  0.328 0.0000000000
93506  46.222  12.262  0.606 0.0000000000
97637  42.559  19.545  7.150 0.0000000000
97654  42.088  19.102  5.704 0.0000000000
97640  42.706  19.052  6.805 0.0000000000
95844  42.099  16.631  3.507 0.0000000000
95286  40.772  15.806  2.815 0.0000000000
95811  38.589  16.767  8.314 0.0000000000
95812  37.891  16.368  7.685 0.0000000000
92780  39.399  11.651  3.575 0.0000000000
92044  39.934  11.150  2.780 0.0000000000
92793  39.682  11.629  2.278 0.0000000000
92054  41.652  10.782  1.974 0.0000000000
92043  40.687  10.831  2.654 0.0000000000
92711  42.020  11.609  8.553 0.0000000000
102100  34.788  27.391  4.171 0.0000000000
102112  35.039  27.275  3.387 0.0000000000
102098  36.503  26.904  4.134 0.0000000000
102684  35.927  27.107  5.056 0.0000000000
101429  34.819  26.179  8.202 0.0000000000
102060  34.566  27.204  8.046 0.0000000000
101428  35.567  26.062  8.701 0.0000000000
102014  39.861  26.353  11.443 0.0000000000
102026  40.178  26.882  10.847 0.0000000000
102594  39.991  27.541  9.526 0.0000000000
102025  41.228  26.825  10.670 0.0000000000
102577  41.575  27.194  10.045 0.0000000000
102012  41.932  26.351  11.064 0.0000000000
98244  43.413  20.665  8.878 0.0000000000
98254  42.614  19.839  7.551 0.0000000000
95884  38.752  16.393  0.217 0.0000000000
93565  38.384  12.745  -3.277 0.0000000000
93566  37.968  13.153  -2.964 0.0000000000
92871  38.614  12.381  -3.260 0.0000000000
92859  38.483  11.963  -2.870 0.0000000000
92858  39.207  11.579  -3.095 0.0000000000
96445  34.957  17.501  3.265 0.0000000000
95873  35.836  15.908  1.533 0.0000000000
98892  40.939  21.771  8.955 0.0000000000
98247  40.200  21.004  8.244 0.0000000000
97645  38.127  19.625  6.413 0.0000000000
97071  35.650  17.946  3.866 0.0000000000
92775  46.853  11.536  3.812 0.0000000000
92788  47.007  11.664  2.781 0.0000000000
92026  46.472  10.621  3.875 0.0000000000
90543  45.983  8.924  3.187 0.0000000000
91280  46.361  9.737  3.076 0.0000000000
90553  46.168  8.971  2.588 0.0000000000
90554  45.973  8.465  1.880 0.0000000000
102129  38.077  26.079  1.629 0.0000000000
101496  38.511  25.731  0.938 0.0000000000
97615  43.101  20.204  9.157 0.0000000000
97001  42.648  18.972  8.025 0.0000000000
96377  41.932  17.772  7.191 0.0000000000
96390  41.421  17.510  6.757 0.0000000000
95269  37.111  15.081  6.055 0.0000000000
94135  36.775  13.867  5.849 0.0000000000
92756  37.771  12.482  5.754 0.0000000000
93459  38.174  12.560  5.191 0.0000000000
92766  38.755  12.216  4.573 0.0000000000
92765  39.343  11.714  4.672 0.0000000000
92764  40.186  11.255  4.752 0.0000000000
92754  39.392  11.795  5.616 0.0000000000
92742  39.461  11.789  6.560 0.0000000000
92726  39.616  11.687  7.456 0.0000000000
92725  40.685  11.751  7.582 0.0000000000
92713  39.745  11.434  8.367 0.0000000000
100746  36.693  24.404  12.448 0.0000000000
101395  36.719  25.139  11.691 0.0000000000
100745  37.578  24.577  12.417 0.0000000000
100100  39.800  23.398  11.786 0.0000000000
100743  39.455  24.670  12.314 0.0000000000
100084  40.073  24.178  12.147 0.0000000000
101378  39.925  25.185  12.173 0.0000000000
100098  42.077  23.813  11.730 0.0000000000
99433  41.772  22.857  11.599 0.0000000000
98231  42.424  20.462  9.907 0.0000000000
98214  42.690  20.944  10.282 0.0000000000
98230  42.971  20.575  9.709 0.0000000000
94761  38.774  14.898  0.064 0.0000000000
93541  39.747  13.264  -2.363 0.0000000000
94191  39.369  13.483  -2.505 0.0000000000
94202  39.276  13.569  -3.045 0.0000000000
95312  34.085  15.021  1.655 0.0000000000
94755  34.424  14.308  1.048 0.0000000000
92809  34.478  11.660  1.331 0.0000000000
92056  35.205  10.268  1.033 0.0000000000
92064  35.541  10.836  0.524 0.0000000000
92063  36.121  10.678  0.104 0.0000000000
91310  37.104  10.218  -0.419 0.0000000000
102638  42.361  27.056  7.111 0.0000000000
102068  42.273  26.597  6.487 0.0000000000
101434  41.793  25.828  7.768 0.0000000000
101446  41.846  25.966  6.718 0.0000000000
101436  40.302  25.289  7.056 0.0000000000
98218  38.257  20.260  10.149 0.0000000000
97604  37.542  19.330  10.075 0.0000000000
96331  37.394  17.653  10.089 0.0000000000
95795  36.743  16.554  9.714 0.0000000000
95256  36.153  15.469  8.510 0.0000000000
103630  30.879  29.527  5.966 0.0000000000
103148  30.426  28.693  5.722 0.0000000000
102071  31.724  26.861  6.429 0.0000000000
101439  32.538  25.886  7.067 0.0000000000
101438  33.408  26.005  7.428 0.0000000000
100772  33.758  23.968  10.759 0.0000000000
100113  34.000  23.998  9.981 0.0000000000
100761  34.777  24.372  11.701 0.0000000000
100748  34.964  24.204  12.295 0.0000000000
99459  36.472  22.523  10.876 0.0000000000
99458  37.461  22.306  10.727 0.0000000000
99457  38.444  21.988  10.718 0.0000000000
92832  42.525  11.897  -0.453 0.0000000000
93523  42.487  12.415  -1.323 0.0000000000
93520  45.477  12.570  -0.696 0.0000000000
93535  44.987  12.539  -1.392 0.0000000000
92845  44.760  12.153  -2.004 0.0000000000
92814  46.502  11.768  0.838 0.0000000000
92070  46.296  11.218  0.279 0.0000000000
91318  45.595  9.793  -1.318 0.0000000000
91330  45.437  10.112  -2.012 0.0000000000
92090  45.244  10.764  -2.181 0.0000000000
91331  45.270  9.816  -2.865 0.0000000000
91343  44.788  9.953  -3.832 0.0000000000
97021  40.366  18.861  4.893 0.0000000000
97044  42.064  18.351  4.157 0.0000000000
97045  40.902  18.400  4.185 0.0000000000
96440  40.669  17.586  2.695 0.0000000000
97019  42.887  18.407  5.083 0.0000000000
96399  43.252  17.733  4.571 0.0000000000
96461  41.021  17.231  2.004 0.0000000000
95882  40.332  16.613  0.839 0.0000000000
95307  40.489  16.348  1.046 0.0000000000
94166  39.056  13.808  0.940 0.0000000000
93501  38.984  13.292  0.288 0.0000000000
96972  39.731  18.515  9.741 0.0000000000
96989  39.791  18.020  9.569 0.0000000000
95815  39.221  17.016  7.003 0.0000000000
96392  39.847  17.199  7.540 0.0000000000
95814  40.012  17.191  6.587 0.0000000000
95820  40.436  17.089  5.801 0.0000000000
95268  37.603  15.056  5.499 0.0000000000
95822  38.002  15.806  5.750 0.0000000000
95277  38.093  15.008  4.912 0.0000000000
94739  39.001  14.280  3.693 0.0000000000
95288  39.225  14.944  3.808 0.0000000000
92807  39.705  11.856  1.117 0.0000000000
92820  39.737  12.096  0.059 0.0000000000
92804  42.621  11.129  1.296 0.0000000000
92803  43.605  11.393  1.699 0.0000000000
92802  44.731  12.033  1.817 0.0000000000
92790  44.782  11.828  2.882 0.0000000000
92017  41.774  10.842  4.787 0.0000000000
92028  42.547  10.699  4.047 0.0000000000
92015  43.260  10.992  4.645 0.0000000000
92749  44.710  12.252  6.174 0.0000000000
92760  45.031  12.199  4.980 0.0000000000
93466  45.497  12.439  5.074 0.0000000000
92776  45.569  12.265  4.108 0.0000000000
93465  45.899  12.403  4.648 0.0000000000
93464  46.578  12.065  4.758 0.0000000000
102123  35.597  26.989  2.457 0.0000000000
103195  36.074  28.580  1.762 0.0000000000
102707  35.822  27.614  1.679 0.0000000000
102122  36.510  26.591  2.399 0.0000000000
102097  37.628  26.870  4.119 0.0000000000
102109  38.216  26.546  3.263 0.0000000000
101416  37.505  26.465  10.164 0.0000000000
102050  36.766  26.948  9.227 0.0000000000
102041  37.316  26.908  9.716 0.0000000000
103120  36.914  28.186  8.417 0.0000000000
103119  37.399  28.133  8.286 0.0000000000
102626  37.003  27.857  7.610 0.0000000000
102625  37.819  27.832  7.795 0.0000000000
102623  40.240  27.585  7.780 0.0000000000
102639  41.917  27.447  6.926 0.0000000000
102023  42.589  26.344  10.221 0.0000000000
102591  42.519  26.893  9.399 0.0000000000
102038  42.679  26.248  9.417 0.0000000000
100097  43.084  23.912  11.435 0.0000000000
100755  43.314  24.701  11.234 0.0000000000
99431  43.545  23.045  11.060 0.0000000000
98890  43.347  21.303  8.890 0.0000000000
99480  43.333  23.060  10.033 0.0000000000
99481  43.171  22.887  9.788 0.0000000000
100123  43.325  23.680  10.184 0.0000000000
99482  42.377  22.910  9.589 0.0000000000
98265  41.758  19.645  6.715 0.0000000000
97643  40.446  19.585  6.206 0.0000000000
96442  38.327  17.511  2.884 0.0000000000
95885  37.684  16.280  0.384 0.0000000000
95871  37.464  16.430  1.200 0.0000000000
95340  37.905  14.971  -0.909 0.0000000000
93556  37.208  13.361  -2.315 0.0000000000
94193  36.805  13.727  -1.921 0.0000000000
93528  36.182  12.670  -0.963 0.0000000000
91322  38.118  10.179  -1.566 0.0000000000
91309  37.757  9.800  -0.785 0.0000000000
91308  38.515  9.093  -0.967 0.0000000000
93539  41.282  12.840  -2.323 0.0000000000
93550  41.883  13.184  -3.043 0.0000000000
93561  41.523  12.852  -3.785 0.0000000000
92868  41.072  12.049  -4.003 0.0000000000
93562  40.719  12.859  -4.232 0.0000000000
91345  42.407  10.280  -4.177 0.0000000000
96465  36.581  16.970  2.614 0.0000000000
98267  39.965  19.974  6.902 0.0000000000
98257  39.472  20.568  7.596 0.0000000000
97024  36.912  18.776  5.123 0.0000000000
92014  45.489  9.992  5.017 0.0000000000
91263  45.168  9.420  4.555 0.0000000000
91271  45.501  9.129  3.913 0.0000000000
97616  42.051  19.855  9.521 0.0000000000
96987  41.653  18.748  9.087 0.0000000000
97003  41.245  18.016  8.736 0.0000000000
94131  36.180  13.725  6.369 0.0000000000
93461  36.837  13.438  5.832 0.0000000000
100101  38.674  23.374  11.778 0.0000000000
100086  38.103  23.961  12.308 0.0000000000
99434  40.639  22.677  11.536 0.0000000000
98832  41.436  21.998  11.264 0.0000000000
98215  41.725  20.496  10.162 0.0000000000
93527  38.934  13.511  -1.157 0.0000000000
93552  40.324  13.457  -2.898 0.0000000000
92822  35.387  11.753  0.401 0.0000000000
92837  36.334  11.597  -0.453 0.0000000000
102058  42.320  26.591  7.354 0.0000000000
102049  42.179  26.035  8.029 0.0000000000
101425  41.094  25.353  8.514 0.0000000000
95862  32.607  16.271  2.633 0.0000000000
98859  36.845  21.800  10.228 0.0000000000
98882  37.031  21.074  9.848 0.0000000000
98883  36.318  21.273  9.783 0.0000000000
98232  36.642  20.469  9.744 0.0000000000
100105  32.281  23.437  11.491 0.0000000000
100115  32.275  23.569  10.586 0.0000000000
100091  33.340  23.526  11.935 0.0000000000
100090  34.390  23.632  12.254 0.0000000000
99423  34.726  23.183  12.276 0.0000000000
99439  35.110  22.756  11.899 0.0000000000
93508  44.703  12.550  0.154 0.0000000000
93509  43.971  12.389  -0.247 0.0000000000
92062  46.112  10.482  0.185 0.0000000000
91307  45.808  9.752  -0.357 0.0000000000
97642  41.482  19.482  6.239 0.0000000000
96419  42.882  17.231  4.950 0.0000000000
96417  43.318  17.311  4.238 0.0000000000
95843  42.910  16.957  3.826 0.0000000000
95854  41.949  16.851  2.722 0.0000000000
95296  41.452  16.656  2.323 0.0000000000
95297  40.924  16.233  1.874 0.0000000000
96366  39.036  17.054  8.861 0.0000000000
96346  39.417  17.464  9.236 0.0000000000
94139  38.323  13.702  4.265 0.0000000000
94727  38.438  14.344  4.250 0.0000000000
93481  38.828  13.042  3.766 0.0000000000
94150  39.345  13.471  3.013 0.0000000000
92055  40.936  10.949  1.827 0.0000000000
92052  43.201  10.898  2.574 0.0000000000
92751  42.677  11.313  5.651 0.0000000000
92738  44.115  12.239  7.004 0.0000000000
102697  34.643  28.193  3.103 0.0000000000
102696  34.982  27.745  2.728 0.0000000000
102629  33.576  28.009  7.448 0.0000000000
102628  34.284  28.099  7.848 0.0000000000
102613  34.939  28.129  8.351 0.0000000000
101405  38.359  26.349  11.035 0.0000000000
102040  38.041  26.990  10.311 0.0000000000
102039  38.638  27.198  10.338 0.0000000000
102595  38.736  27.583  9.769 0.0000000000
102624  39.014  27.709  7.814 0.0000000000
102608  40.616  27.561  8.653 0.0000000000
102607  41.614  27.469  8.618 0.0000000000
102024  42.061  26.726  10.477 0.0000000000
98852  43.369  22.268  10.582 0.0000000000
99455  43.503  22.776  10.425 0.0000000000
98889  43.591  21.127  9.187 0.0000000000
96463  38.810  17.144  1.727 0.0000000000
95856  38.378  16.913  1.430 0.0000000000
95870  38.334  16.724  1.021 0.0000000000
95320  37.511  15.991  -0.116 0.0000000000
94785  37.950  13.896  -2.376 0.0000000000
94786  37.563  14.039  -2.186 0.0000000000
94204  37.782  13.504  -2.647 0.0000000000
93555  37.603  12.784  -2.569 0.0000000000
93542  37.144  12.248  -1.926 0.0000000000
92860  37.745  11.851  -2.270 0.0000000000
92096  38.143  11.349  -2.353 0.0000000000
92081  38.256  10.364  -1.913 0.0000000000
93549  42.866  12.829  -2.932 0.0000000000
95323  35.124  14.608  0.395 0.0000000000
94762  35.242  14.367  0.040 0.0000000000
100125  41.810  23.742  9.649 0.0000000000
99484  40.574  23.104  9.391 0.0000000000
97025  35.872  18.730  5.197 0.0000000000
100116  31.352  23.364  10.988 0.0000000000
100106  31.482  23.061  11.792 0.0000000000
99442  32.418  22.334  11.847 0.0000000000
93489  46.682  12.185  2.571 0.0000000000
93497  46.442  12.176  1.568 0.0000000000
92051  46.738  10.874  1.997 0.0000000000
91297  46.356  10.090  1.412 0.0000000000
91289  46.137  9.247  1.353 0.0000000000
90562  45.628  8.453  0.848 0.0000000000
97007  42.673  18.681  7.177 0.0000000000
96376  42.541  18.074  6.746 0.0000000000
96401  42.482  17.339  5.372 0.0000000000
95818  42.351  17.156  5.028 0.0000000000
95831  41.279  16.544  4.404 0.0000000000
95260  37.150  15.779  7.130 0.0000000000
94140  37.823  13.829  4.806 0.0000000000
93468  37.841  13.426  4.890 0.0000000000
92030  40.657  10.777  3.713 0.0000000000
92018  40.998  10.809  4.462 0.0000000000
92752  41.412  11.287  5.712 0.0000000000
92753  40.288  11.468  5.734 0.0000000000
92740  41.653  11.644  6.718 0.0000000000
92724  41.871  11.868  7.703 0.0000000000
102665  34.486  27.958  5.969 0.0000000000
100783  35.728  24.809  10.019 0.0000000000
101418  36.010  25.571  9.315 0.0000000000
100782  36.323  24.981  10.725 0.0000000000
101407  36.932  25.289  11.077 0.0000000000
100744  38.543  24.623  12.383 0.0000000000
101380  38.063  25.188  12.256 0.0000000000
101393  38.509  25.905  11.602 0.0000000000
101392  39.486  25.843  11.906 0.0000000000
101391  40.488  25.726  11.806 0.0000000000
101390  41.662  25.659  11.557 0.0000000000
98830  43.177  22.433  11.051 0.0000000000
98831  42.463  22.186  11.243 0.0000000000
98853  42.972  21.732  10.712 0.0000000000
97632  43.317  20.464  9.130 0.0000000000
95883  39.879  16.620  0.593 0.0000000000
94182  38.595  13.877  -1.403 0.0000000000
94203  38.420  13.608  -2.661 0.0000000000
94213  38.812  13.331  -3.435 0.0000000000
93564  39.157  12.874  -4.001 0.0000000000
92106  44.241  10.710  -3.476 0.0000000000
92107  43.404  10.571  -3.888 0.0000000000
92794  34.111  10.827  1.928 0.0000000000
94169  33.753  13.755  1.548 0.0000000000
94168  34.290  13.701  1.073 0.0000000000
93503  33.763  13.157  1.590 0.0000000000
92057  34.634  10.578  1.487 0.0000000000
102069  42.204  26.353  6.862 0.0000000000
101415  41.147  25.071  9.159 0.0000000000
98217  39.329  20.250  10.253 0.0000000000
96973  39.057  18.363  9.906 0.0000000000
98219  37.377  20.358  9.931 0.0000000000
96330  38.252  17.714  9.894 0.0000000000
95794  37.819  16.820  9.416 0.0000000000
95255  36.942  15.847  8.153 0.0000000000
95261  36.188  15.215  7.591 0.0000000000
94714  35.843  14.795  7.450 0.0000000000
103140  32.573  28.726  6.980 0.0000000000
102648  31.464  27.760  6.193 0.0000000000
102647  32.208  27.812  6.599 0.0000000000
102630  32.873  27.892  7.062 0.0000000000
101437  34.166  26.156  7.762 0.0000000000
100795  34.763  25.096  8.648 0.0000000000
100130  32.429  23.699  9.505 0.0000000000
100796  33.895  24.632  8.423 0.0000000000
100784  34.703  24.495  9.559 0.0000000000
100770  35.561  24.591  11.161 0.0000000000
100747  35.826  24.322  12.427 0.0000000000
99422  35.654  23.255  12.292 0.0000000000
100103  36.601  23.326  12.175 0.0000000000
100102  37.596  23.386  11.963 0.0000000000
99436  38.100  22.774  11.303 0.0000000000
99456  39.098  21.721  10.748 0.0000000000
93537  43.382  12.740  -2.024 0.0000000000
92846  44.171  12.414  -2.274 0.0000000000
92830  45.974  11.784  -0.828 0.0000000000
92854  44.939  11.406  -2.272 0.0000000000
96462  40.067  17.372  1.855 0.0000000000
96492  39.734  16.994  0.688 0.0000000000
97065  42.187  18.018  3.692 0.0000000000
97064  42.784  17.692  3.664 0.0000000000
96438  42.288  17.451  3.234 0.0000000000
96439  41.630  17.513  2.905 0.0000000000
94167  38.858  13.997  0.169 0.0000000000
97618  40.215  18.576  9.620 0.0000000000
96988  40.710  18.293  9.291 0.0000000000
96364  40.784  17.556  8.358 0.0000000000
96365  39.899  17.318  8.627 0.0000000000
96379  40.277  17.298  7.912 0.0000000000
96378  41.116  17.522  7.576 0.0000000000
96403  40.986  17.365  6.380 0.0000000000
95276  38.644  14.996  4.356 0.0000000000
95833  39.046  15.752  4.713 0.0000000000
95274  40.453  15.877  3.740 0.0000000000
94159  39.301  13.593  1.841 0.0000000000
92817  42.564  11.478  0.405 0.0000000000
92815  44.371  12.096  1.017 0.0000000000
92041  42.474  10.646  3.137 0.0000000000
92040  43.282  10.841  3.356 0.0000000000
92761  43.673  11.320  4.797 0.0000000000
92778  44.001  11.281  3.624 0.0000000000
92789  45.536  12.248  3.144 0.0000000000
92748  46.475  11.248  5.795 0.0000000000
92007  46.051  10.800  6.075 0.0000000000
102108  39.462  26.437  3.241 0.0000000000
102095  40.138  26.826  4.118 0.0000000000
102680  40.589  27.252  5.003 0.0000000000
102646  34.969  28.073  6.761 0.0000000000
101427  36.291  26.303  9.106 0.0000000000
102051  36.064  27.123  8.775 0.0000000000
102645  35.748  27.851  7.042 0.0000000000
102663  36.345  27.215  6.039 0.0000000000
102662  37.426  27.254  5.956 0.0000000000
102661  38.537  27.433  5.893 0.0000000000
102642  38.799  27.574  6.853 0.0000000000
102660  39.717  27.537  5.867 0.0000000000
102659  40.823  27.501  5.904 0.0000000000
102658  41.756  27.309  5.929 0.0000000000
102606  42.323  27.217  8.653 0.0000000000
101389  42.833  25.699  11.098 0.0000000000
101388  43.444  24.953  10.879 0.0000000000
100767  43.517  24.462  10.791 0.0000000000
101403  43.453  24.887  10.711 0.0000000000
100768  43.398  24.700  10.564 0.0000000000
98880  41.909  22.204  9.266 0.0000000000
98246  41.574  20.758  8.185 0.0000000000
97656  39.812  19.278  5.567 0.0000000000
95858  37.098  16.532  1.965 0.0000000000
95872  36.658  16.163  1.453 0.0000000000
95322  35.676  14.958  -0.030 0.0000000000
94772  35.639  14.267  -0.560 0.0000000000
95893  38.215  15.999  -0.309 0.0000000000
95332  37.599  15.627  -0.578 0.0000000000
94780  37.279  14.436  -1.729 0.0000000000
95342  36.964  14.753  -1.430 0.0000000000
95333  36.592  15.051  -0.909 0.0000000000
94771  36.132  14.471  -1.059 0.0000000000
94184  35.617  13.723  -0.585 0.0000000000
92836  36.846  11.103  -0.771 0.0000000000
92847  37.109  11.492  -1.357 0.0000000000
94199  41.282  13.349  -3.447 0.0000000000
94211  40.375  13.472  -4.007 0.0000000000
93563  39.941  13.024  -4.296 0.0000000000
92109  41.329  11.011  -3.525 0.0000000000
91346  41.670  9.931  -3.886 0.0000000000
92110  40.700  11.527  -3.643 0.0000000000
92094  39.468  10.828  -2.686 0.0000000000
91335  39.061  10.290  -2.347 0.0000000000
89822  44.895  7.340  3.860 0.0000000000
89830  45.021  7.143  3.586 0.0000000000
89136  44.866  6.718  3.396 0.0000000000
89838  45.497  7.348  3.016 0.0000000000
89137  44.483  6.359  3.436 0.0000000000
89144  45.007  6.726  3.172 0.0000000000
89823  44.520  7.087  3.919 0.0000000000
89831  44.734  6.814  3.647 0.0000000000
90534  45.775  8.949  3.468 0.0000000000
90535  45.531  8.475  3.552 0.0000000000
91262  45.677  9.780  4.391 0.0000000000
92011  42.224  11.045  5.283 0.0000000000
92016  42.793  10.921  4.905 0.0000000000
92053  42.539  10.786  2.221 0.0000000000
92737  44.614  12.331  6.659 0.0000000000
92758  46.641  11.368  4.840 0.0000000000
92759  45.545  12.361  4.573 0.0000000000
92762  43.064  11.120  5.148 0.0000000000
93450  44.464  12.360  7.171 0.0000000000
93553  39.777  13.530  -2.871 0.0000000000
94200  40.729  13.568  -3.454 0.0000000000
94215  37.978  13.355  -2.874 0.0000000000
94721  37.423  14.443  5.407 0.0000000000
94722  36.854  14.486  5.969 0.0000000000
94787  37.089  14.114  -1.999 0.0000000000
95317  40.353  16.418  0.829 0.0000000000
95318  40.119  16.158  0.680 0.0000000000
95793  38.177  16.955  9.336 0.0000000000
95819  41.822  17.124  5.162 0.0000000000
95828  43.397  17.097  4.270 0.0000000000
95829  43.174  16.989  4.291 0.0000000000
95842  43.314  17.055  4.047 0.0000000000
95853  42.386  16.892  3.308 0.0000000000
95869  40.171  17.049  0.857 0.0000000000
95886  36.990  16.115  0.800 0.0000000000
96347  38.442  17.210  9.434 0.0000000000
96348  37.610  17.180  9.780 0.0000000000
96400  43.057  17.605  5.096 0.0000000000
96418  43.171  17.238  4.649 0.0000000000
96436  43.140  17.320  3.874 0.0000000000
96459  42.288  17.161  3.063 0.0000000000
96469  32.727  16.730  2.771 0.0000000000
96481  39.759  17.199  1.127 0.0000000000
97018  43.174  18.047  4.398 0.0000000000
97042  43.192  17.720  4.001 0.0000000000
97063  42.998  17.527  3.748 0.0000000000
97614  43.321  20.549  9.360 0.0000000000
99426  32.079  22.788  12.097 0.0000000000
99427  31.721  22.854  12.016 0.0000000000
99440  34.164  22.695  11.951 0.0000000000
99462  33.558  22.395  11.456 0.0000000000
99499  40.775  22.536  9.301 0.0000000000
100089  35.271  23.741  12.468 0.0000000000
100093  31.887  23.029  12.108 0.0000000000
100112  43.502  23.623  10.607 0.0000000000
100128  34.075  24.228  9.442 0.0000000000
100742  40.106  24.695  12.188 0.0000000000
100754  43.552  24.564  11.016 0.0000000000
100758  37.092  24.885  12.329 0.0000000000
100759  36.460  24.879  12.135 0.0000000000
100760  35.573  24.673  11.986 0.0000000000
100762  33.944  24.035  11.468 0.0000000000
100780  41.269  24.517  9.422 0.0000000000
100785  34.196  24.428  9.023 0.0000000000
100790  40.738  24.823  9.101 0.0000000000
101394  37.364  25.322  11.825 0.0000000000
101423  42.473  25.869  8.739 0.0000000000
101445  42.165  26.292  6.470 0.0000000000
102015  39.187  26.242  11.503 0.0000000000
102028  38.268  26.565  10.768 0.0000000000
102070  32.444  26.918  6.764 0.0000000000
102101  34.539  27.624  4.051 0.0000000000
102111  35.978  26.798  3.287 0.0000000000
102113  34.701  27.498  3.778 0.0000000000
102576  42.227  26.975  9.929 0.0000000000
102578  40.606  27.289  10.172 0.0000000000
102580  38.939  27.263  10.335 0.0000000000
102685  35.004  27.407  5.013 0.0000000000
102687  34.053  28.511  5.295 0.0000000000
102691  34.807  27.575  3.211 0.0000000000
103127  37.104  28.155  8.057 0.0000000000
103141  31.911  28.695  6.532 0.0000000000
103146  34.166  28.615  6.247 0.0000000000
103182  34.949  28.671  2.814 0.0000000000
103709  36.150  29.132  2.055 0.0000000000
104149  30.635  29.991  5.748 0.0000000000
