#!ascii label  , from subject  vox2ras=TkReg coords=orig
246
68030  19.344  -18.661  -29.272 0.8750000000
69005  19.255  -17.645  -30.105 1.0000000000
69006  19.097  -16.933  -30.243 1.0000000000
68992  18.974  -16.971  -29.679 0.8750000000
68038  19.615  -18.648  -30.327 1.0000000000
69974  18.792  -16.269  -30.459 0.8750000000
69973  19.201  -16.931  -30.724 1.0000000000
69018  19.678  -17.517  -31.262 1.0000000000
70873  18.618  -15.349  -30.854 1.0000000000
70866  18.358  -15.381  -30.010 0.8750000000
69043  19.855  -16.631  -31.928 1.0000000000
69986  19.321  -16.244  -31.402 1.0000000000
69042  20.463  -17.123  -32.102 1.0000000000
69041  21.404  -17.186  -32.211 1.0000000000
69017  20.311  -17.987  -31.703 1.0000000000
71763  18.330  -14.652  -30.566 1.0000000000
70872  19.077  -15.329  -31.414 1.0000000000
70009  20.390  -16.122  -32.268 1.0000000000
70885  19.535  -15.367  -31.965 1.0000000000
70008  21.175  -16.277  -32.427 1.0000000000
70007  22.114  -16.359  -32.437 1.0000000000
72726  18.256  -13.679  -30.873 0.8750000000
71762  18.757  -14.471  -31.321 1.0000000000
72739  18.630  -13.303  -31.567 1.0000000000
71775  19.271  -14.691  -31.837 1.0000000000
70883  20.917  -15.360  -32.590 1.0000000000
70884  20.148  -15.322  -32.379 1.0000000000
70882  21.823  -15.401  -32.602 1.0000000000
73636  18.011  -12.803  -30.659 0.5000000000
74573  17.939  -12.096  -30.907 0.6250000000
73643  18.318  -12.686  -31.278 0.6250000000
73656  18.789  -12.573  -32.004 1.0000000000
72738  19.173  -13.705  -32.050 1.0000000000
72735  22.015  -13.436  -32.886 1.0000000000
72736  20.989  -13.513  -33.070 1.0000000000
71773  20.544  -14.484  -32.717 1.0000000000
72737  20.026  -13.607  -32.806 1.0000000000
71772  21.457  -14.454  -32.791 1.0000000000
71771  22.440  -14.443  -32.611 0.8750000000
70881  22.817  -15.435  -32.533 0.8750000000
74582  18.278  -11.615  -31.591 0.8750000000
73666  20.011  -11.969  -33.262 1.0000000000
73655  19.526  -12.542  -32.770 1.0000000000
73654  20.430  -12.639  -33.188 1.0000000000
73653  21.483  -12.250  -33.237 1.0000000000
72733  24.041  -13.474  -32.501 1.0000000000
72734  23.044  -13.458  -32.593 1.0000000000
73652  22.656  -12.435  -32.868 1.0000000000
74596  18.938  -11.485  -32.535 1.0000000000
74606  20.012  -11.108  -33.474 1.0000000000
74595  19.562  -11.630  -33.065 1.0000000000
75572  23.069  -10.483  -32.739 1.0000000000
74604  21.557  -11.125  -33.383 1.0000000000
75571  24.038  -10.661  -32.605 1.0000000000
74594  22.386  -11.367  -33.067 1.0000000000
74592  24.244  -11.674  -32.596 1.0000000000
74593  23.339  -11.525  -32.731 1.0000000000
73650  24.518  -12.610  -32.615 0.8750000000
78378  19.323  -7.447  -33.542 1.0000000000
77501  18.950  -8.190  -33.576 0.8750000000
76545  20.868  -9.120  -33.242 1.0000000000
75573  22.106  -10.325  -32.961 1.0000000000
75587  21.258  -10.173  -33.304 1.0000000000
112862  20.094  -6.290  -33.493 1.0000000000
78377  20.006  -7.117  -33.569 1.0000000000
77499  20.520  -7.974  -33.507 1.0000000000
76527  22.737  -9.400  -32.554 1.0000000000
76528  21.756  -9.235  -32.871 1.0000000000
76526  23.831  -9.567  -32.474 1.0000000000
78364  21.014  -6.225  -33.278 1.0000000000
78363  22.138  -7.012  -32.780 1.0000000000
78361  24.027  -7.138  -32.451 1.0000000000
78362  23.006  -7.250  -32.483 1.0000000000
77484  22.388  -8.224  -32.612 1.0000000000
79211  22.801  -6.441  -32.558 1.0000000000
68053  20.756  -18.657  -31.594 1.0000000000
73664  21.128  -11.551  -33.424 1.0000000000
67020  19.289  -19.594  -28.400 0.7500000000
67032  19.444  -19.671  -29.483 1.0000000000
68054  20.126  -18.618  -31.110 1.0000000000
68074  21.557  -18.087  -31.937 1.0000000000
70006  23.116  -16.433  -32.478 0.8750000000
71770  23.483  -14.452  -32.468 0.8750000000
70880  23.861  -15.468  -32.528 0.8750000000
72732  24.804  -13.408  -32.672 0.8750000000
75558  18.312  -10.557  -32.092 0.6250000000
76548  18.471  -8.835  -33.303 0.8750000000
77498  25.132  -9.091  -32.789 1.0000000000
77482  24.775  -8.510  -32.561 1.0000000000
77483  23.453  -8.360  -32.292 1.0000000000
112863  20.607  -4.922  -33.274 0.8750000000
80947  22.774  -4.839  -32.827 1.0000000000
80048  23.179  -5.635  -32.578 1.0000000000
69987  18.884  -15.825  -31.085 1.0000000000
68075  20.868  -17.827  -31.955 1.0000000000
70010  19.817  -15.957  -32.053 1.0000000000
72725  18.693  -13.802  -31.478 1.0000000000
71774  19.756  -14.549  -32.361 1.0000000000
73665  20.648  -11.770  -33.394 1.0000000000
73651  23.644  -12.525  -32.600 1.0000000000
74583  17.994  -10.833  -31.489 0.6250000000
75574  19.369  -10.956  -33.105 1.0000000000
75588  20.414  -10.117  -33.483 1.0000000000
74605  20.838  -10.995  -33.535 1.0000000000
77500  19.664  -8.167  -33.637 1.0000000000
75589  19.508  -10.073  -33.413 1.0000000000
75590  18.823  -9.616  -33.239 1.0000000000
76546  20.028  -9.105  -33.566 1.0000000000
77485  21.480  -7.985  -33.152 1.0000000000
80049  22.245  -5.845  -32.677 1.0000000000
80948  21.862  -4.945  -32.991 1.0000000000
75575  18.859  -10.396  -32.871 0.8750000000
76547  19.211  -9.029  -33.570 1.0000000000
80959  21.159  -4.820  -33.160 1.0000000000
80946  23.646  -4.748  -32.872 1.0000000000
80047  24.060  -5.569  -32.745 1.0000000000
83243  23.546  -1.199  -33.181 0.7500000000
84041  24.224  -0.504  -33.880 0.7500000000
64258  19.870  -22.613  -28.819 0.7500000000
64243  19.652  -22.553  -27.911 0.7500000000
64273  20.411  -22.647  -29.752 0.7500000000
65225  19.655  -21.616  -28.695 0.7500000000
64288  20.690  -22.080  -30.481 0.7500000000
65237  19.935  -21.672  -29.638 0.7500000000
66113  19.390  -20.619  -28.569 0.7500000000
66121  19.577  -20.713  -29.616 0.7500000000
65253  20.392  -21.585  -30.419 0.7500000000
66134  20.039  -20.807  -30.394 0.7500000000
66133  20.562  -20.753  -30.951 0.7500000000
67042  20.298  -20.268  -30.826 0.8750000000
67043  19.958  -19.725  -30.578 0.8750000000
67062  21.663  -19.735  -31.559 0.7500000000
67063  20.733  -19.757  -31.302 0.8750000000
67064  20.377  -19.196  -31.165 0.8750000000
68051  22.077  -19.182  -31.733 0.8750000000
68052  21.532  -18.997  -31.696 0.8750000000
68073  22.521  -18.461  -31.994 0.8750000000
69039  23.356  -17.424  -32.400 0.7500000000
69040  22.341  -17.342  -32.248 0.7500000000
70005  24.166  -16.477  -32.573 0.7500000000
71783  25.365  -14.792  -33.004 0.6250000000
71769  24.590  -14.421  -32.655 0.7500000000
72747  25.482  -13.801  -32.975 0.6250000000
73663  25.625  -12.884  -33.340 0.6250000000
73649  25.185  -12.769  -32.859 0.7500000000
112873  20.830  -4.204  -33.326 0.7500000000
75586  25.879  -10.979  -33.686 0.6250000000
75570  24.842  -10.921  -32.706 0.8750000000
76524  25.289  -10.441  -32.795 0.7500000000
77481  25.247  -7.926  -32.830 0.8750000000
78360  24.980  -7.029  -32.881 0.8750000000
76543  25.738  -9.938  -33.173 0.7500000000
77497  25.490  -8.632  -33.136 0.8750000000
78376  25.460  -7.431  -33.187 0.8750000000
79220  26.246  -6.843  -34.174 0.8750000000
112897  22.656  -3.228  -32.996 0.7500000000
112901  22.447  -4.133  -33.068 0.8750000000
81761  21.618  -3.848  -33.186 0.7500000000
79210  23.459  -6.343  -32.666 0.8750000000
80059  25.464  -5.686  -33.514 0.7500000000
79221  25.756  -6.705  -33.563 0.8750000000
77518  26.373  -9.150  -35.010 0.6250000000
78411  26.426  -8.052  -35.586 0.7500000000
78422  26.110  -8.065  -36.685 0.7500000000
82505  23.170  -3.258  -33.013 0.8750000000
81748  23.945  -4.059  -33.161 0.8750000000
80945  24.552  -4.650  -33.154 0.8750000000
81758  24.947  -3.462  -33.691 0.7500000000
80944  25.101  -5.107  -33.298 0.8750000000
80085  26.328  -6.015  -35.548 0.7500000000
83237  22.959  -1.705  -32.871 0.5000000000
83236  23.697  -1.827  -33.079 0.6250000000
82514  24.035  -2.136  -33.144 0.7500000000
82521  24.996  -2.578  -34.044 0.7500000000
81792  25.020  -3.040  -36.336 0.7500000000
80995  25.145  -4.054  -36.760 0.7500000000
81782  25.395  -3.395  -35.303 0.7500000000
82545  25.113  -2.491  -35.529 0.7500000000
80980  25.609  -4.186  -35.996 0.7500000000
81006  25.380  -5.222  -37.519 0.7500000000
81017  24.402  -4.713  -38.445 0.7500000000
83242  24.184  -1.448  -33.449 0.6250000000
82556  24.788  -1.855  -36.048 0.7500000000
84047  24.842  -1.136  -34.827 0.6250000000
81793  24.677  -2.279  -36.617 0.6250000000
81007  24.740  -4.393  -37.725 0.7500000000
84048  24.607  -0.568  -34.556 0.6250000000
67085  23.108  -18.806  -32.031 0.6250000000
76544  25.340  -9.361  -32.878 0.8750000000
112891  22.737  -2.498  -32.877 0.6250000000
82515  23.526  -2.754  -33.023 0.8750000000
81760  23.865  -3.459  -33.140 0.8750000000
82523  24.096  -3.094  -33.171 0.7500000000
80958  24.839  -4.052  -33.461 0.8750000000
80994  25.712  -4.926  -36.874 0.7500000000
80969  26.260  -5.370  -35.218 0.7500000000
78429  25.946  -7.982  -37.753 0.5000000000
79258  25.813  -6.966  -36.995 0.7500000000
70879  24.841  -15.534  -32.797 0.6250000000
79234  26.388  -6.925  -35.061 0.7500000000
63279  20.022  -23.646  -28.884 0.7500000000
63261  19.716  -23.520  -28.118 0.7500000000
67061  22.649  -19.484  -31.796 0.5000000000
75569  25.518  -11.167  -33.001 0.7500000000
74591  25.007  -11.860  -32.723 0.7500000000
79208  25.176  -6.483  -33.133 0.8750000000
76525  24.893  -9.812  -32.669 0.8750000000
79209  24.455  -6.365  -32.806 0.8750000000
66154  21.185  -20.523  -31.369 0.7500000000
72746  25.628  -13.647  -33.756 0.6250000000
74590  25.480  -12.120  -33.043 0.6250000000
74603  25.698  -12.005  -33.704 0.6250000000
76542  26.088  -10.309  -34.404 0.6250000000
78396  26.450  -7.922  -34.504 0.7500000000
79245  26.203  -6.984  -36.033 0.7500000000
80072  26.204  -5.857  -34.675 0.7500000000
80957  25.360  -4.514  -33.728 0.7500000000
79269  25.479  -6.832  -38.008 0.6250000000
80106  25.609  -5.934  -37.296 0.7500000000
83252  24.914  -1.620  -34.431 0.7500000000
81807  24.722  -3.548  -36.995 0.7500000000
80107  25.098  -5.689  -37.941 0.6250000000
62306  19.870  -24.333  -28.266 0.7500000000
62340  20.512  -24.626  -29.214 0.7500000000
62325  20.197  -24.753  -28.823 0.6250000000
62324  20.516  -24.949  -29.153 0.6250000000
61382  20.148  -25.610  -28.495 0.6250000000
61396  21.052  -25.446  -29.302 0.6250000000
61361  19.858  -25.287  -27.984 0.6250000000
60461  19.903  -26.083  -28.147 0.5000000000
81749  23.262  -3.809  -33.091 0.8750000000
80046  24.820  -5.646  -33.070 0.7500000000
83253  24.619  -1.169  -33.980 0.6250000000
77496  26.196  -8.939  -33.895 0.6250000000
78375  26.047  -7.734  -33.656 0.8750000000
80058  26.035  -6.009  -34.011 0.7500000000
80073  25.867  -5.318  -34.097 0.7500000000
81759  24.391  -3.619  -33.335 0.8750000000
81773  25.333  -3.509  -34.382 0.7500000000
82522  24.425  -2.600  -33.409 0.7500000000
80096  26.131  -5.966  -36.477 0.7500000000
80979  26.206  -5.108  -35.857 0.7500000000
82534  25.170  -2.529  -34.792 0.7500000000
83241  24.726  -1.853  -33.802 0.7500000000
80970  25.892  -4.617  -34.875 0.7500000000
83264  24.950  -1.627  -35.205 0.7500000000
