#!ascii label  , from subject msSRGRS20160210 vox2ras=TkReg
1532
17096  49.461  -70.903  -28.497 0.2000000030
18071  49.976  -70.126  -27.802 0.2000000030
18079  49.304  -70.923  -29.115 0.2000000030
17097  49.236  -71.368  -27.920 0.2000000030
17141  48.312  -71.326  -30.677 0.1000000015
18070  50.309  -69.279  -27.508 0.3000000119
19072  49.611  -69.608  -28.550 0.2000000030
18088  49.124  -70.759  -29.619 0.1000000015
17112  49.116  -71.556  -28.916 0.2000000030
18087  49.312  -70.292  -29.351 0.1000000015
19095  48.869  -70.397  -30.239 0.1000000015
18094  48.645  -70.853  -30.529 0.1000000015
19096  48.243  -69.992  -30.926 0.1000000015
18095  48.048  -70.915  -31.310 0.1000000015
19109  47.226  -69.424  -31.969 0.1000000015
19108  47.544  -70.187  -31.928 0.1000000015
20103  46.732  -68.592  -32.062 0.2000000030
19074  47.813  -69.144  -28.884 0.1000000015
19085  49.389  -70.069  -29.148 0.2000000030
19087  48.131  -69.462  -29.948 0.1000000015
19086  49.067  -69.988  -29.651 0.1000000015
19097  47.384  -69.131  -31.046 0.1000000015
20089  46.567  -68.486  -31.037 0.1000000015
20104  46.084  -67.883  -31.922 0.2000000030
21066  45.180  -66.779  -31.829 0.1000000015
21081  45.274  -66.501  -32.617 0.2000000030
22000  45.242  -66.184  -33.361 0.1000000015
19088  47.029  -68.998  -29.988 0.1000000015
21987  44.863  -66.077  -32.263 0.2000000030
22899  44.746  -65.339  -32.467 0.2000000030
22898  45.035  -65.339  -33.128 0.1000000015
22913  44.907  -65.464  -34.169 0.2000000030
19089  46.287  -68.725  -29.545 0.1000000015
21053  44.913  -67.360  -30.556 0.2000000030
21065  45.528  -67.375  -31.475 0.3000000119
23805  44.674  -64.934  -32.466 0.3000000119
23804  45.121  -64.490  -33.232 0.2000000030
23812  45.007  -64.602  -34.107 0.2000000030
23813  44.127  -64.661  -34.501 0.2000000030
21980  44.658  -66.511  -31.227 0.3000000119
21052  45.389  -67.540  -30.918 0.2000000030
23795  44.819  -64.287  -32.378 0.3000000119
24751  45.385  -63.875  -32.912 0.3000000119
24758  45.195  -63.718  -33.859 0.2000000030
24742  44.882  -63.605  -31.494 0.4000000060
23796  44.204  -64.624  -31.428 0.3000000119
21988  44.508  -66.060  -31.532 0.2000000030
22889  44.436  -65.524  -31.761 0.2000000030
24759  44.305  -63.771  -34.279 0.2000000030
24757  45.634  -63.353  -33.395 0.2000000030
25816  44.621  -62.365  -33.568 0.2000000030
25829  45.324  -62.807  -33.669 0.2000000030
25831  43.465  -63.017  -33.950 0.2000000030
25830  44.469  -62.965  -33.929 0.2000000030
24760  43.223  -63.835  -34.206 0.2000000030
25804  45.717  -63.110  -31.317 0.3000000119
25803  46.463  -62.978  -31.838 0.3000000119
24741  45.753  -63.264  -31.894 0.3000000119
25815  46.612  -62.657  -32.801 0.2000000030
24750  45.920  -63.338  -32.621 0.3000000119
25828  45.957  -62.865  -33.338 0.1000000015
26931  45.714  -62.503  -33.476 0.1000000015
26921  44.160  -61.900  -33.062 0.1000000015
26920  45.362  -62.032  -33.279 0.1000000015
25817  43.741  -62.363  -33.524 0.1000000015
25789  46.285  -62.865  -30.696 0.3000000119
25802  47.374  -62.573  -31.999 0.2000000030
25801  48.078  -62.147  -32.034 0.2000000030
26903  48.086  -61.680  -31.780 0.1000000015
25814  47.302  -62.186  -32.557 0.1000000015
26917  47.718  -61.846  -32.270 0.1000000015
26918  47.212  -61.828  -32.512 0.1000000015
26919  46.476  -61.948  -32.944 0.1000000015
26907  44.660  -61.483  -32.571 0.1000000015
26908  43.538  -61.439  -32.387 0.1000000015
25788  47.243  -62.753  -31.012 0.2000000030
27978  46.816  -61.219  -31.285 0.1000000015
26904  47.322  -61.572  -32.056 0.1000000015
27991  45.844  -61.321  -32.110 0.1000000015
26905  46.499  -61.492  -32.252 0.1000000015
27992  45.181  -61.230  -31.972 0.1000000015
26906  45.671  -61.534  -32.583 0.1000000015
27963  46.984  -61.036  -30.533 0.1000000015
27980  44.824  -60.996  -31.086 0.1000000015
27993  44.112  -61.160  -31.776 0.1000000015
26892  47.452  -61.349  -31.373 0.1000000015
21080  45.585  -67.043  -32.917 0.1000000015
20872  40.884  -67.175  -15.907 0.5000000000
19865  39.795  -68.263  -14.725 0.5000000000
19883  39.928  -67.707  -15.150 0.5000000000
20873  39.840  -67.058  -15.482 0.5000000000
21823  39.511  -65.877  -15.840 0.5000000000
18875  40.137  -69.873  -13.613 0.2000000030
18895  39.478  -69.114  -13.957 0.3000000119
18894  40.523  -69.208  -14.262 0.3000000119
20862  39.634  -67.603  -15.061 0.5000000000
20863  39.030  -67.305  -14.855 0.5000000000
21814  38.506  -66.007  -14.915 0.5000000000
20874  39.177  -66.413  -15.306 0.5000000000
21833  39.943  -65.878  -16.267 0.5000000000
22741  39.273  -65.328  -16.051 0.5000000000
21832  40.315  -66.041  -16.569 0.5000000000
21845  41.287  -66.427  -17.536 0.5000000000
18876  39.163  -69.693  -13.371 0.3000000119
18896  38.815  -69.130  -13.634 0.3000000119
21824  39.007  -65.828  -15.418 0.5000000000
22751  39.538  -65.479  -16.555 0.5000000000
22750  40.305  -65.914  -16.980 0.5000000000
19937  43.315  -68.164  -19.414 0.4000000060
20918  43.177  -67.601  -18.922 0.5000000000
21856  41.801  -66.693  -18.171 0.5000000000
19947  44.389  -69.043  -20.314 0.4000000060
17876  38.762  -70.087  -12.692 0.3000000119
19850  38.085  -68.656  -13.448 0.4000000060
19851  37.621  -68.294  -13.196 0.4000000060
20864  38.019  -67.163  -14.210 0.5000000000
21797  37.295  -66.757  -13.747 0.5000000000
21815  37.671  -66.091  -14.197 0.5000000000
22733  37.138  -65.436  -13.922 0.5000000000
22732  37.908  -64.975  -14.644 0.5000000000
22743  38.338  -64.808  -15.162 0.5000000000
22752  39.116  -65.173  -16.184 0.5000000000
22762  40.523  -66.161  -17.358 0.6000000238
20912  42.231  -67.138  -18.641 0.5000000000
22772  40.548  -66.261  -17.662 0.5000000000
18963  45.097  -69.246  -20.607 0.4000000060
18956  45.784  -68.896  -19.892 0.4000000060
19948  43.728  -68.890  -20.277 0.5000000000
16812  37.712  -71.533  -9.228 0.1000000015
17805  37.119  -70.369  -9.177 0.1000000015
18817  36.594  -69.980  -8.830 0.1000000015
17814  37.622  -70.323  -10.264 0.1000000015
17815  37.058  -69.953  -9.802 0.1000000015
18825  36.652  -69.705  -9.385 0.1000000015
18829  36.735  -69.451  -10.473 0.1000000015
18826  36.135  -69.087  -9.590 0.1000000015
17877  38.274  -69.774  -12.602 0.2000000030
17861  37.632  -69.825  -11.714 0.1000000015
18859  38.012  -69.616  -12.514 0.3000000119
20848  37.554  -67.492  -13.628 0.5000000000
19843  37.424  -68.722  -12.677 0.4000000060
19852  37.053  -67.894  -12.830 0.4000000060
21798  36.540  -66.199  -13.340 0.4000000060
21816  37.147  -66.140  -13.809 0.5000000000
23621  36.980  -64.195  -14.288 0.5000000000
23644  39.103  -65.219  -16.816 0.5000000000
20913  41.240  -67.159  -18.691 0.5000000000
20919  42.650  -67.617  -19.064 0.5000000000
18964  44.097  -69.288  -20.908 0.4000000060
18974  47.051  -68.984  -21.395 0.5000000000
14745  37.661  -73.021  -6.289 0.1000000015
15795  37.080  -72.547  -7.338 0.1000000015
15799  37.205  -72.201  -8.420 0.1000000015
16803  37.228  -71.409  -8.720 0.1000000015
16804  36.970  -70.948  -8.550 0.1000000015
17800  36.429  -70.396  -8.259 0.1000000015
17801  35.968  -69.988  -7.953 0.1000000015
16793  36.449  -71.358  -7.166 0.1000000015
16799  36.560  -71.166  -7.937 0.1000000015
18818  36.025  -69.532  -8.577 0.1000000015
22657  34.518  -65.615  -9.275 0.2000000030
23529  34.720  -64.732  -9.564 0.2000000030
17838  37.719  -70.125  -11.206 0.1000000015
18828  37.309  -69.934  -10.823 0.1000000015
18830  36.127  -68.874  -10.192 0.1000000015
19800  35.613  -68.370  -9.936 0.1000000015
21755  34.790  -66.572  -10.115 0.2000000030
18843  36.846  -69.169  -11.476 0.2000000030
19810  36.053  -68.549  -10.770 0.1000000015
19826  35.924  -67.945  -11.343 0.2000000030
21770  35.127  -66.565  -11.098 0.2000000030
22663  34.683  -65.431  -10.164 0.2000000030
18861  36.900  -68.874  -11.961 0.2000000030
19844  36.955  -68.392  -12.406 0.2000000030
20838  36.597  -67.605  -12.585 0.3000000119
21785  35.645  -66.285  -12.294 0.3000000119
21799  35.922  -65.419  -12.936 0.4000000060
22720  36.456  -64.992  -13.481 0.5000000000
22764  38.946  -65.592  -17.595 0.5000000000
21862  38.805  -66.504  -19.240 0.5000000000
22775  38.299  -65.583  -18.504 0.5000000000
23667  38.505  -65.485  -17.928 0.5000000000
20915  39.667  -67.125  -19.023 0.5000000000
21858  39.538  -66.656  -18.557 0.5000000000
22774  38.977  -65.979  -18.072 0.5000000000
23633  37.988  -64.136  -15.483 0.5000000000
23620  37.636  -64.209  -14.789 0.5000000000
19938  42.153  -68.210  -19.753 0.5000000000
20921  40.633  -67.670  -19.547 0.5000000000
20914  40.250  -67.152  -18.831 0.5000000000
23659  38.720  -65.236  -17.313 0.5000000000
21857  40.725  -66.524  -18.084 0.5000000000
23658  39.270  -65.342  -16.970 0.6000000238
20920  41.696  -67.654  -19.244 0.5000000000
18975  45.834  -69.325  -21.591 0.4000000060
16780  38.887  -71.533  -5.059 0.1000000015
15789  37.258  -72.596  -6.501 0.1000000015
15780  36.996  -71.988  -6.137 0.1000000015
16772  37.067  -70.818  -5.248 0.1000000015
19742  39.157  -68.514  -4.760 0.1000000015
15790  36.800  -71.978  -6.820 0.1000000015
16783  36.567  -71.331  -6.336 0.1000000015
17787  36.116  -70.784  -6.800 0.1000000015
18794  35.567  -69.511  -6.640 0.1000000015
18808  35.612  -69.579  -7.460 0.1000000015
19777  35.308  -68.759  -8.065 0.1000000015
20774  34.599  -67.318  -7.544 0.1000000015
19801  35.196  -68.051  -9.383 0.1000000015
21734  34.475  -66.551  -7.947 0.2000000030
22652  34.482  -65.732  -8.316 0.2000000030
20792  35.173  -67.718  -9.868 0.1000000015
21742  34.505  -66.537  -8.917 0.2000000030
22677  35.033  -65.520  -11.424 0.3000000119
23536  34.953  -63.986  -9.995 0.2000000030
22697  35.388  -64.859  -12.277 0.3000000119
23551  34.935  -64.354  -11.102 0.2000000030
22721  35.886  -64.637  -13.030 0.4000000060
23571  35.281  -63.872  -11.995 0.3000000119
23597  36.183  -64.022  -13.527 0.4000000060
23598  35.671  -63.800  -12.781 0.4000000060
24604  37.315  -63.943  -19.374 0.5000000000
24593  37.266  -63.814  -18.279 0.5000000000
23660  37.868  -64.495  -17.346 0.5000000000
25619  37.118  -62.723  -18.211 0.5000000000
26720  37.250  -61.666  -18.064 0.5000000000
25604  37.124  -62.500  -17.246 0.5000000000
24584  37.348  -63.535  -17.315 0.5000000000
23634  37.385  -63.703  -14.984 0.5000000000
26706  37.064  -61.470  -17.111 0.5000000000
23632  38.442  -64.485  -16.010 0.5000000000
23646  37.931  -64.165  -16.490 0.5000000000
23645  38.716  -64.895  -16.523 0.5000000000
18985  47.729  -68.852  -22.142 0.4000000060
18986  46.594  -69.020  -22.502 0.4000000060
18962  46.331  -69.076  -20.589 0.4000000060
23477  41.816  -64.681  -5.921 0.1000000015
20738  38.833  -67.913  -4.839 0.1000000015
22619  39.580  -65.709  -5.438 0.1000000015
17775  36.808  -70.706  -5.387 0.1000000015
18767  37.480  -69.513  -4.687 0.1000000015
20721  37.442  -67.930  -4.749 0.1000000015
21692  38.244  -66.734  -5.177 0.1000000015
18768  36.697  -69.340  -4.925 0.1000000015
20740  36.860  -67.572  -4.904 0.1000000015
21693  37.312  -66.707  -5.180 0.1000000015
20758  35.102  -67.600  -6.073 0.1000000015
21711  35.335  -66.830  -5.871 0.1000000015
22639  34.789  -66.080  -6.744 0.1000000015
23505  36.202  -64.455  -7.328 0.2000000030
23517  35.592  -64.076  -8.177 0.2000000030
23528  35.146  -64.023  -9.048 0.2000000030
25557  41.703  -62.205  -13.987 0.2000000030
24468  35.353  -63.306  -10.487 0.2000000030
27723  41.404  -60.815  -14.476 0.2000000030
27724  40.607  -60.239  -14.103 0.2000000030
27709  39.597  -60.352  -13.366 0.2000000030
24484  35.373  -63.274  -11.407 0.2000000030
28819  40.055  -59.276  -14.368 0.2000000030
28820  39.179  -59.058  -14.366 0.2000000030
28804  38.862  -59.490  -13.823 0.2000000030
28805  37.873  -59.586  -13.936 0.2000000030
27710  38.405  -59.916  -13.224 0.3000000119
27711  37.338  -59.999  -13.450 0.2000000030
27712  36.613  -60.543  -13.735 0.4000000060
29984  38.329  -58.432  -15.765 0.2000000030
28840  38.575  -58.584  -14.984 0.3000000119
28821  38.198  -59.149  -14.532 0.3000000119
28822  37.242  -59.649  -14.656 0.4000000060
28806  37.336  -59.791  -14.039 0.3000000119
26658  36.281  -61.297  -14.151 0.5000000000
25537  35.788  -62.197  -12.915 0.4000000060
24521  35.950  -63.224  -13.388 0.5000000000
27774  37.324  -60.610  -17.805 0.5000000000
27758  36.917  -60.425  -16.642 0.4000000060
27740  36.941  -59.656  -15.990 0.4000000060
27759  36.687  -60.701  -16.088 0.4000000060
26691  36.642  -61.312  -15.957 0.5000000000
26676  36.411  -61.257  -15.064 0.5000000000
24546  36.322  -63.167  -14.074 0.5000000000
26690  36.867  -61.363  -16.525 0.5000000000
25587  36.957  -62.226  -16.305 0.5000000000
24571  37.369  -63.323  -16.413 0.5000000000
24559  37.201  -63.176  -15.632 0.5000000000
24438  43.454  -63.025  -7.369 0.1000000015
23476  42.555  -64.685  -6.141 0.1000000015
23489  42.230  -63.970  -6.434 0.1000000015
25438  42.481  -62.823  -7.324 0.1000000015
23479  39.913  -64.820  -5.800 0.1000000015
23490  41.242  -64.024  -6.333 0.1000000015
23491  40.321  -64.208  -6.339 0.1000000015
22636  37.304  -65.378  -6.011 0.1000000015
23492  39.348  -64.355  -6.721 0.1000000015
22637  36.391  -65.496  -6.092 0.1000000015
23494  36.841  -64.899  -6.650 0.2000000030
23503  38.446  -64.395  -7.584 0.2000000030
23504  37.322  -64.416  -7.427 0.2000000030
24449  36.162  -63.518  -8.627 0.2000000030
24461  35.746  -63.278  -9.422 0.2000000030
26657  41.095  -61.458  -13.890 0.2000000030
27708  40.432  -60.989  -13.550 0.2000000030
26637  40.050  -61.443  -13.029 0.2000000030
25487  35.799  -62.629  -10.905 0.2000000030
24518  42.402  -64.453  -13.598 0.1000000015
25533  41.363  -62.765  -13.570 0.1000000015
25534  40.644  -62.207  -13.265 0.1000000015
25535  40.251  -61.964  -12.952 0.1000000015
27696  38.838  -60.566  -12.660 0.1000000015
27697  37.800  -60.358  -12.624 0.2000000030
24503  35.503  -63.076  -12.212 0.3000000119
26625  38.267  -60.903  -11.983 0.1000000015
27698  36.821  -60.660  -12.870 0.3000000119
25524  35.734  -62.247  -12.382 0.2000000030
25574  36.584  -62.059  -15.340 0.5000000000
25559  36.349  -62.176  -14.540 0.5000000000
24560  36.838  -62.988  -14.914 0.5000000000
25588  36.744  -62.037  -15.818 0.5000000000
25448  44.333  -62.221  -7.852 0.1000000015
26552  43.491  -61.461  -8.049 0.1000000015
26562  43.026  -61.120  -8.242 0.1000000015
25449  43.107  -62.440  -7.637 0.1000000015
26553  42.880  -61.695  -7.993 0.1000000015
25461  42.360  -61.966  -7.972 0.1000000015
24429  41.654  -63.178  -6.993 0.1000000015
24440  40.716  -63.278  -7.705 0.1000000015
25451  41.268  -62.739  -7.941 0.1000000015
24441  39.962  -63.832  -7.316 0.1000000015
23514  38.933  -64.396  -8.605 0.2000000030
23516  36.659  -63.910  -8.047 0.2000000030
23515  37.820  -63.954  -8.479 0.2000000030
24448  36.942  -63.496  -8.605 0.2000000030
24460  36.601  -63.136  -9.013 0.2000000030
25477  36.773  -62.713  -9.656 0.2000000030
25478  35.976  -62.743  -10.149 0.2000000030
23596  41.936  -65.173  -13.000 0.1000000015
24519  41.616  -63.887  -13.401 0.1000000015
25521  40.482  -62.986  -12.705 0.1000000015
25522  39.990  -62.263  -12.559 0.1000000015
26624  39.244  -61.414  -12.274 0.1000000015
25504  37.135  -61.805  -10.897 0.1000000015
25505  36.257  -61.991  -11.296 0.2000000030
25486  36.542  -62.321  -10.501 0.2000000030
25502  39.212  -62.502  -11.573 0.1000000015
26607  38.564  -61.614  -11.578 0.1000000015
26626  37.209  -60.909  -12.054 0.1000000015
26610  36.283  -61.707  -11.788 0.2000000030
25506  35.702  -62.493  -11.677 0.2000000030
28710  42.602  -60.442  -7.834 0.1000000015
27627  43.318  -61.026  -8.196 0.1000000015
28712  41.418  -59.974  -7.857 0.1000000015
27628  42.605  -60.757  -8.343 0.1000000015
28721  41.851  -60.159  -8.398 0.1000000015
27629  41.873  -60.407  -8.754 0.1000000015
25462  41.527  -62.347  -8.489 0.1000000015
26563  42.343  -61.404  -8.503 0.1000000015
25463  40.961  -63.042  -8.373 0.1000000015
24447  39.989  -63.916  -8.169 0.1000000015
24446  40.493  -63.779  -8.686 0.1000000015
23512  40.113  -64.251  -8.708 0.1000000015
23513  39.717  -64.435  -8.687 0.2000000030
24459  37.458  -63.275  -9.144 0.2000000030
23527  38.073  -63.680  -9.164 0.2000000030
24458  38.186  -63.346  -9.653 0.2000000030
25475  38.093  -62.971  -9.796 0.1000000015
21768  44.374  -66.407  -11.404 0.1000000015
21783  43.205  -66.463  -11.397 0.1000000015
22719  41.856  -65.886  -12.269 0.1000000015
24501  40.680  -63.979  -12.590 0.1000000015
25485  37.451  -62.382  -10.256 0.2000000030
22695  41.280  -65.905  -11.635 0.1000000015
23569  40.687  -65.136  -11.928 0.1000000015
24502  39.982  -63.338  -12.069 0.1000000015
26608  37.695  -61.406  -11.448 0.1000000015
28723  39.904  -58.886  -8.310 0.1000000015
28738  41.352  -59.926  -9.293 0.1000000015
26564  41.615  -61.898  -9.019 0.1000000015
24445  41.022  -63.321  -9.031 0.1000000015
24457  40.835  -64.193  -9.281 0.1000000015
23524  40.421  -64.745  -9.239 0.1000000015
23525  39.690  -64.858  -9.514 0.2000000030
22656  40.438  -65.372  -9.798 0.1000000015
23547  43.747  -64.954  -11.156 0.1000000015
22673  42.787  -65.842  -10.745 0.1000000015
22674  41.589  -66.084  -10.815 0.1000000015
22661  40.910  -65.755  -10.260 0.1000000015
23534  39.498  -64.755  -10.444 0.1000000015
23535  39.025  -64.287  -10.219 0.1000000015
21769  43.689  -66.368  -11.181 0.1000000015
22675  40.705  -65.860  -10.947 0.1000000015
23550  40.037  -64.887  -11.263 0.1000000015
24482  39.399  -63.902  -11.123 0.1000000015
24466  39.142  -64.235  -10.534 0.1000000015
25484  38.237  -62.862  -10.144 0.1000000015
22696  40.769  -65.669  -11.448 0.1000000015
23570  40.108  -64.305  -11.838 0.1000000015
25503  38.227  -62.114  -10.851 0.1000000015
28739  40.715  -59.010  -9.552 0.1000000015
27662  41.414  -60.554  -10.058 0.1000000015
26580  41.686  -61.509  -9.540 0.1000000015
25474  41.377  -62.719  -9.537 0.1000000015
24456  41.290  -63.981  -9.640 0.1000000015
25519  43.155  -62.154  -12.311 0.1000000015
24499  42.682  -62.627  -11.895 0.1000000015
24480  42.478  -63.523  -11.246 0.1000000015
23533  41.655  -64.706  -9.963 0.1000000015
24465  41.802  -63.731  -10.366 0.1000000015
25518  43.953  -62.439  -12.458 0.1000000015
26622  43.738  -61.450  -12.539 0.1000000015
24498  43.312  -63.240  -11.987 0.1000000015
22654  41.264  -65.356  -9.825 0.1000000015
24497  44.235  -63.418  -12.178 0.1000000015
23567  43.810  -64.046  -11.682 0.1000000015
24479  43.232  -64.143  -11.379 0.1000000015
23532  42.208  -64.991  -10.351 0.1000000015
22660  41.626  -65.480  -10.176 0.1000000015
22662  40.229  -65.431  -10.312 0.1000000015
26591  41.585  -61.396  -10.610 0.1000000015
27679  41.636  -60.374  -11.208 0.1000000015
25501  41.672  -62.085  -11.017 0.1000000015
27678  42.077  -60.330  -11.869 0.1000000015
26606  41.808  -61.446  -11.275 0.1000000015
27693  43.502  -60.534  -12.504 0.1000000015
26623  42.919  -61.231  -12.341 0.1000000015
27694  42.628  -60.303  -12.286 0.1000000015
27692  44.409  -60.727  -12.572 0.1000000015
25520  42.547  -61.884  -12.081 0.1000000015
22742  38.812  -65.094  -15.621 0.5000000000
19866  38.513  -68.373  -13.933 0.4000000060
20849  36.973  -67.332  -13.181 0.4000000060
17804  37.849  -70.894  -9.536 0.1000000015
19787  35.550  -68.641  -9.034 0.1000000015
18860  37.474  -69.282  -12.236 0.2000000030
21784  36.310  -66.956  -12.783 0.4000000060
16781  37.945  -71.667  -5.257 0.1000000015
17796  35.962  -70.328  -7.463 0.1000000015
21771  34.840  -65.847  -10.737 0.3000000119
23518  34.733  -64.810  -8.486 0.2000000030
20807  35.322  -67.482  -10.626 0.2000000030
21754  35.040  -66.883  -10.631 0.2000000030
20823  35.681  -67.236  -11.631 0.2000000030
23552  34.809  -64.738  -10.776 0.2000000030
23668  37.836  -64.917  -18.433 0.5000000000
16770  38.135  -71.034  -4.889 0.1000000015
18766  38.320  -69.666  -4.610 0.1000000015
20720  37.955  -68.181  -4.696 0.1000000015
17776  36.214  -70.367  -5.793 0.1000000015
19744  35.542  -68.490  -5.685 0.1000000015
18779  36.080  -69.335  -5.392 0.1000000015
20759  34.746  -67.465  -6.834 0.1000000015
19778  34.793  -68.027  -7.793 0.1000000015
20782  34.616  -67.330  -8.380 0.1000000015
22646  34.993  -65.549  -6.862 0.1000000015
23507  34.651  -65.258  -7.874 0.2000000030
24522  35.729  -62.806  -12.894 0.4000000060
25633  37.054  -63.040  -19.060 0.5000000000
22618  40.578  -65.623  -5.465 0.1000000015
23478  40.895  -64.736  -5.785 0.1000000015
21691  39.247  -66.718  -5.214 0.1000000015
22620  38.580  -65.764  -5.521 0.1000000015
20741  35.821  -67.439  -5.378 0.1000000015
22622  36.885  -66.035  -5.634 0.1000000015
22621  37.717  -65.969  -5.545 0.1000000015
23495  35.845  -65.067  -6.660 0.1000000015
27725  39.730  -59.611  -13.943 0.2000000030
27695  39.470  -60.908  -12.812 0.1000000015
28839  39.501  -58.578  -14.731 0.2000000030
26638  36.216  -61.291  -13.282 0.4000000060
28863  37.310  -59.170  -16.620 0.5000000000
28841  37.611  -59.015  -15.546 0.4000000060
29983  39.002  -58.162  -15.422 0.2000000030
28842  36.967  -59.681  -15.387 0.4000000060
27741  36.655  -60.395  -15.623 0.5000000000
27727  36.584  -60.384  -14.631 0.5000000000
25536  36.005  -62.247  -13.557 0.5000000000
26639  35.919  -61.788  -12.980 0.3000000119
28879  37.682  -59.306  -17.685 0.5000000000
25437  42.823  -62.827  -7.347 0.1000000015
23481  38.375  -65.165  -5.873 0.1000000015
24439  41.368  -62.880  -7.536 0.1000000015
24431  40.028  -63.941  -6.768 0.1000000015
23493  38.057  -64.832  -6.487 0.1000000015
23502  39.355  -64.224  -7.839 0.2000000030
26636  40.557  -61.535  -13.466 0.1000000015
24520  40.968  -63.167  -13.112 0.1000000015
27615  43.797  -60.910  -7.967 0.1000000015
27616  42.886  -60.561  -7.777 0.1000000015
27645  42.243  -60.981  -8.766 0.1000000015
22717  43.582  -66.048  -12.896 0.1000000015
22718  42.613  -65.977  -12.587 0.1000000015
24500  41.215  -64.770  -12.701 0.1000000015
26609  36.767  -61.483  -11.608 0.1000000015
28720  42.493  -60.401  -8.027 0.1000000015
27617  42.164  -60.347  -7.509 0.1000000015
28722  40.805  -59.394  -8.562 0.1000000015
27646  41.864  -60.736  -9.101 0.1000000015
26579  42.001  -61.140  -8.952 0.1000000015
23526  38.762  -64.155  -9.537 0.2000000030
22693  43.259  -66.574  -12.081 0.1000000015
22694  42.352  -66.257  -11.606 0.1000000015
23568  41.359  -65.444  -12.334 0.1000000015
29857  40.146  -58.601  -9.037 0.1000000015
23523  41.187  -64.947  -9.612 0.1000000015
23566  44.501  -64.355  -11.751 0.1000000015
22672  44.083  -65.916  -11.059 0.1000000015
22659  42.211  -65.542  -10.361 0.1000000015
23548  42.838  -64.689  -10.825 0.1000000015
22676  40.197  -65.344  -10.855 0.1000000015
24483  38.816  -63.003  -10.757 0.1000000015
28757  41.079  -59.325  -10.402 0.1000000015
25483  41.603  -62.392  -10.366 0.1000000015
24481  41.862  -62.828  -10.959 0.1000000015
24464  42.348  -64.288  -10.653 0.1000000015
25500  42.118  -62.235  -11.534 0.1000000015
26605  42.181  -61.117  -11.860 0.1000000015
28776  42.159  -59.501  -11.937 0.1000000015
29936  43.844  -59.085  -12.382 0.1000000015
28790  44.148  -59.852  -12.535 0.1000000015
17871  43.921  -70.371  -13.077 0.1000000015
18871  44.284  -69.861  -13.710 0.1000000015
18872  43.276  -69.835  -13.764 0.1000000015
18873  42.252  -69.857  -13.794 0.1000000015
18893  41.603  -69.294  -14.405 0.1000000015
17873  41.859  -70.504  -13.149 0.1000000015
18891  43.646  -69.420  -14.380 0.1000000015
18890  44.579  -69.412  -14.373 0.2000000030
18892  42.666  -69.230  -14.571 0.1000000015
18889  45.580  -69.384  -14.415 0.2000000030
18908  43.844  -69.065  -15.012 0.2000000030
18909  43.239  -69.099  -14.846 0.2000000030
19862  42.495  -68.896  -14.992 0.2000000030
19864  40.976  -68.634  -14.951 0.3000000119
19863  42.014  -68.807  -15.006 0.3000000119
19880  42.812  -68.678  -15.439 0.2000000030
18906  45.703  -69.042  -15.301 0.2000000030
19878  45.012  -68.612  -15.956 0.2000000030
18920  48.754  -69.166  -16.628 0.1000000015
18888  46.383  -69.349  -14.634 0.2000000030
18907  44.790  -69.002  -15.135 0.2000000030
19881  41.558  -68.049  -15.675 0.3000000119
19882  40.482  -67.842  -15.336 0.4000000060
18904  47.709  -69.365  -15.395 0.1000000015
18905  46.592  -69.134  -15.623 0.1000000015
19879  44.023  -68.607  -15.816 0.2000000030
18903  48.607  -69.586  -15.525 0.1000000015
18922  47.197  -69.044  -16.231 0.2000000030
19876  46.251  -68.828  -16.115 0.2000000030
19907  48.614  -68.597  -17.628 0.2000000030
18921  47.991  -69.092  -16.311 0.1000000015
19889  48.117  -68.692  -17.021 0.1000000015
19877  45.860  -68.740  -16.054 0.2000000030
19894  43.315  -68.048  -16.448 0.2000000030
19895  42.277  -67.815  -16.239 0.4000000060
20882  42.727  -67.255  -16.917 0.4000000060
19891  46.308  -68.545  -16.579 0.3000000119
19892  45.312  -68.223  -16.622 0.3000000119
19909  46.497  -68.120  -17.516 0.4000000060
20883  41.626  -67.074  -16.486 0.4000000060
20884  40.845  -66.532  -16.393 0.4000000060
19893  44.382  -68.003  -16.694 0.3000000119
19910  45.345  -67.835  -17.341 0.4000000060
24543  43.892  -63.452  -14.500 0.1000000015
25556  42.459  -62.396  -14.332 0.1000000015
20881  43.750  -67.573  -17.040 0.4000000060
21830  41.967  -66.740  -17.197 0.5000000000
20909  44.865  -67.608  -17.752 0.4000000060
19911  44.899  -67.806  -16.993 0.3000000119
20880  44.217  -67.651  -17.046 0.4000000060
20896  43.274  -67.218  -17.646 0.4000000060
25555  43.396  -62.368  -14.676 0.1000000015
25572  43.877  -62.009  -14.888 0.1000000015
26656  42.013  -61.507  -14.506 0.1000000015
21831  41.032  -66.271  -16.953 0.4000000060
20897  42.590  -66.974  -17.402 0.5000000000
22749  40.662  -66.132  -17.111 0.5000000000
26674  42.636  -61.040  -14.982 0.1000000015
26675  41.926  -60.743  -14.843 0.1000000015
28836  41.913  -59.259  -15.101 0.1000000015
27737  42.306  -60.156  -15.081 0.1000000015
28837  41.075  -59.047  -14.889 0.1000000015
17855  43.539  -70.964  -12.473 0.1000000015
18874  41.197  -69.915  -13.757 0.1000000015
17872  42.895  -70.420  -13.130 0.1000000015
17875  39.724  -70.465  -12.896 0.1000000015
21822  40.257  -66.371  -16.061 0.4000000060
27739  40.698  -59.509  -14.592 0.1000000015
17870  44.954  -70.331  -13.007 0.1000000015
19896  41.734  -67.587  -16.105 0.4000000060
26655  42.899  -61.778  -14.729 0.1000000015
27738  41.386  -60.017  -14.809 0.1000000015
17857  41.462  -71.046  -12.407 0.1000000015
14939  41.550  -74.056  -19.461 0.1000000015
13902  41.602  -74.706  -19.709 0.1000000015
11874  43.403  -76.531  -18.934 0.1000000015
13903  40.931  -74.131  -20.048 0.1000000015
12825  43.495  -75.837  -18.702 0.1000000015
14940  40.808  -73.523  -19.656 0.1000000015
14949  40.526  -73.903  -20.188 0.1000000015
14962  38.964  -73.788  -21.320 0.1000000015
13911  40.696  -74.518  -20.548 0.1000000015
12754  31.261  -74.643  -12.722 0.1000000015
15957  35.665  -72.122  -19.245 0.1000000015
15970  36.359  -72.568  -20.277 0.1000000015
14929  42.918  -73.902  -18.563 0.1000000015
15969  37.507  -72.499  -20.331 0.1000000015
13888  41.868  -74.344  -19.274 0.1000000015
15968  38.645  -72.633  -20.142 0.1000000015
13886  43.715  -74.910  -18.415 0.1000000015
14951  38.275  -73.083  -20.936 0.1000000015
12766  31.296  -74.656  -13.805 0.1000000015
12765  32.087  -74.332  -13.481 0.1000000015
13789  31.805  -74.397  -11.252 0.1000000015
13836  32.143  -73.907  -14.353 0.1000000015
15919  33.895  -72.109  -16.735 0.1000000015
16997  35.190  -71.771  -17.884 0.1000000015
14930  41.822  -73.681  -19.053 0.1000000015
14941  39.986  -73.023  -19.836 0.1000000015
14928  43.955  -73.852  -18.237 0.1000000015
12823  45.281  -75.416  -18.315 0.1000000015
12824  44.613  -75.906  -18.553 0.1000000015
12753  32.549  -74.543  -12.685 0.1000000015
13773  32.636  -74.362  -10.789 0.1000000015
13788  32.312  -74.574  -11.277 0.1000000015
12738  32.280  -74.675  -11.778 0.1000000015
13822  32.738  -74.093  -13.527 0.1000000015
14872  32.702  -73.533  -14.200 0.1000000015
14903  33.008  -72.822  -15.374 0.1000000015
15911  33.050  -72.741  -15.795 0.1000000015
15910  33.502  -72.429  -15.422 0.1000000015
16935  33.716  -72.168  -15.900 0.1000000015
16955  35.292  -71.567  -16.549 0.1000000015
16979  34.817  -71.794  -17.331 0.1000000015
16978  35.637  -71.602  -17.381 0.1000000015
17006  36.410  -71.729  -18.931 0.1000000015
15954  38.943  -72.225  -19.469 0.1000000015
15941  43.285  -73.033  -18.311 0.1000000015
15943  41.402  -72.648  -18.713 0.1000000015
14931  41.199  -73.142  -19.163 0.1000000015
15953  39.983  -72.472  -19.282 0.1000000015
15967  39.445  -72.745  -19.852 0.1000000015
14927  44.803  -73.590  -17.852 0.1000000015
13805  33.450  -74.608  -12.754 0.1000000015
14799  33.669  -73.669  -9.428 0.1000000015
12725  32.595  -74.694  -11.268 0.1000000015
12724  33.173  -75.069  -11.140 0.1000000015
13821  33.802  -74.118  -13.102 0.1000000015
15872  34.041  -72.745  -13.920 0.1000000015
15895  34.517  -72.193  -14.458 0.1000000015
16932  35.937  -71.605  -15.574 0.1000000015
13758  33.839  -74.125  -9.997 0.1000000015
13772  33.683  -74.641  -10.431 0.1000000015
12737  33.321  -75.274  -11.790 0.1000000015
16934  34.205  -71.952  -15.597 0.1000000015
16933  34.920  -71.607  -15.841 0.1000000015
16977  36.542  -71.467  -17.472 0.1000000015
16996  35.776  -71.711  -18.374 0.1000000015
16976  37.539  -71.377  -17.474 0.1000000015
16995  36.928  -71.453  -18.272 0.1000000015
17004  38.414  -71.721  -18.936 0.1000000015
16994  37.963  -71.424  -18.250 0.1000000015
16992  40.029  -71.692  -18.362 0.1000000015
17003  39.258  -71.855  -18.891 0.1000000015
17005  37.418  -71.664  -18.971 0.1000000015
16989  42.959  -72.279  -18.134 0.1000000015
15944  40.633  -72.263  -18.732 0.1000000015
15940  44.074  -72.859  -18.040 0.1000000015
13868  45.770  -74.367  -17.727 0.1000000015
13885  44.920  -74.745  -17.988 0.1000000015
13867  46.551  -74.327  -17.825 0.1000000015
13804  34.293  -74.896  -12.576 0.1000000015
14798  34.362  -73.918  -9.187 0.1000000015
13757  34.512  -74.466  -9.723 0.1000000015
13771  34.220  -74.944  -10.328 0.1000000015
12723  34.050  -75.478  -10.655 0.1000000015
11778  33.979  -75.882  -11.684 0.1000000015
12752  33.901  -75.470  -12.174 0.1000000015
14870  34.368  -73.404  -13.321 0.1000000015
16907  35.765  -71.764  -14.849 0.1000000015
15908  36.689  -71.723  -15.312 0.1000000015
16954  36.247  -71.537  -16.599 0.1000000015
16931  36.858  -71.643  -15.893 0.1000000015
16953  37.172  -71.518  -16.680 0.1000000015
16974  39.596  -71.316  -17.463 0.1000000015
16975  38.547  -71.307  -17.465 0.1000000015
17946  43.586  -71.240  -17.224 0.1000000015
16971  42.810  -71.601  -17.645 0.1000000015
16991  41.092  -71.852  -18.141 0.1000000015
16973  40.700  -71.396  -17.421 0.1000000015
17945  44.227  -71.409  -17.334 0.1000000015
16988  43.516  -72.486  -18.101 0.1000000015
16969  44.929  -71.774  -17.378 0.1000000015
15939  44.633  -72.905  -17.821 0.1000000015
14916  45.559  -73.693  -17.579 0.1000000015
14914  47.115  -73.664  -17.332 0.1000000015
13717  35.883  -74.681  -7.748 0.1000000015
14775  34.861  -73.928  -8.121 0.1000000015
14763  34.612  -73.805  -7.875 0.1000000015
12706  35.180  -75.419  -10.008 0.1000000015
12722  34.674  -75.792  -10.491 0.1000000015
13820  34.724  -74.203  -12.781 0.1000000015
13736  35.244  -74.447  -8.642 0.1000000015
12707  34.549  -75.222  -10.290 0.1000000015
11759  33.876  -75.838  -11.261 0.1000000015
11797  34.620  -76.216  -11.844 0.1000000015
14869  35.445  -73.442  -12.956 0.1000000015
15870  36.046  -72.560  -13.575 0.1000000015
13819  35.498  -74.325  -12.631 0.1000000015
15893  36.547  -71.956  -14.570 0.1000000015
15907  37.311  -71.854  -15.217 0.1000000015
16930  37.719  -71.652  -15.923 0.1000000015
16929  38.659  -71.596  -15.866 0.1000000015
16951  39.138  -71.296  -16.620 0.1000000015
16950  40.241  -71.275  -16.583 0.1000000015
17947  42.703  -71.157  -17.005 0.1000000015
17932  44.550  -71.156  -16.686 0.1000000015
17933  43.442  -71.093  -16.482 0.1000000015
16947  45.214  -71.361  -16.898 0.1000000015
16968  45.913  -72.320  -17.201 0.1000000015
15928  45.204  -72.814  -17.606 0.1000000015
15926  46.599  -73.362  -17.151 0.1000000015
14915  46.281  -73.830  -17.430 0.1000000015
11796  35.450  -76.598  -11.792 0.1000000015
12750  35.796  -75.827  -12.241 0.1000000015
13705  36.280  -74.993  -6.814 0.1000000015
13735  35.780  -74.812  -8.352 0.1000000015
12690  36.119  -75.411  -8.684 0.1000000015
11740  35.655  -76.139  -10.112 0.1000000015
11758  34.507  -76.301  -10.854 0.1000000015
11776  34.943  -76.596  -11.587 0.1000000015
13802  36.189  -74.886  -12.487 0.1000000015
13756  35.154  -74.832  -9.429 0.1000000015
11777  34.530  -76.378  -11.415 0.1000000015
12751  34.837  -75.759  -12.257 0.1000000015
14841  36.085  -74.037  -12.656 0.1000000015
13818  37.340  -74.036  -12.872 0.1000000015
14896  37.768  -72.817  -13.838 0.1000000015
14868  36.657  -73.427  -13.032 0.1000000015
15906  38.202  -72.006  -15.202 0.1000000015
16928  39.745  -71.546  -15.712 0.1000000015
16948  41.999  -71.255  -16.254 0.1000000015
17935  42.026  -71.242  -16.489 0.1000000015
16946  45.795  -71.625  -16.893 0.1000000015
10855  36.070  -77.391  -10.379 0.1000000015
12689  36.784  -76.035  -8.188 0.1000000015
11738  36.970  -77.007  -9.309 0.1000000015
9928  35.918  -77.792  -10.777 0.1000000015
10892  35.691  -77.141  -11.508 0.1000000015
11795  36.468  -76.637  -11.940 0.1000000015
13688  36.465  -75.268  -6.319 0.1000000015
12674  36.553  -75.422  -7.584 0.1000000015
11739  36.282  -76.519  -9.730 0.1000000015
10856  35.382  -77.142  -10.771 0.1000000015
10874  35.279  -77.024  -11.301 0.1000000015
12749  36.855  -75.788  -12.272 0.1000000015
14840  36.722  -74.234  -12.664 0.1000000015
14895  38.339  -73.015  -13.952 0.1000000015
15891  38.694  -72.555  -14.588 0.1000000015
15905  39.112  -72.016  -15.138 0.1000000015
16927  40.857  -71.410  -15.760 0.1000000015
17914  44.124  -71.158  -15.817 0.1000000015
17934  42.511  -71.196  -16.288 0.1000000015
17913  45.259  -71.228  -15.609 0.1000000015
17912  46.357  -71.315  -15.882 0.1000000015
11726  37.456  -76.833  -8.425 0.1000000015
9943  36.267  -78.108  -11.105 0.1000000015
10891  36.175  -77.270  -11.628 0.1000000015
11727  36.722  -76.358  -8.873 0.1000000015
10873  35.905  -77.560  -11.353 0.1000000015
12748  37.918  -75.802  -12.492 0.1000000015
13817  38.110  -74.416  -13.068 0.1000000015
14866  38.723  -73.902  -13.570 0.1000000015
14894  39.206  -73.299  -14.143 0.1000000015
15890  39.604  -72.625  -14.616 0.1000000015
16905  41.317  -71.788  -14.989 0.1000000015
15904  39.880  -72.018  -14.994 0.1000000015
16904  42.337  -71.911  -14.840 0.1000000015
16903  43.307  -72.065  -14.770 0.1000000015
16926  41.992  -71.385  -15.705 0.1000000015
16902  44.343  -72.149  -14.539 0.1000000015
16924  43.728  -71.548  -15.226 0.1000000015
17915  43.212  -71.240  -15.818 0.1000000015
17894  45.546  -71.374  -15.144 0.1000000015
17892  46.725  -71.379  -15.120 0.1000000015
16899  47.596  -71.398  -14.704 0.1000000015
10842  36.714  -77.611  -9.890 0.1000000015
9927  36.610  -78.257  -10.516 0.1000000015
10890  37.158  -77.568  -11.717 0.1000000015
11794  37.541  -76.661  -12.128 0.1000000015
13800  38.339  -75.186  -12.811 0.1000000015
14865  39.763  -74.191  -13.711 0.1000000015
14893  40.201  -73.383  -14.175 0.1000000015
16901  45.442  -71.646  -14.695 0.1000000015
16900  46.534  -71.584  -14.466 0.1000000015
16879  48.126  -71.699  -13.428 0.1000000015
16898  48.784  -71.102  -14.462 0.1000000015
10840  38.073  -78.375  -8.962 0.1000000015
10841  37.470  -77.827  -9.326 0.1000000015
9926  37.377  -78.969  -10.314 0.1000000015
10889  38.220  -77.499  -12.031 0.1000000015
11793  38.759  -76.641  -12.509 0.1000000015
10872  36.567  -77.891  -11.419 0.1000000015
13799  38.725  -75.330  -12.960 0.1000000015
13816  39.145  -75.150  -13.238 0.1000000015
14892  41.262  -73.366  -14.067 0.1000000015
15888  41.763  -72.581  -14.455 0.1000000015
14827  46.170  -73.717  -11.455 0.1000000015
14839  46.502  -73.952  -11.984 0.1000000015
14859  46.208  -73.843  -12.679 0.1000000015
15865  45.758  -73.100  -13.417 0.1000000015
15866  44.544  -73.109  -13.986 0.1000000015
15887  42.843  -72.777  -14.400 0.1000000015
14838  47.005  -73.449  -11.678 0.1000000015
14858  46.957  -73.525  -12.243 0.1000000015
15886  43.801  -72.694  -14.387 0.1000000015
14826  46.882  -73.241  -11.296 0.1000000015
15842  47.418  -72.678  -11.444 0.1000000015
15852  47.604  -73.004  -12.092 0.1000000015
15864  47.036  -72.833  -12.933 0.1000000015
16881  46.194  -72.187  -13.773 0.1000000015
16848  47.049  -71.688  -11.328 0.1000000015
15841  48.075  -72.315  -11.944 0.1000000015
16859  48.534  -71.863  -12.821 0.1000000015
16880  47.209  -71.885  -13.608 0.1000000015
17868  48.367  -70.051  -12.911 0.1000000015
16878  48.720  -71.320  -13.159 0.1000000015
17867  48.660  -70.352  -13.442 0.1000000015
9014  37.846  -79.587  -10.035 0.1000000015
9023  37.843  -79.395  -10.529 0.1000000015
9942  37.543  -78.752  -11.209 0.1000000015
9959  37.853  -78.078  -11.719 0.1000000015
12747  38.716  -75.701  -12.805 0.1000000015
12764  39.385  -76.216  -12.936 0.1000000015
14864  40.866  -74.268  -13.743 0.1000000015
14862  43.029  -74.176  -13.798 0.1000000015
14891  42.291  -73.419  -14.066 0.1000000015
13809  46.034  -74.201  -12.232 0.1000000015
14860  45.157  -74.034  -13.289 0.1000000015
15867  43.555  -73.428  -14.103 0.1000000015
13796  46.127  -74.160  -11.893 0.1000000015
16860  46.174  -71.201  -11.606 0.1000000015
9013  38.468  -79.880  -9.450 0.1000000015
9033  38.639  -79.602  -10.956 0.1000000015
9034  38.101  -79.472  -10.739 0.1000000015
9958  38.646  -78.353  -11.857 0.1000000015
10888  39.442  -77.648  -12.472 0.1000000015
11792  39.421  -76.995  -12.661 0.1000000015
12763  40.212  -76.157  -13.344 0.1000000015
13815  40.476  -75.213  -13.554 0.1000000015
14863  41.954  -74.279  -13.745 0.1000000015
13813  42.637  -75.207  -13.593 0.1000000015
13810  45.427  -74.378  -12.626 0.1000000015
14861  44.097  -74.197  -13.659 0.1000000015
14828  44.976  -73.699  -11.282 0.1000000015
13797  45.680  -74.333  -12.111 0.1000000015
15844  45.494  -72.893  -11.089 0.1000000015
9941  39.008  -79.156  -11.523 0.1000000015
9957  39.917  -78.806  -12.147 0.1000000015
10908  40.202  -77.640  -12.790 0.1000000015
11812  40.005  -77.029  -12.963 0.1000000015
11811  40.985  -77.037  -13.451 0.1000000015
12762  41.276  -76.176  -13.558 0.1000000015
13812  43.536  -75.095  -13.473 0.1000000015
13811  44.414  -74.863  -13.108 0.1000000015
13782  45.914  -74.189  -11.776 0.1000000015
16849  45.926  -72.013  -11.269 0.1000000015
17853  45.632  -70.695  -12.224 0.1000000015
9940  39.705  -79.359  -11.678 0.1000000015
9956  41.088  -78.592  -12.741 0.1000000015
10887  40.342  -78.106  -12.656 0.1000000015
10907  40.827  -77.798  -13.106 0.1000000015
13814  41.600  -75.249  -13.638 0.1000000015
13783  45.415  -74.279  -11.742 0.1000000015
13798  44.775  -74.658  -12.415 0.1000000015
16862  44.175  -71.485  -11.810 0.1000000015
17854  44.578  -70.863  -12.369 0.1000000015
9971  41.804  -78.252  -13.120 0.1000000015
9972  41.382  -78.127  -13.150 0.1000000015
10906  41.578  -77.709  -13.365 0.1000000015
11810  41.916  -76.995  -13.547 0.1000000015
12761  42.274  -76.127  -13.542 0.1000000015
12760  43.062  -75.922  -13.404 0.1000000015
16851  43.716  -72.044  -11.320 0.1000000015
15845  44.219  -72.836  -11.049 0.1000000015
10905  42.216  -77.654  -13.270 0.1000000015
11809  42.737  -76.748  -13.288 0.1000000015
11790  43.265  -76.147  -13.121 0.1000000015
11791  42.886  -76.809  -12.851 0.1000000015
12746  43.295  -75.909  -12.716 0.1000000015
11808  43.112  -76.155  -13.297 0.1000000015
13784  44.447  -74.426  -11.710 0.1000000015
12745  43.869  -75.393  -12.900 0.1000000015
16863  43.129  -71.546  -11.881 0.1000000015
13785  43.428  -74.536  -11.676 0.1000000015
12733  43.851  -75.068  -12.334 0.1000000015
15946  34.692  -72.281  -18.320 0.1000000015
15956  36.864  -72.025  -19.619 0.1000000015
13901  42.284  -75.350  -19.343 0.1000000015
15955  37.970  -72.032  -19.641 0.1000000015
13887  42.530  -74.868  -18.974 0.1000000015
14950  39.697  -73.487  -20.464 0.1000000015
13912  39.949  -74.115  -20.887 0.1000000015
15971  35.407  -72.863  -20.146 0.1000000015
15945  35.333  -71.990  -18.677 0.1000000015
16956  34.269  -71.862  -16.495 0.1000000015
15930  34.103  -72.165  -17.179 0.1000000015
15942  42.388  -72.912  -18.533 0.1000000015
15873  33.529  -72.859  -14.221 0.1000000015
14897  33.035  -72.952  -14.707 0.1000000015
14871  33.415  -73.358  -13.800 0.1000000015
15896  33.756  -72.515  -14.594 0.1000000015
16990  42.056  -72.070  -18.109 0.1000000015
15894  35.475  -72.024  -14.284 0.1000000015
16908  35.027  -71.771  -15.056 0.1000000015
16993  38.962  -71.462  -18.256 0.1000000015
13737  34.671  -74.094  -9.019 0.1000000015
15871  34.950  -72.623  -13.637 0.1000000015
16952  38.120  -71.407  -16.670 0.1000000015
16972  41.833  -71.447  -17.383 0.1000000015
11757  35.132  -76.362  -10.522 0.1000000015
13803  35.188  -75.022  -12.511 0.1000000015
15869  37.118  -72.673  -13.735 0.1000000015
15892  37.729  -72.386  -14.439 0.1000000015
16949  41.463  -71.255  -16.540 0.1000000015
17931  45.561  -71.272  -16.435 0.1000000015
16945  46.867  -72.018  -16.596 0.1000000015
16967  46.500  -72.799  -17.021 0.1000000015
11756  35.706  -76.742  -10.361 0.1000000015
10875  34.834  -76.834  -11.016 0.1000000015
14867  37.737  -73.444  -13.414 0.1000000015
17930  46.167  -71.477  -16.491 0.1000000015
13801  37.355  -74.886  -12.596 0.1000000015
16906  40.462  -71.770  -15.171 0.1000000015
16923  44.570  -71.488  -15.166 0.1000000015
17893  45.972  -71.359  -15.140 0.1000000015
17911  47.080  -71.429  -15.484 0.1000000015
15889  40.620  -72.475  -14.613 0.1000000015
16925  42.865  -71.542  -15.352 0.1000000015
9916  37.105  -78.400  -9.924 0.1000000015
16882  45.259  -72.421  -14.066 0.1000000015
15885  44.227  -72.642  -14.318 0.1000000015
15868  42.929  -73.452  -14.108 0.1000000015
15843  46.573  -72.765  -11.104 0.1000000015
16847  47.954  -71.805  -11.619 0.1000000015
15863  47.695  -72.234  -13.126 0.1000000015
15851  48.070  -72.294  -12.613 0.1000000015
17833  48.565  -71.434  -12.214 0.1000000015
17850  48.711  -71.044  -12.523 0.1000000015
18867  48.435  -69.902  -13.649 0.1000000015
16861  45.224  -71.354  -11.670 0.1000000015
16850  44.811  -72.079  -11.234 0.1000000015
12759  43.542  -75.640  -13.208 0.1000000015
19926  45.361  -67.864  -18.326 0.3000000119
20910  44.222  -67.447  -18.056 0.3000000119
21843  42.855  -67.034  -18.057 0.4000000060
21844  42.363  -66.813  -17.747 0.4000000060
19927  44.058  -67.737  -18.767 0.3000000119
21854  42.842  -67.121  -18.247 0.4000000060
18017  49.234  -70.123  -24.065 0.1000000015
19010  49.722  -69.321  -23.990 0.1000000015
19980  49.653  -68.893  -23.227 0.2000000030
19969  48.326  -68.573  -22.742 0.3000000119
19940  40.729  -67.992  -20.048 0.4000000060
18976  44.652  -69.402  -21.685 0.4000000060
19970  47.461  -68.659  -22.871 0.3000000119
18987  45.304  -68.953  -22.608 0.4000000060
18977  43.577  -69.169  -21.736 0.4000000060
19950  41.543  -68.287  -20.593 0.4000000060
18018  48.076  -70.543  -24.431 0.1000000015
19981  48.973  -68.287  -23.507 0.3000000119
18988  44.196  -68.927  -22.365 0.4000000060
18978  43.014  -69.070  -21.324 0.4000000060
19963  41.998  -68.326  -21.395 0.4000000060
19011  49.703  -69.574  -24.790 0.1000000015
20926  39.987  -67.571  -20.020 0.5000000000
19989  49.109  -67.792  -24.362 0.2000000030
19982  47.881  -68.196  -23.414 0.3000000119
18998  45.994  -68.621  -23.030 0.3000000119
19961  43.361  -68.768  -22.141 0.4000000060
21867  39.009  -66.565  -19.820 0.4000000060
22781  38.106  -65.399  -19.258 0.4000000060
18999  45.577  -68.466  -22.987 0.4000000060
19972  44.630  -68.213  -22.807 0.4000000060
19962  42.820  -68.567  -21.864 0.4000000060
20934  41.377  -67.620  -21.316 0.4000000060
20924  40.986  -67.861  -20.740 0.5000000000
19024  49.800  -69.515  -25.252 0.2000000030
19988  49.712  -68.382  -24.404 0.2000000030
20949  48.287  -67.715  -24.076 0.2000000030
19983  46.788  -68.257  -23.334 0.3000000119
19984  45.805  -67.952  -23.303 0.3000000119
18035  49.191  -69.983  -25.335 0.1000000015
19973  43.649  -68.206  -22.468 0.4000000060
20941  45.122  -67.595  -23.104 0.4000000060
19974  42.984  -67.726  -22.302 0.4000000060
21865  40.205  -67.129  -20.685 0.5000000000
21866  39.668  -66.793  -20.373 0.5000000000
22786  38.178  -65.169  -19.797 0.4000000060
20942  44.421  -67.207  -22.923 0.4000000060
20933  42.335  -67.428  -22.003 0.4000000060
21876  40.646  -66.861  -21.122 0.5000000000
21877  40.156  -65.969  -21.111 0.5000000000
22785  38.622  -65.754  -20.017 0.4000000060
19023  50.014  -68.930  -25.325 0.2000000030
20950  47.377  -67.619  -23.866 0.4000000060
20964  47.676  -67.282  -24.399 0.2000000030
20965  47.105  -67.243  -24.146 0.4000000060
20951  46.500  -67.322  -23.840 0.3000000119
21875  41.832  -66.539  -21.904 0.5000000000
22784  39.463  -65.489  -20.830 0.5000000000
23685  38.226  -64.816  -20.185 0.4000000060
23676  37.807  -64.737  -19.642 0.4000000060
21890  46.454  -67.036  -24.129 0.4000000060
21884  44.447  -66.729  -23.112 0.4000000060
20943  43.447  -67.189  -22.584 0.4000000060
19999  50.137  -68.110  -25.385 0.2000000030
19039  50.073  -69.210  -26.205 0.2000000030
20962  49.578  -67.561  -25.003 0.2000000030
25653  37.154  -62.918  -20.077 0.4000000060
21923  48.303  -67.005  -25.185 0.2000000030
20952  45.550  -67.208  -23.508 0.3000000119
21885  43.951  -66.570  -22.969 0.4000000060
21874  42.329  -66.800  -22.120 0.4000000060
18034  49.802  -69.485  -25.720 0.2000000030
20978  50.051  -67.650  -25.834 0.2000000030
21905  47.906  -67.095  -24.866 0.3000000119
21906  46.885  -67.067  -24.460 0.4000000060
21891  46.034  -66.946  -23.976 0.3000000119
22790  40.059  -65.199  -21.375 0.5000000000
18055  49.736  -69.940  -26.530 0.2000000030
19998  50.395  -68.058  -25.981 0.2000000030
21886  42.813  -66.551  -22.437 0.4000000060
23684  38.790  -64.515  -20.844 0.5000000000
24622  37.861  -63.912  -20.499 0.4000000060
30008  37.933  -58.496  -16.507 0.4000000060
21001  49.779  -67.616  -26.492 0.2000000030
20979  48.902  -67.105  -25.565 0.2000000030
21924  47.780  -67.018  -25.104 0.2000000030
21908  44.791  -66.614  -24.285 0.4000000060
22788  41.810  -65.827  -22.144 0.5000000000
18072  49.430  -70.778  -27.139 0.2000000030
21907  45.857  -66.831  -24.378 0.4000000060
21892  44.894  -66.770  -23.551 0.3000000119
21887  42.276  -65.975  -22.341 0.5000000000
22789  41.007  -65.516  -21.849 0.5000000000
28901  37.758  -59.939  -18.472 0.4000000060
30023  37.734  -58.694  -17.148 0.2000000030
26732  37.192  -61.824  -19.298 0.4000000060
19038  50.322  -68.563  -26.354 0.2000000030
21925  46.794  -66.933  -24.985 0.4000000060
24621  38.427  -63.826  -21.007 0.4000000060
19059  50.336  -68.785  -27.188 0.2000000030
20980  47.750  -67.098  -25.638 0.2000000030
20052  49.992  -68.235  -27.378 0.2000000030
27792  37.567  -60.837  -18.708 0.4000000060
26749  37.324  -61.908  -20.543 0.4000000060
22797  43.359  -66.129  -23.035 0.3000000119
23693  39.313  -64.272  -21.414 0.5000000000
25669  37.826  -62.751  -21.153 0.4000000060
21893  43.951  -66.350  -23.600 0.4000000060
22802  43.165  -65.961  -23.500 0.3000000119
22798  42.708  -65.874  -22.861 0.4000000060
23691  40.804  -64.827  -22.273 0.5000000000
21020  49.527  -67.707  -26.928 0.2000000030
27813  37.593  -60.759  -19.476 0.4000000060
24636  38.849  -63.506  -21.670 0.5000000000
22803  42.454  -65.664  -23.361 0.4000000060
22799  41.937  -65.548  -22.633 0.5000000000
23692  40.033  -64.437  -21.949 0.5000000000
22800  41.320  -64.980  -22.658 0.5000000000
22804  41.760  -65.336  -23.329 0.5000000000
20911  43.160  -67.282  -18.437 0.4000000060
19949  42.630  -68.827  -20.652 0.4000000060
19934  47.369  -68.440  -19.353 0.3000000119
19935  46.129  -68.455  -19.174 0.3000000119
19933  48.389  -68.296  -19.307 0.2000000030
18954  47.208  -68.610  -19.803 0.3000000119
18961  47.542  -68.685  -20.291 0.3000000119
19945  48.556  -68.442  -20.235 0.2000000030
18973  48.376  -68.680  -21.182 0.2000000030
17098  48.288  -72.072  -27.722 0.1000000015
16037  47.476  -72.665  -27.917 0.1000000015
19063  45.468  -69.128  -27.909 0.1000000015
19908  47.613  -68.334  -17.632 0.1000000015
19925  46.842  -68.239  -18.377 0.2000000030
19924  48.011  -68.275  -18.458 0.2000000030
19923  48.909  -68.435  -18.551 0.1000000015
19906  49.201  -68.827  -17.927 0.1000000015
19922  49.445  -68.947  -18.637 0.1000000015
17086  48.802  -71.324  -27.207 0.1000000015
20053  48.951  -68.261  -27.602 0.1000000015
20025  48.146  -67.966  -27.046 0.1000000015
20026  46.942  -68.389  -26.839 0.1000000015
20027  45.653  -68.453  -26.322 0.1000000015
20069  48.664  -68.827  -28.327 0.1000000015
20000  45.455  -67.954  -25.865 0.1000000015
20055  46.863  -68.856  -27.642 0.1000000015
19041  45.093  -69.166  -27.043 0.1000000015
20003  42.966  -68.153  -25.913 0.1000000015
20029  43.497  -68.676  -26.654 0.1000000015
20030  42.467  -68.253  -26.742 0.1000000015
20981  46.633  -67.200  -25.494 0.1000000015
21909  43.641  -66.319  -24.332 0.3000000119
19060  50.264  -69.111  -27.844 0.1000000015
21021  49.278  -67.813  -27.152 0.1000000015
21002  48.751  -67.456  -26.563 0.1000000015
21927  44.659  -66.790  -24.931 0.2000000030
22815  42.174  -65.683  -23.953 0.3000000119
22816  41.405  -65.503  -24.029 0.3000000119
17113  48.711  -72.081  -28.370 0.1000000015
20067  50.017  -68.881  -28.098 0.1000000015
21004  46.338  -67.791  -26.016 0.1000000015
20982  45.494  -67.433  -25.514 0.1000000015
21928  43.847  -66.871  -25.042 0.2000000030
21910  42.619  -66.225  -24.432 0.3000000119
20002  43.946  -68.184  -25.857 0.1000000015
20985  42.547  -67.472  -25.399 0.2000000030
20968  41.655  -66.755  -24.987 0.3000000119
20004  42.210  -67.869  -25.974 0.1000000015
20986  41.651  -67.219  -25.535 0.2000000030
21930  40.601  -66.073  -25.164 0.4000000060
20031  41.782  -67.670  -26.465 0.1000000015
21006  41.233  -67.020  -26.240 0.3000000119
17869  45.911  -70.182  -12.868 0.1000000015
18869  46.662  -69.723  -13.474 0.1000000015
24635  39.591  -63.685  -22.392 0.4000000060
23703  40.696  -64.551  -22.749 0.4000000060
22805  41.082  -64.947  -23.423 0.4000000060
22817  40.604  -65.172  -24.299 0.4000000060
23719  40.171  -64.489  -24.046 0.4000000060
21912  41.005  -65.983  -24.531 0.4000000060
22827  40.249  -65.102  -25.222 0.5000000000
20987  41.044  -66.722  -25.570 0.3000000119
21946  40.626  -65.758  -25.914 0.5000000000
20057  42.422  -67.892  -27.628 0.2000000030
20058  41.946  -67.900  -27.053 0.1000000015
21007  40.811  -66.444  -25.917 0.4000000060
20072  43.682  -68.144  -28.520 0.1000000015
20073  42.987  -68.069  -28.109 0.1000000015
21023  41.715  -67.194  -27.234 0.2000000030
20070  45.101  -68.426  -29.058 0.1000000015
20083  44.206  -67.945  -29.078 0.1000000015
21022  42.329  -67.304  -27.875 0.2000000030
20082  44.723  -67.933  -29.595 0.1000000015
24647  39.261  -63.159  -22.490 0.4000000060
23704  40.116  -64.038  -22.855 0.4000000060
23709  40.472  -64.493  -23.491 0.4000000060
24646  39.586  -63.421  -23.081 0.4000000060
22818  40.110  -64.671  -24.572 0.4000000060
22828  40.033  -64.375  -24.973 0.4000000060
22842  40.641  -64.911  -25.999 0.4000000060
21958  41.776  -66.242  -27.357 0.3000000119
21945  41.202  -66.255  -26.598 0.4000000060
22841  41.012  -65.430  -26.428 0.4000000060
21043  43.367  -66.749  -29.263 0.2000000030
21964  42.946  -66.386  -28.885 0.2000000030
21042  43.965  -67.401  -29.468 0.1000000015
20120  46.596  -68.852  -33.005 0.1000000015
25668  38.369  -62.590  -21.802 0.4000000060
25682  39.283  -62.895  -22.895 0.4000000060
24656  39.725  -63.440  -23.792 0.4000000060
25692  39.422  -62.602  -23.514 0.4000000060
24664  39.863  -63.156  -24.358 0.4000000060
23731  40.407  -64.277  -25.520 0.4000000060
23732  40.094  -63.683  -25.028 0.4000000060
23744  40.961  -64.092  -26.064 0.3000000119
23743  41.303  -64.675  -26.474 0.4000000060
22852  42.275  -65.625  -27.757 0.3000000119
22853  41.675  -65.405  -26.981 0.3000000119
21972  43.658  -66.387  -30.039 0.2000000030
22868  43.366  -65.812  -29.899 0.2000000030
21957  42.335  -66.579  -28.063 0.2000000030
21054  44.253  -66.762  -30.432 0.2000000030
19125  45.972  -69.647  -33.269 0.1000000015
19134  46.309  -69.217  -33.285 0.1000000015
20121  46.218  -67.944  -33.030 0.1000000015
27829  37.468  -60.991  -20.228 0.3000000119
26765  38.105  -61.696  -21.816 0.4000000060
27846  37.601  -61.220  -21.086 0.3000000119
25693  39.013  -61.815  -23.152 0.4000000060
26798  39.370  -61.369  -23.739 0.4000000060
25703  39.945  -62.278  -24.454 0.4000000060
24676  40.212  -62.896  -24.923 0.4000000060
24691  41.186  -63.713  -26.027 0.4000000060
24675  40.870  -63.385  -25.654 0.3000000119
24710  43.098  -64.431  -27.807 0.3000000119
24703  42.786  -64.237  -27.191 0.3000000119
24704  42.220  -64.164  -26.740 0.3000000119
24690  41.800  -63.636  -26.323 0.3000000119
22877  43.735  -65.483  -30.603 0.2000000030
22878  43.347  -65.332  -29.921 0.2000000030
23768  43.283  -64.487  -28.887 0.3000000119
23761  42.947  -64.816  -28.129 0.2000000030
23754  42.327  -64.931  -27.381 0.3000000119
23755  42.022  -64.531  -26.829 0.3000000119
22860  42.734  -65.684  -28.578 0.2000000030
21981  44.178  -66.122  -30.922 0.2000000030
27812  37.937  -60.160  -20.044 0.3000000119
27828  37.877  -60.367  -20.915 0.3000000119
28974  38.956  -60.041  -23.112 0.3000000119
28964  38.760  -59.972  -22.710 0.4000000060
27891  39.870  -60.481  -24.142 0.4000000060
27877  39.347  -60.509  -23.628 0.4000000060
26799  38.963  -61.281  -23.190 0.4000000060
26813  39.946  -61.454  -24.396 0.4000000060
26827  41.187  -61.772  -25.165 0.3000000119
25713  40.592  -62.339  -25.018 0.4000000060
25702  40.250  -61.854  -24.651 0.4000000060
25747  43.854  -63.153  -27.132 0.3000000119
24689  42.979  -63.355  -26.780 0.2000000030
25731  42.545  -62.654  -26.194 0.2000000030
25711  42.196  -62.082  -25.801 0.2000000030
25712  41.587  -62.620  -25.742 0.3000000119
24709  43.481  -64.138  -28.163 0.3000000119
25732  41.977  -62.989  -26.061 0.2000000030
24743  44.066  -64.129  -30.889 0.2000000030
24717  43.701  -63.909  -29.398 0.3000000119
23760  43.225  -64.482  -28.389 0.3000000119
27791  38.008  -60.043  -19.200 0.3000000119
27890  40.826  -60.377  -24.599 0.3000000119
27900  43.471  -60.756  -25.480 0.2000000030
27902  41.838  -60.872  -25.116 0.2000000030
26811  41.325  -61.032  -24.995 0.2000000030
26845  44.179  -62.007  -26.391 0.2000000030
26846  43.409  -62.109  -26.229 0.2000000030
26825  42.824  -61.597  -25.747 0.2000000030
26826  41.888  -61.494  -25.431 0.2000000030
28878  38.185  -58.782  -18.042 0.2000000030
20091  45.215  -67.898  -30.161 0.1000000015
21041  44.513  -67.576  -29.867 0.1000000015
24731  43.987  -63.828  -30.413 0.3000000119
19936  44.722  -68.538  -19.567 0.3000000119
18870  45.333  -69.798  -13.629 0.1000000015
28900  38.577  -58.949  -18.723 0.3000000119
21003  47.444  -67.533  -26.283 0.1000000015
26766  37.640  -61.879  -21.176 0.3000000119
21926  45.726  -66.856  -24.916 0.3000000119
22814  42.853  -65.836  -23.922 0.2000000030
20024  48.822  -67.798  -27.123 0.1000000015
18955  46.724  -68.741  -19.811 0.3000000119
19946  47.987  -68.394  -19.793 0.1000000015
19040  46.079  -68.982  -27.257 0.1000000015
20068  49.482  -68.827  -28.209 0.1000000015
20054  47.820  -68.659  -27.793 0.1000000015
21005  45.743  -67.903  -25.887 0.1000000015
20028  44.534  -68.696  -26.423 0.1000000015
20984  43.447  -67.521  -25.383 0.1000000015
20983  44.387  -67.442  -25.412 0.2000000030
20966  43.047  -66.818  -24.944 0.3000000119
21911  41.727  -66.230  -24.535 0.4000000060
20967  42.185  -66.822  -24.937 0.3000000119
23720  39.914  -63.994  -24.352 0.4000000060
21031  43.017  -67.388  -28.532 0.2000000030
25683  38.845  -62.449  -22.514 0.4000000060
23710  39.962  -64.002  -23.593 0.4000000060
22869  43.118  -65.657  -29.364 0.2000000030
26781  38.643  -61.406  -22.713 0.4000000060
23782  43.229  -65.153  -29.628 0.2000000030
27861  38.369  -60.675  -22.326 0.4000000060
27845  37.959  -60.720  -21.615 0.4000000060
27878  38.912  -60.592  -23.133 0.4000000060
24702  43.624  -63.454  -27.274 0.3000000119
23781  43.503  -64.618  -30.075 0.2000000030
28953  38.410  -59.871  -21.755 0.4000000060
26812  40.541  -61.322  -24.748 0.4000000060
25746  44.223  -63.056  -27.384 0.2000000030
25730  43.671  -62.854  -26.781 0.2000000030
28937  38.542  -59.651  -20.732 0.2000000030
28952  39.244  -59.083  -21.484 0.3000000119
28920  38.714  -59.561  -19.799 0.2000000030
19960  49.035  -68.492  -20.816 0.1000000015
19959  49.476  -68.735  -21.395 0.1000000015
18972  48.977  -68.648  -21.760 0.1000000015
19890  47.330  -68.567  -16.884 0.1000000015
18984  48.555  -68.712  -22.052 0.1000000015
19967  49.853  -69.090  -22.222 0.1000000015
19968  49.202  -68.731  -22.412 0.1000000015
30007  38.653  -58.002  -16.360 0.1000000015
30022  38.485  -58.209  -17.585 0.1000000015
31017  40.597  -57.333  -17.287 0.1000000015
31035  39.450  -57.693  -17.968 0.1000000015
30040  39.317  -58.090  -18.394 0.1000000015
28899  40.000  -58.548  -19.243 0.1000000015
28919  39.664  -59.012  -19.742 0.1000000015
28935  40.578  -59.063  -20.289 0.2000000030
30086  39.611  -58.835  -22.685 0.2000000030
28951  40.231  -58.807  -21.057 0.2000000030
28963  39.067  -59.311  -22.370 0.2000000030
28950  41.320  -58.959  -20.806 0.2000000030
30077  39.454  -58.862  -22.129 0.2000000030
28973  39.426  -59.680  -23.376 0.2000000030
28981  39.820  -59.863  -23.898 0.2000000030
28980  40.318  -59.536  -24.041 0.2000000030
28979  41.334  -59.647  -24.512 0.1000000015
30085  40.193  -58.366  -22.875 0.2000000030
30096  39.918  -58.857  -23.237 0.2000000030
30095  40.592  -58.566  -23.530 0.1000000015
30094  41.522  -58.301  -23.928 0.1000000015
30107  41.090  -58.964  -24.122 0.1000000015
30041  38.740  -58.377  -18.281 0.1000000015
30006  39.446  -57.864  -15.886 0.1000000015
31018  39.445  -57.554  -17.372 0.1000000015
30994  40.142  -57.564  -16.301 0.1000000015
31034  40.052  -57.583  -18.058 0.1000000015
30039  40.540  -58.084  -18.711 0.1000000015
28936  39.428  -59.111  -20.481 0.2000000030
30076  40.094  -58.427  -22.018 0.2000000030
24730  44.415  -63.360  -29.979 0.2000000030
24716  44.143  -63.403  -28.781 0.2000000030
25790  45.320  -63.017  -30.411 0.2000000030
24708  44.035  -63.439  -27.852 0.2000000030
25774  44.969  -62.925  -29.225 0.2000000030
24701  43.943  -63.299  -27.504 0.2000000030
25757  45.639  -62.739  -28.506 0.1000000015
25773  45.966  -62.769  -29.578 0.2000000030
25758  44.727  -63.080  -28.176 0.2000000030
25756  46.640  -62.597  -28.823 0.1000000015
25771  47.950  -62.594  -30.182 0.1000000015
25787  48.114  -62.505  -31.213 0.1000000015
28918  40.919  -59.047  -19.734 0.1000000015
25728  45.420  -62.188  -26.890 0.1000000015
25745  45.285  -62.645  -27.535 0.1000000015
25772  46.975  -62.700  -29.893 0.1000000015
25770  48.791  -62.396  -30.409 0.1000000015
25799  48.942  -61.825  -31.354 0.1000000015
27827  42.461  -60.063  -20.062 0.1000000015
28934  41.951  -59.586  -20.131 0.1000000015
26824  43.844  -61.481  -25.954 0.1000000015
25729  44.657  -62.451  -26.852 0.1000000015
25744  46.264  -62.434  -27.910 0.1000000015
26860  45.965  -62.217  -27.254 0.1000000015
25755  47.670  -62.530  -29.101 0.1000000015
25786  48.783  -62.234  -31.237 0.1000000015
30075  40.984  -58.300  -21.476 0.1000000015
27918  45.561  -61.221  -26.060 0.1000000015
26823  44.452  -61.528  -26.097 0.1000000015
26842  47.220  -61.473  -26.737 0.1000000015
26843  46.078  -61.721  -26.652 0.1000000015
26844  45.035  -61.683  -26.324 0.1000000015
26858  47.895  -61.865  -27.488 0.1000000015
26859  46.778  -62.004  -27.361 0.1000000015
25742  48.380  -62.257  -28.348 0.1000000015
25743  47.281  -62.305  -28.145 0.1000000015
26867  50.163  -61.753  -28.739 0.1000000015
26868  49.289  -62.217  -28.688 0.1000000015
25753  49.478  -62.177  -29.628 0.1000000015
28949  42.413  -59.315  -20.751 0.1000000015
27899  44.727  -60.930  -25.755 0.1000000015
26857  49.288  -61.574  -27.555 0.1000000015
25754  48.647  -62.444  -29.388 0.1000000015
25769  49.379  -62.056  -30.565 0.1000000015
27919  45.118  -61.294  -26.021 0.1000000015
22002  42.589  -66.268  -33.318 0.1000000015
22900  42.163  -65.787  -33.325 0.1000000015
22901  41.867  -65.945  -33.201 0.1000000015
21083  42.555  -67.180  -32.653 0.1000000015
20107  41.421  -68.373  -32.188 0.1000000015
19114  41.065  -69.654  -32.285 0.1000000015
18129  40.661  -69.458  -33.239 0.1000000015
22001  43.269  -66.447  -33.688 0.1000000015
22021  43.092  -66.194  -33.751 0.1000000015
21068  42.065  -67.745  -32.141 0.1000000015
23814  43.012  -64.714  -34.091 0.1000000015
22914  43.946  -65.585  -34.419 0.1000000015
22020  43.802  -66.427  -34.058 0.1000000015
20124  43.060  -67.899  -32.428 0.1000000015
22003  41.359  -66.332  -33.051 0.1000000015
23815  41.859  -64.734  -33.626 0.1000000015
24761  42.127  -63.914  -33.870 0.1000000015
18135  40.330  -69.052  -33.844 0.1000000015
9944  35.667  -77.622  -11.079 0.1000000015
10857  34.948  -76.707  -10.792 0.1000000015
11798  34.241  -76.060  -11.767 0.1000000015
11813  39.410  -76.702  -12.755 0.1000000015
11872  44.446  -76.387  -18.751 0.1000000015
12691  35.521  -75.146  -9.276 0.1000000015
12705  35.782  -75.711  -9.586 0.1000000015
13718  34.984  -74.013  -7.478 0.1000000015
13869  45.280  -74.145  -17.754 0.1000000015
14776  34.405  -73.781  -8.506 0.1000000015
14819  33.317  -73.990  -10.209 0.1000000015
14961  39.596  -73.971  -21.045 0.1000000015
15779  37.638  -72.434  -5.823 0.1000000015
15796  36.774  -71.815  -7.660 0.1000000015
15800  36.904  -71.504  -8.278 0.1000000015
15840  48.385  -72.025  -12.281 0.1000000015
15850  48.469  -71.988  -12.514 0.1000000015
15909  34.071  -72.181  -15.000 0.1000000015
15920  33.469  -72.455  -16.469 0.1000000015
15927  46.014  -73.155  -17.317 0.1000000015
15929  44.524  -72.412  -17.766 0.1000000015
15952  40.781  -72.797  -19.116 0.1000000015
16053  48.649  -72.253  -28.733 0.2000000030
16771  37.475  -70.937  -5.072 0.1000000015
16782  37.060  -71.313  -5.580 0.1000000015
16813  37.446  -70.981  -8.990 0.1000000015
16846  48.391  -71.754  -12.039 0.1000000015
16858  48.585  -71.645  -12.469 0.1000000015
16909  34.455  -72.009  -15.020 0.1000000015
16922  47.010  -71.500  -15.980 0.1000000015
16957  33.864  -72.036  -16.122 0.1000000015
16970  43.822  -71.924  -17.779 0.1000000015
17007  35.922  -71.802  -18.884 0.1000000015
17111  49.372  -70.969  -28.879 0.2000000030
17763  38.616  -70.523  -4.757 0.1000000015
17764  37.811  -70.348  -4.754 0.1000000015
17765  36.925  -70.286  -5.007 0.1000000015
17766  36.439  -69.849  -5.228 0.1000000015
17777  35.764  -69.868  -6.261 0.1000000015
17788  35.793  -70.119  -6.705 0.1000000015
17795  36.246  -70.839  -7.538 0.1000000015
17803  38.194  -71.278  -9.619 0.1000000015
17860  38.144  -70.113  -12.025 0.1000000015
17916  42.644  -71.319  -15.793 0.1000000015
17948  42.102  -71.218  -16.742 0.1000000015
18054  50.269  -69.297  -26.980 0.2000000030
18078  49.447  -70.429  -28.901 0.2000000030
18128  45.346  -69.895  -32.780 0.1000000015
18780  35.639  -69.388  -6.050 0.1000000015
18842  37.255  -69.672  -11.339 0.2000000030
18857  48.114  -70.032  -12.794 0.1000000015
18877  38.191  -69.233  -13.111 0.3000000119
18878  37.658  -68.901  -12.833 0.4000000060
18960  48.179  -68.577  -20.568 0.2000000030
18965  43.360  -69.184  -20.956 0.4000000060
18989  43.651  -68.839  -22.237 0.4000000060
19022  50.278  -68.354  -25.783 0.2000000030
19721  38.885  -68.904  -4.653 0.1000000015
19722  38.042  -68.866  -4.594 0.1000000015
19723  37.226  -68.547  -4.714 0.1000000015
19743  36.306  -68.455  -5.058 0.1000000015
19762  35.106  -68.566  -6.834 0.1000000015
19763  34.756  -67.856  -7.236 0.1000000015
19788  34.970  -68.072  -8.682 0.1000000015
19809  36.482  -68.965  -11.098 0.1000000015
19825  36.465  -68.548  -11.597 0.2000000030
19867  37.902  -67.853  -13.768 0.5000000000
19928  43.454  -67.632  -18.849 0.5000000000
19939  41.245  -68.094  -19.882 0.4000000060
19951  40.963  -68.008  -20.340 0.4000000060
19971  45.269  -68.245  -22.978 0.4000000060
20001  44.912  -68.044  -25.861 0.1000000015
20022  50.391  -68.070  -26.380 0.2000000030
20023  50.273  -67.969  -26.686 0.2000000030
20051  50.320  -68.302  -26.795 0.2000000030
20090  45.703  -67.913  -30.757 0.1000000015
20134  46.218  -68.829  -33.519 0.1000000015
20719  38.435  -68.449  -4.671 0.1000000015
20739  37.773  -67.481  -4.879 0.1000000015
20793  34.819  -67.387  -9.354 0.1000000015
20808  34.996  -67.294  -10.005 0.2000000030
20822  36.244  -67.842  -12.002 0.2000000030
20839  36.062  -67.203  -12.283 0.3000000119
20871  41.457  -67.459  -16.036 0.4000000060
20894  44.889  -67.656  -17.506 0.4000000060
20895  44.440  -67.606  -17.367 0.4000000060
20922  39.807  -67.373  -19.513 0.5000000000
20925  40.461  -67.561  -20.448 0.5000000000
20935  40.813  -67.539  -20.936 0.5000000000
20944  42.885  -67.184  -22.341 0.4000000060
20953  45.023  -67.095  -23.228 0.3000000119
20963  48.543  -67.215  -24.782 0.2000000030
20977  50.354  -67.908  -26.124 0.2000000030
21000  50.255  -67.835  -26.306 0.2000000030
21030  43.554  -67.639  -28.808 0.2000000030
21067  42.592  -67.797  -32.263 0.1000000015
21082  43.537  -66.932  -33.512 0.1000000015
21694  36.444  -66.701  -5.339 0.1000000015
21695  35.796  -66.568  -5.643 0.1000000015
21712  34.891  -66.739  -6.412 0.1000000015
21725  34.585  -66.647  -7.124 0.1000000015
21782  43.896  -66.660  -11.638 0.1000000015
21846  40.795  -66.307  -17.605 0.5000000000
21855  42.564  -66.974  -18.202 0.4000000060
21859  38.879  -66.341  -18.652 0.5000000000
21861  39.275  -66.983  -19.424 0.5000000000
21904  48.258  -67.039  -24.949 0.2000000030
21929  41.201  -66.580  -25.011 0.4000000060
21973  43.249  -66.204  -29.501 0.2000000030
21999  45.484  -66.544  -33.690 0.1000000015
22623  36.162  -66.095  -5.723 0.1000000015
22635  37.990  -65.355  -5.834 0.1000000015
22638  35.436  -65.912  -6.226 0.1000000015
22647  34.614  -65.776  -7.428 0.1000000015
22655  40.981  -65.398  -9.768 0.1000000015
22678  34.788  -65.109  -10.789 0.2000000030
22731  38.426  -65.192  -15.054 0.5000000000
22761  40.845  -66.254  -17.237 0.5000000000
22763  39.562  -65.707  -17.283 0.5000000000
22773  40.013  -66.182  -17.782 0.5000000000
22780  38.429  -66.024  -18.945 0.5000000000
22888  44.787  -65.581  -32.420 0.2000000030
22915  42.745  -65.633  -33.743 0.1000000015
22916  41.465  -65.547  -33.371 0.1000000015
23480  38.947  -64.995  -5.873 0.1000000015
23496  35.332  -65.333  -6.764 0.1000000015
23506  35.151  -64.935  -7.380 0.2000000030
23537  34.774  -64.723  -10.408 0.2000000030
23549  40.479  -65.447  -11.288 0.1000000015
23683  39.555  -64.742  -21.248 0.5000000000
23769  43.095  -65.057  -29.122 0.3000000119
24428  42.853  -63.221  -7.057 0.1000000015
24430  40.621  -63.662  -6.857 0.1000000015
24450  35.634  -63.688  -8.804 0.2000000030
24467  38.777  -63.727  -10.289 0.1000000015
24545  41.960  -62.976  -13.931 0.1000000015
24637  38.205  -63.493  -21.099 0.4000000060
24674  41.408  -63.227  -25.901 0.4000000060
24688  43.446  -63.252  -26.917 0.3000000119
25450  41.959  -62.546  -7.658 0.1000000015
25476  37.733  -62.844  -9.708 0.1000000015
25523  35.953  -61.924  -11.881 0.2000000030
25558  41.209  -62.159  -13.695 0.2000000030
25573  36.887  -62.495  -15.604 0.5000000000
25714  40.238  -62.512  -24.803 0.4000000060
25785  49.143  -61.935  -31.183 0.1000000015
25800  48.690  -61.931  -31.562 0.1000000015
25813  47.653  -61.990  -32.485 0.1000000015
26627  36.258  -61.508  -12.381 0.2000000030
26628  35.848  -61.904  -12.668 0.3000000119
26654  43.297  -61.874  -14.791 0.1000000015
26893  46.825  -61.344  -31.716 0.1000000015
26901  49.062  -61.704  -31.129 0.1000000015
26902  48.703  -61.682  -31.349 0.1000000015
26930  46.076  -62.385  -33.289 0.1000000015
27726  36.948  -59.995  -14.089 0.3000000119
27810  42.544  -59.939  -19.700 0.1000000015
27811  42.266  -59.777  -19.853 0.1000000015
28711  42.295  -60.265  -7.909 0.1000000015
28823  36.723  -59.936  -15.075 0.4000000060
28972  40.033  -59.127  -23.565 0.2000000030
30021  39.102  -57.808  -17.877 0.1000000015
30995  39.194  -57.679  -16.641 0.1000000015
30996  38.720  -57.801  -16.917 0.1000000015
31019  38.903  -57.699  -17.144 0.1000000015
