#!ascii label  , from subject msSRGRS20160210 vox2ras=TkReg
225
21814  38.506  -66.007  -14.915 0.0000000000
21885  43.951  -66.570  -22.969 0.0000000000
18907  44.790  -69.002  -15.135 0.0000000000
20913  41.240  -67.159  -18.691 0.0000000000
19933  48.389  -68.296  -19.307 0.0000000000
19909  46.497  -68.120  -17.516 0.0000000000
18938  49.150  -69.078  -17.277 0.0000000000
19963  41.998  -68.326  -21.395 0.0000000000
22785  38.622  -65.754  -20.017 0.0000000000
19881  41.558  -68.049  -15.675 0.0000000000
20881  43.750  -67.573  -17.040 0.0000000000
19927  44.058  -67.737  -18.767 0.0000000000
18975  45.834  -69.325  -21.591 0.0000000000
18972  48.977  -68.648  -21.760 0.0000000000
21784  36.310  -66.956  -12.783 0.0000000000
18895  39.478  -69.114  -13.957 0.0000000000
18873  42.252  -69.857  -13.794 0.0000000000
23660  37.868  -64.495  -17.346 0.0000000000
18903  48.607  -69.586  -15.525 0.0000000000
19974  42.984  -67.726  -22.302 0.0000000000
21875  41.832  -66.539  -21.904 0.0000000000
19880  42.812  -68.678  -15.439 0.0000000000
19894  43.315  -68.048  -16.448 0.0000000000
19925  46.842  -68.239  -18.377 0.0000000000
19926  45.361  -67.864  -18.326 0.0000000000
19935  46.129  -68.455  -19.174 0.0000000000
18956  45.784  -68.896  -19.892 0.0000000000
18961  47.542  -68.685  -20.291 0.0000000000
19969  48.326  -68.573  -22.742 0.0000000000
17875  39.724  -70.465  -12.896 0.0000000000
18874  41.197  -69.915  -13.757 0.0000000000
17873  41.859  -70.504  -13.149 0.0000000000
21845  41.287  -66.427  -17.536 0.0000000000
22774  38.977  -65.979  -18.072 0.0000000000
24621  38.427  -63.826  -21.007 0.0000000000
25653  37.154  -62.918  -20.077 0.0000000000
18888  46.383  -69.349  -14.634 0.0000000000
19877  45.860  -68.740  -16.054 0.0000000000
18922  47.197  -69.044  -16.231 0.0000000000
19889  48.117  -68.692  -17.021 0.0000000000
19923  48.909  -68.435  -18.551 0.0000000000
19938  42.153  -68.210  -19.753 0.0000000000
20915  39.667  -67.125  -19.023 0.0000000000
21865  40.205  -67.129  -20.685 0.0000000000
22790  40.059  -65.199  -21.375 0.0000000000
21893  43.951  -66.350  -23.600 0.0000000000
19883  39.928  -67.707  -15.150 0.0000000000
21830  41.967  -66.740  -17.197 0.0000000000
21844  42.363  -66.813  -17.747 0.0000000000
19911  44.899  -67.806  -16.993 0.0000000000
20910  44.222  -67.447  -18.056 0.0000000000
20918  43.177  -67.601  -18.922 0.0000000000
19948  43.728  -68.890  -20.277 0.0000000000
18977  43.577  -69.169  -21.736 0.0000000000
19972  44.630  -68.213  -22.807 0.0000000000
19945  48.556  -68.442  -20.235 0.0000000000
18985  47.729  -68.852  -22.142 0.0000000000
18998  45.994  -68.621  -23.030 0.0000000000
20952  45.550  -67.208  -23.508 0.0000000000
22720  36.456  -64.992  -13.481 0.0000000000
21797  37.295  -66.757  -13.747 0.0000000000
19851  37.621  -68.294  -13.196 0.0000000000
19865  39.795  -68.263  -14.725 0.0000000000
19864  40.976  -68.634  -14.951 0.0000000000
18893  41.603  -69.294  -14.405 0.0000000000
18891  43.646  -69.420  -14.380 0.0000000000
17871  43.921  -70.371  -13.077 0.0000000000
18870  45.333  -69.798  -13.629 0.0000000000
22781  38.106  -65.399  -19.258 0.0000000000
21815  37.671  -66.091  -14.197 0.0000000000
22732  37.908  -64.975  -14.644 0.0000000000
20943  43.447  -67.189  -22.584 0.0000000000
21874  42.329  -66.800  -22.120 0.0000000000
18908  43.844  -69.065  -15.012 0.0000000000
19879  44.023  -68.607  -15.816 0.0000000000
19924  48.011  -68.275  -18.458 0.0000000000
19934  47.369  -68.440  -19.353 0.0000000000
18955  46.724  -68.741  -19.811 0.0000000000
18954  47.208  -68.610  -19.803 0.0000000000
19981  48.973  -68.287  -23.507 0.0000000000
17874  40.799  -70.543  -13.072 0.0000000000
21856  41.801  -66.693  -18.171 0.0000000000
22772  40.548  -66.261  -17.662 0.0000000000
21857  40.725  -66.524  -18.084 0.0000000000
25669  37.826  -62.751  -21.153 0.0000000000
18905  46.592  -69.134  -15.623 0.0000000000
18904  47.709  -69.365  -15.395 0.0000000000
18920  48.754  -69.166  -16.628 0.0000000000
18921  47.991  -69.092  -16.311 0.0000000000
19907  48.614  -68.597  -17.628 0.0000000000
19950  41.543  -68.287  -20.593 0.0000000000
19940  40.729  -67.992  -20.048 0.0000000000
20924  40.986  -67.861  -20.740 0.0000000000
21877  40.156  -65.969  -21.111 0.0000000000
23693  39.313  -64.272  -21.414 0.0000000000
19882  40.482  -67.842  -15.336 0.0000000000
20872  40.884  -67.175  -15.907 0.0000000000
20897  42.590  -66.974  -17.402 0.0000000000
20896  43.274  -67.218  -17.646 0.0000000000
19891  46.308  -68.545  -16.579 0.0000000000
19892  45.312  -68.223  -16.622 0.0000000000
19910  45.345  -67.835  -17.341 0.0000000000
20909  44.865  -67.608  -17.752 0.0000000000
20911  43.160  -67.282  -18.437 0.0000000000
19937  43.315  -68.164  -19.414 0.0000000000
18963  45.097  -69.246  -20.607 0.0000000000
18964  44.097  -69.288  -20.908 0.0000000000
18976  44.652  -69.402  -21.685 0.0000000000
18988  44.196  -68.927  -22.365 0.0000000000
18987  45.304  -68.953  -22.608 0.0000000000
17983  49.893  -70.262  -21.727 0.0000000000
19967  49.853  -69.090  -22.222 0.0000000000
19958  50.043  -69.198  -21.537 0.0000000000
19959  49.476  -68.735  -21.395 0.0000000000
19960  49.035  -68.492  -20.816 0.0000000000
18973  48.376  -68.680  -21.182 0.0000000000
18984  48.555  -68.712  -22.052 0.0000000000
19982  47.881  -68.196  -23.414 0.0000000000
19970  47.461  -68.659  -22.871 0.0000000000
19983  46.788  -68.257  -23.334 0.0000000000
19984  45.805  -67.952  -23.303 0.0000000000
20951  46.500  -67.322  -23.840 0.0000000000
21799  35.922  -65.419  -12.936 0.0000000000
21798  36.540  -66.199  -13.340 0.0000000000
21816  37.147  -66.140  -13.809 0.0000000000
18876  39.163  -69.693  -13.371 0.0000000000
19850  38.085  -68.656  -13.448 0.0000000000
18896  38.815  -69.130  -13.634 0.0000000000
19866  38.513  -68.373  -13.933 0.0000000000
18894  40.523  -69.208  -14.262 0.0000000000
18892  42.666  -69.230  -14.571 0.0000000000
18872  43.276  -69.835  -13.764 0.0000000000
17853  45.632  -70.695  -12.224 0.0000000000
17870  44.954  -70.331  -13.007 0.0000000000
18871  44.284  -69.861  -13.710 0.0000000000
21867  39.009  -66.565  -19.820 0.0000000000
21862  38.805  -66.504  -19.240 0.0000000000
22786  38.178  -65.169  -19.797 0.0000000000
24604  37.315  -63.943  -19.374 0.0000000000
19962  42.820  -68.567  -21.864 0.0000000000
20934  41.377  -67.620  -21.316 0.0000000000
19863  42.014  -68.807  -15.006 0.0000000000
19936  44.722  -68.538  -19.567 0.0000000000
18962  46.331  -69.076  -20.589 0.0000000000
18875  40.137  -69.873  -13.613 0.0000000000
22764  38.946  -65.592  -17.595 0.0000000000
23667  38.505  -65.485  -17.928 0.0000000000
23684  38.790  -64.515  -20.844 0.0000000000
23685  38.226  -64.816  -20.185 0.0000000000
24622  37.861  -63.912  -20.499 0.0000000000
19878  45.012  -68.612  -15.956 0.0000000000
18906  45.703  -69.042  -15.301 0.0000000000
19876  46.251  -68.828  -16.115 0.0000000000
19890  47.330  -68.567  -16.884 0.0000000000
19908  47.613  -68.334  -17.632 0.0000000000
20920  41.696  -67.654  -19.244 0.0000000000
20914  40.250  -67.152  -18.831 0.0000000000
20921  40.633  -67.670  -19.547 0.0000000000
20926  39.987  -67.571  -20.020 0.0000000000
21866  39.668  -66.793  -20.373 0.0000000000
21876  40.646  -66.861  -21.122 0.0000000000
22784  39.463  -65.489  -20.830 0.0000000000
24636  38.849  -63.506  -21.670 0.0000000000
21884  44.447  -66.729  -23.112 0.0000000000
20863  39.030  -67.305  -14.855 0.0000000000
20874  39.177  -66.413  -15.306 0.0000000000
20873  39.840  -67.058  -15.482 0.0000000000
20880  44.217  -67.651  -17.046 0.0000000000
21843  42.855  -67.034  -18.057 0.0000000000
21854  42.842  -67.121  -18.247 0.0000000000
20912  42.231  -67.138  -18.641 0.0000000000
20919  42.650  -67.617  -19.064 0.0000000000
19949  42.630  -68.827  -20.652 0.0000000000
19947  44.389  -69.043  -20.314 0.0000000000
18978  43.014  -69.070  -21.324 0.0000000000
19961  43.361  -68.768  -22.141 0.0000000000
19973  43.649  -68.206  -22.468 0.0000000000
20942  44.421  -67.207  -22.923 0.0000000000
18971  50.154  -69.676  -21.229 0.0000000000
19946  47.987  -68.394  -19.793 0.0000000000
18974  47.051  -68.984  -21.395 0.0000000000
18986  46.594  -69.020  -22.502 0.0000000000
18999  45.577  -68.466  -22.987 0.0000000000
20941  45.122  -67.595  -23.104 0.0000000000
21892  44.894  -66.770  -23.551 0.0000000000
23597  36.183  -64.022  -13.527 0.0000000000
22721  35.886  -64.637  -13.030 0.0000000000
22733  37.138  -65.436  -13.922 0.0000000000
19843  37.424  -68.722  -12.677 0.0000000000
20849  36.973  -67.332  -13.181 0.0000000000
20848  37.554  -67.492  -13.628 0.0000000000
20864  38.019  -67.163  -14.210 0.0000000000
20862  39.634  -67.603  -15.061 0.0000000000
19862  42.495  -68.896  -14.992 0.0000000000
18909  43.239  -69.099  -14.846 0.0000000000
18890  44.579  -69.412  -14.373 0.0000000000
21858  39.538  -66.656  -18.557 0.0000000000
22775  38.299  -65.583  -18.504 0.0000000000
23668  37.836  -64.917  -18.433 0.0000000000
23676  37.807  -64.737  -19.642 0.0000000000
18878  37.658  -68.901  -12.833 0.0000000000
18960  48.179  -68.577  -20.568 0.0000000000
18965  43.360  -69.184  -20.956 0.0000000000
18989  43.651  -68.839  -22.237 0.0000000000
19867  37.902  -67.853  -13.768 0.0000000000
19928  43.454  -67.632  -18.849 0.0000000000
19939  41.245  -68.094  -19.882 0.0000000000
19951  40.963  -68.008  -20.340 0.0000000000
19971  45.269  -68.245  -22.978 0.0000000000
20894  44.889  -67.656  -17.506 0.0000000000
20895  44.440  -67.606  -17.367 0.0000000000
20922  39.807  -67.373  -19.513 0.0000000000
20925  40.461  -67.561  -20.448 0.0000000000
20935  40.813  -67.539  -20.936 0.0000000000
20944  42.885  -67.184  -22.341 0.0000000000
20953  45.023  -67.095  -23.228 0.0000000000
21846  40.795  -66.307  -17.605 0.0000000000
21855  42.564  -66.974  -18.202 0.0000000000
21859  38.879  -66.341  -18.652 0.0000000000
21861  39.275  -66.983  -19.424 0.0000000000
22763  39.562  -65.707  -17.283 0.0000000000
22773  40.013  -66.182  -17.782 0.0000000000
22780  38.429  -66.024  -18.945 0.0000000000
23683  39.555  -64.742  -21.248 0.0000000000
24637  38.205  -63.493  -21.099 0.0000000000
