#!ascii label  , from subject msSRGRS20160210 vox2ras=TkReg
560
55404  20.281  -31.435  -26.036 0.1428571492
55405  19.497  -31.329  -25.419 0.1428571492
56400  20.244  -30.009  -26.384 0.1428571492
54422  20.879  -31.816  -26.417 0.1428571492
56399  20.753  -30.675  -26.495 0.2857142985
56376  19.856  -30.512  -25.955 0.1428571492
58407  20.272  -28.600  -26.846 0.5714285970
57326  21.589  -30.050  -27.102 0.1428571492
57342  23.594  -29.574  -27.643 0.2857142985
57343  22.543  -29.698  -27.556 0.2857142985
58431  23.192  -28.869  -27.976 0.1428571492
60457  23.047  -26.799  -29.245 0.2857142985
59498  22.582  -27.455  -28.833 0.2857142985
61393  23.496  -25.294  -29.789 0.2857142985
60467  23.846  -25.816  -29.500 0.2857142985
62350  23.615  -24.018  -30.411 0.2857142985
62351  23.368  -24.195  -30.337 0.2857142985
64284  23.821  -22.996  -31.182 0.2857142985
66150  24.490  -20.722  -31.994 0.8571428657
65271  24.544  -21.565  -31.691 0.4285714328
63310  24.159  -23.648  -30.605 0.2857142985
67082  25.361  -19.312  -32.653 0.7142857313
67058  25.385  -20.008  -32.293 0.7142857313
65272  23.603  -21.413  -31.752 0.7142857313
68069  26.381  -18.597  -32.776 0.8571428657
68070  25.418  -18.486  -32.923 0.8571428657
67059  24.456  -19.959  -32.302 0.7142857313
70003  27.646  -16.843  -33.152 0.4285714328
69036  26.351  -17.755  -33.114 0.7142857313
70892  28.108  -15.653  -33.857 0.2857142985
69060  27.015  -17.145  -33.236 0.8571428657
70025  27.306  -16.411  -33.530 0.7142857313
71791  28.438  -14.470  -35.002 0.1428571492
70903  29.060  -15.153  -34.484 0.1428571492
70904  27.835  -15.054  -34.419 0.4285714328
70893  27.146  -15.693  -34.081 0.5714285970
70026  26.494  -16.248  -33.693 0.8571428657
72761  28.556  -13.644  -36.384 0.1428571492
71790  29.453  -14.703  -35.387 0.1428571492
71792  27.340  -14.600  -34.926 0.4285714328
72784  28.801  -13.222  -37.223 0.1428571492
72774  28.104  -13.255  -36.671 0.1428571492
71803  27.678  -14.066  -35.448 0.1428571492
72763  26.819  -13.877  -35.830 0.4285714328
70905  26.909  -15.168  -34.627 0.7142857313
70027  25.914  -16.093  -33.508 0.8571428657
73684  28.063  -12.882  -37.236 0.1428571492
73695  27.363  -12.557  -37.652 0.1428571492
72775  26.946  -13.407  -36.393 0.1428571492
71793  26.568  -14.771  -34.989 0.8571428657
70894  26.213  -15.475  -34.190 0.8571428657
70906  26.390  -15.099  -34.743 0.8571428657
73707  27.952  -12.639  -38.412 0.1428571492
74629  27.136  -12.310  -38.143 0.2857142985
73685  27.117  -12.897  -36.933 0.1428571492
73686  26.005  -13.030  -36.659 0.8571428657
72764  25.917  -14.071  -35.477 0.8571428657
71804  26.718  -14.294  -35.282 0.7142857313
74644  26.307  -10.967  -39.261 0.1428571492
75628  27.034  -10.651  -39.774 0.1428571492
74630  26.148  -12.132  -37.898 0.4285714328
74623  25.663  -12.202  -36.942 0.8571428657
74617  25.582  -12.288  -36.073 0.8571428657
73671  25.589  -13.210  -34.987 0.8571428657
73662  25.724  -13.023  -34.124 0.8571428657
74639  26.188  -11.512  -38.719 0.4285714328
74612  25.686  -12.362  -35.213 0.8571428657
74602  25.721  -12.431  -34.488 0.8571428657
76599  26.584  -9.645  -40.055 0.2857142985
75620  25.332  -10.562  -38.851 0.8571428657
75612  25.201  -11.117  -38.029 0.8571428657
75606  25.495  -11.293  -37.144 0.8571428657
75596  25.884  -11.372  -35.327 0.8571428657
76561  25.950  -10.321  -35.601 0.8571428657
75585  25.880  -11.565  -34.445 0.8571428657
77553  25.794  -8.739  -39.919 0.2857142985
76600  25.528  -9.455  -39.650 0.7142857313
75629  25.789  -10.186  -39.469 0.5714285970
76581  25.088  -9.936  -38.084 0.8571428657
75586  25.879  -10.979  -33.686 0.8571428657
77546  25.211  -8.789  -39.174 0.8571428657
77541  25.407  -8.931  -38.340 0.8571428657
77529  25.995  -9.340  -36.276 0.8571428657
78411  26.426  -8.052  -35.586 0.7142857313
77518  26.373  -9.150  -35.010 0.7142857313
78429  25.946  -7.982  -37.753 0.8571428657
77536  25.633  -9.083  -37.396 0.8571428657
78422  26.110  -8.065  -36.685 0.8571428657
79258  25.813  -6.966  -36.995 0.8571428657
78396  26.450  -7.922  -34.504 0.7142857313
79283  25.186  -6.022  -40.119 0.7142857313
79278  25.295  -7.028  -38.919 0.8571428657
79279  24.912  -6.230  -39.259 0.8571428657
79270  25.040  -6.245  -38.547 0.8571428657
80117  24.558  -5.351  -38.653 0.7142857313
79269  25.479  -6.832  -38.008 0.8571428657
82595  25.170  -2.154  -41.367 0.1428571492
80124  24.514  -5.451  -39.606 0.8571428657
80125  24.096  -4.823  -39.139 0.7142857313
80107  25.098  -5.689  -37.941 0.8571428657
82596  24.242  -1.176  -40.563 0.1428571492
81042  24.063  -3.950  -40.581 0.5714285970
81831  23.073  -2.898  -39.971 0.5714285970
81832  23.165  -1.530  -40.401 0.1428571492
113024  24.962  1.798  -38.644 0.1428571492
81823  22.308  -1.443  -39.219 0.5714285970
113032  23.891  2.513  -39.978 0.1428571492
87368  25.594  3.732  -39.934 0.1428571492
113007  22.674  -0.135  -40.886 0.1428571492
87344  25.435  3.613  -38.290 0.1428571492
88072  24.858  4.063  -40.052 0.1428571492
88073  23.810  3.741  -40.097 0.1428571492
88052  25.687  3.867  -37.507 0.1428571492
88063  24.307  4.053  -39.225 0.1428571492
54409  20.696  -32.531  -26.086 0.1428571492
54410  19.692  -32.358  -25.348 0.1428571492
56398  21.837  -30.830  -26.959 0.1428571492
56415  23.143  -30.050  -27.502 0.2857142985
57325  22.208  -30.326  -27.251 0.2857142985
59496  24.471  -27.142  -28.646 0.2857142985
59497  23.737  -27.585  -28.734 0.2857142985
59478  24.112  -28.135  -28.369 0.1428571492
63311  23.094  -23.735  -30.569 0.2857142985
64304  23.642  -22.220  -31.515 0.5714285970
69035  27.325  -17.585  -32.848 0.2857142985
66151  23.572  -20.605  -31.916 0.7142857313
70024  28.315  -16.246  -33.357 0.1428571492
69037  25.492  -17.468  -32.969 0.8571428657
73694  28.743  -13.015  -37.910 0.1428571492
72776  26.128  -13.620  -36.139 0.8571428657
72754  25.686  -13.924  -34.549 0.8571428657
79282  25.550  -6.870  -39.734 0.8571428657
80131  24.145  -4.720  -39.883 0.7142857313
81842  23.833  -2.778  -41.012 0.2857142985
113013  23.273  0.953  -40.179 0.1428571492
88750  26.923  5.092  -36.198 0.1428571492
54411  19.135  -31.784  -25.047 0.1428571492
57327  20.697  -29.514  -26.833 0.4285714328
58432  22.249  -28.687  -27.924 0.2857142985
57344  21.515  -29.183  -27.464 0.4285714328
57345  20.821  -28.739  -27.315 0.2857142985
58448  22.906  -28.171  -28.399 0.1428571492
60456  24.136  -26.472  -29.135 0.2857142985
61392  24.476  -25.383  -29.389 0.2857142985
60468  23.249  -26.013  -29.502 0.2857142985
71802  28.941  -14.104  -35.995 0.1428571492
73711  28.111  -12.664  -39.071 0.1428571492
74638  27.124  -12.228  -38.648 0.2857142985
74643  27.602  -11.785  -39.443 0.1428571492
71794  25.944  -14.770  -34.858 0.8571428657
71782  25.677  -14.588  -33.848 1.0000000000
76605  26.849  -8.858  -40.331 0.1428571492
78444  26.186  -7.592  -40.075 0.2857142985
76544  25.340  -9.361  -32.878 0.8571428657
78440  25.631  -7.838  -39.387 0.5714285970
79288  25.543  -5.667  -40.670 0.5714285970
80130  24.845  -5.077  -40.536 0.7142857313
81048  24.471  -3.523  -41.472 0.4285714328
81041  24.939  -4.350  -41.395 0.2857142985
81848  24.557  -1.958  -41.346 0.1428571492
81843  24.048  -1.968  -41.203 0.1428571492
113015  23.457  -0.128  -40.554 0.1428571492
112999  21.946  0.645  -41.044 0.2857142985
113021  23.724  -0.185  -40.171 0.1428571492
113034  23.738  3.266  -40.304 0.1428571492
88083  22.878  2.644  -40.536 0.1428571492
88074  22.522  3.299  -40.171 0.1428571492
86599  25.297  3.087  -39.585 0.1428571492
88042  25.129  4.493  -36.909 0.1428571492
88053  24.660  3.754  -37.932 0.1428571492
88751  25.841  5.281  -36.284 0.1428571492
79287  26.314  -6.392  -40.670 0.4285714328
80129  25.975  -5.068  -41.304 0.4285714328
55423  20.800  -31.353  -26.405 0.1428571492
55406  19.129  -31.280  -25.067 0.1428571492
57305  19.387  -29.763  -25.552 0.2857142985
72762  27.835  -13.673  -36.088 0.2857142985
73696  26.402  -12.552  -37.202 0.5714285970
71805  26.256  -14.499  -35.189 0.8571428657
73676  25.523  -13.204  -35.863 0.8571428657
76574  25.486  -10.223  -37.241 0.8571428657
76568  25.660  -10.501  -36.487 0.8571428657
76542  26.088  -10.309  -34.404 0.8571428657
78434  25.688  -7.923  -38.647 0.8571428657
87357  25.635  3.570  -38.998 0.1428571492
113031  25.617  3.051  -39.242 0.1428571492
113006  22.484  0.736  -40.996 0.1428571492
87358  25.130  3.979  -38.842 0.1428571492
61394  22.578  -25.418  -29.766 0.5714285970
113022  22.029  2.536  -40.638 0.1428571492
61395  21.614  -25.630  -29.446 0.5714285970
61396  21.052  -25.446  -29.302 0.5714285970
61382  20.148  -25.610  -28.495 0.2857142985
62338  21.932  -24.700  -29.919 0.5714285970
62339  20.991  -24.814  -29.437 0.5714285970
60461  19.903  -26.083  -28.147 0.4285714328
61361  19.858  -25.287  -27.984 0.2857142985
62325  20.197  -24.753  -28.823 0.4285714328
63312  22.219  -23.264  -30.555 0.4285714328
63296  21.446  -23.654  -30.022 0.5714285970
64272  20.885  -23.165  -29.876 0.5714285970
63297  20.580  -23.909  -29.431 0.4285714328
64286  22.032  -22.489  -30.984 0.5714285970
65251  21.599  -21.933  -31.170 0.4285714328
64306  22.168  -21.804  -31.425 0.4285714328
62340  20.512  -24.626  -29.214 0.4285714328
62306  19.870  -24.333  -28.266 0.2857142985
62290  19.794  -24.403  -27.579 0.2857142985
64305  22.805  -22.027  -31.477 0.7142857313
66152  22.709  -20.458  -31.707 0.7142857313
66154  21.185  -20.523  -31.369 0.4285714328
67061  22.649  -19.484  -31.796 0.7142857313
67062  21.663  -19.735  -31.559 0.5714285970
68051  22.077  -19.182  -31.733 0.7142857313
68052  21.532  -18.997  -31.696 0.2857142985
67084  23.647  -18.990  -32.227 0.7142857313
68073  22.521  -18.461  -31.994 0.7142857313
69039  23.356  -17.424  -32.400 0.7142857313
69040  22.341  -17.342  -32.248 0.7142857313
68074  21.557  -18.087  -31.937 0.4285714328
67083  24.478  -19.170  -32.527 0.5714285970
67060  23.573  -19.787  -32.071 0.5714285970
68072  23.582  -18.266  -32.350 0.5714285970
70005  24.166  -16.477  -32.573 0.7142857313
70880  23.861  -15.468  -32.528 0.7142857313
70006  23.116  -16.433  -32.478 0.7142857313
70007  22.114  -16.359  -32.437 0.5714285970
70881  22.817  -15.435  -32.533 0.5714285970
69061  26.438  -16.968  -33.314 0.7142857313
69038  24.410  -17.430  -32.625 0.5714285970
70004  25.259  -16.468  -32.922 0.7142857313
70879  24.841  -15.534  -32.797 0.8571428657
71783  25.365  -14.792  -33.004 0.7142857313
71770  23.483  -14.452  -32.468 0.7142857313
71769  24.590  -14.421  -32.655 0.7142857313
69062  25.932  -16.672  -33.295 0.5714285970
72732  24.804  -13.408  -32.672 0.7142857313
72733  24.041  -13.474  -32.501 0.5714285970
73651  23.644  -12.525  -32.600 0.2857142985
70895  25.595  -15.508  -33.363 0.7142857313
72747  25.482  -13.801  -32.975 0.7142857313
74593  23.339  -11.525  -32.731 0.7142857313
73649  25.185  -12.769  -32.859 0.8571428657
74592  24.244  -11.674  -32.596 0.5714285970
75569  25.518  -11.167  -33.001 0.8571428657
75570  24.842  -10.921  -32.706 0.8571428657
75571  24.038  -10.661  -32.605 0.7142857313
73663  25.625  -12.884  -33.340 0.8571428657
74603  25.698  -12.005  -33.704 0.8571428657
76524  25.289  -10.441  -32.795 0.8571428657
76543  25.738  -9.938  -33.173 0.8571428657
76525  24.893  -9.812  -32.669 0.7142857313
79234  26.388  -6.925  -35.061 0.7142857313
79220  26.246  -6.843  -34.174 0.7142857313
79245  26.203  -6.984  -36.033 0.5714285970
79208  25.176  -6.483  -33.133 0.7142857313
79221  25.756  -6.705  -33.563 0.7142857313
80085  26.328  -6.015  -35.548 0.7142857313
80106  25.609  -5.934  -37.296 0.8571428657
80994  25.712  -4.926  -36.874 0.7142857313
80059  25.464  -5.686  -33.514 0.7142857313
80980  25.609  -4.186  -35.996 0.7142857313
81782  25.395  -3.395  -35.303 0.7142857313
80958  24.839  -4.052  -33.461 0.5714285970
81017  24.402  -4.713  -38.445 0.7142857313
80995  25.145  -4.054  -36.760 0.7142857313
81758  24.947  -3.462  -33.691 0.5714285970
81807  24.722  -3.548  -36.995 0.4285714328
81792  25.020  -3.040  -36.336 0.5714285970
82521  24.996  -2.578  -34.044 0.5714285970
81007  24.740  -4.393  -37.725 0.5714285970
81760  23.865  -3.459  -33.140 0.5714285970
81808  24.225  -2.494  -37.324 0.5714285970
82545  25.113  -2.491  -35.529 0.5714285970
82523  24.096  -3.094  -33.171 0.4285714328
82515  23.526  -2.754  -33.023 0.5714285970
82505  23.170  -3.258  -33.013 0.4285714328
82514  24.035  -2.136  -33.144 0.5714285970
81793  24.677  -2.279  -36.617 0.5714285970
112891  22.737  -2.498  -32.877 0.4285714328
112873  20.830  -4.204  -33.326 0.4285714328
83236  23.697  -1.827  -33.079 0.5714285970
84030  22.176  -0.834  -32.648 0.4285714328
66149  25.499  -20.694  -31.788 0.2857142985
84029  23.033  -0.593  -33.070 0.2857142985
61380  21.111  -25.752  -29.216 0.5714285970
60460  20.407  -26.345  -28.496 0.5714285970
63294  22.763  -24.080  -30.331 0.2857142985
61381  20.650  -25.519  -29.019 0.5714285970
63295  22.364  -23.989  -30.253 0.5714285970
63279  20.022  -23.646  -28.884 0.4285714328
64287  21.176  -22.549  -30.496 0.4285714328
63261  19.716  -23.520  -28.118 0.2857142985
64258  19.870  -22.613  -28.819 0.2857142985
65275  21.468  -20.913  -31.417 0.5714285970
67057  26.443  -19.742  -32.067 0.2857142985
67063  20.733  -19.757  -31.302 0.2857142985
72746  25.628  -13.647  -33.756 0.8571428657
73650  24.518  -12.610  -32.615 0.7142857313
77481  25.247  -7.926  -32.830 0.7142857313
78376  25.460  -7.431  -33.187 0.7142857313
80957  25.360  -4.514  -33.728 0.7142857313
81748  23.945  -4.059  -33.161 0.5714285970
112897  22.656  -3.228  -32.996 0.2857142985
81018  24.087  -4.165  -38.605 0.5714285970
81008  23.990  -3.536  -38.012 0.5714285970
83252  24.914  -1.620  -34.431 0.5714285970
84047  24.842  -1.136  -34.827 0.2857142985
64288  20.690  -22.080  -30.481 0.4285714328
62337  22.912  -24.519  -30.204 0.2857142985
74590  25.480  -12.120  -33.043 0.7142857313
81006  25.380  -5.222  -37.519 0.8571428657
65273  22.760  -21.256  -31.641 0.5714285970
77498  25.132  -9.091  -32.789 0.7142857313
62324  20.516  -24.949  -29.153 0.4285714328
59501  20.347  -27.022  -28.169 0.5714285970
63313  21.697  -22.954  -30.469 0.5714285970
64273  20.411  -22.647  -29.752 0.4285714328
65252  21.027  -21.484  -31.094 0.4285714328
65274  21.903  -21.193  -31.485 0.5714285970
66153  21.910  -20.394  -31.528 0.7142857313
67085  23.108  -18.806  -32.031 0.7142857313
68071  24.490  -18.331  -32.681 0.7142857313
70882  21.823  -15.401  -32.602 0.2857142985
72734  23.044  -13.458  -32.593 0.5714285970
72735  22.015  -13.436  -32.886 0.2857142985
74591  25.007  -11.860  -32.723 0.8571428657
80072  26.204  -5.857  -34.675 0.7142857313
80969  26.260  -5.370  -35.218 0.7142857313
82556  24.788  -1.855  -36.048 0.7142857313
83242  24.184  -1.448  -33.449 0.5714285970
83237  22.959  -1.705  -32.871 0.4285714328
65237  19.935  -21.672  -29.638 0.4285714328
57328  19.839  -29.332  -26.239 0.4285714328
62335  24.910  -24.507  -29.646 0.1428571492
62336  23.939  -24.456  -30.088 0.1428571492
63293  24.684  -23.950  -30.110 0.1428571492
64303  24.369  -22.345  -31.468 0.1428571492
65250  24.994  -22.016  -31.481 0.1428571492
65249  25.731  -21.750  -31.080 0.1428571492
64283  24.904  -22.759  -31.104 0.1428571492
63309  25.147  -23.384  -30.451 0.1428571492
65270  25.321  -21.416  -31.501 0.1428571492
68068  27.344  -18.343  -32.435 0.1428571492
77497  25.490  -8.632  -33.136 0.5714285970
89452  24.395  6.606  -36.355 0.1428571492
76526  23.831  -9.567  -32.474 0.4285714328
88064  22.856  3.821  -39.281 0.1428571492
77483  23.453  -8.360  -32.292 0.4285714328
78360  24.980  -7.029  -32.881 0.5714285970
78362  23.006  -7.250  -32.483 0.4285714328
87335  23.785  2.797  -36.523 0.2857142985
86573  24.073  0.895  -36.595 0.2857142985
82567  24.163  -0.817  -37.046 0.2857142985
113010  22.839  0.542  -37.645 0.2857142985
77499  20.520  -7.974  -33.507 0.1428571492
79210  23.459  -6.343  -32.666 0.5714285970
80944  25.101  -5.107  -33.298 0.5714285970
85760  24.496  0.893  -35.423 0.2857142985
79211  22.801  -6.441  -32.558 0.4285714328
80048  23.179  -5.635  -32.578 0.5714285970
84070  24.626  -0.080  -35.687 0.2857142985
78364  21.014  -6.225  -33.278 0.4285714328
80948  21.862  -4.945  -32.991 0.2857142985
84895  23.845  0.160  -33.705 0.1428571492
84048  24.607  -0.568  -34.556 0.1428571492
84913  24.534  0.350  -34.868 0.1428571492
112863  20.607  -4.922  -33.274 0.1428571492
112901  22.447  -4.133  -33.068 0.4285714328
84905  23.792  0.824  -33.700 0.1428571492
86569  24.219  1.746  -35.031 0.1428571492
84880  22.531  0.089  -32.827 0.2857142985
84882  20.435  0.309  -32.206 0.1428571492
84896  23.214  0.524  -33.249 0.1428571492
85757  23.959  1.395  -34.031 0.1428571492
84881  21.613  0.384  -32.543 0.1428571492
84897  22.372  0.866  -32.883 0.1428571492
85736  21.735  1.596  -32.743 0.1428571492
58408  19.819  -28.189  -26.367 0.4285714328
59456  19.746  -27.473  -25.949 0.2857142985
81030  23.754  -3.936  -39.450 0.4285714328
112993  21.585  0.230  -38.850 0.2857142985
86572  24.239  1.646  -35.640 0.2857142985
113023  23.034  0.970  -37.436 0.2857142985
86563  24.057  1.998  -34.440 0.2857142985
58447  23.637  -28.318  -28.324 0.1428571492
61379  24.822  -26.010  -28.921 0.1428571492
61378  25.556  -25.515  -28.785 0.1428571492
68050  26.744  -19.044  -32.442 0.1428571492
112862  20.094  -6.290  -33.493 0.1428571492
80946  23.646  -4.748  -32.872 0.5714285970
81822  23.272  -2.782  -38.547 0.4285714328
87334  24.049  2.197  -35.857 0.2857142985
87345  23.221  2.464  -37.198 0.2857142985
113016  21.009  0.524  -39.130 0.2857142985
86583  21.864  1.545  -38.139 0.2857142985
87336  23.228  3.050  -37.226 0.2857142985
88043  23.863  4.206  -36.789 0.1428571492
88054  23.357  3.876  -38.185 0.1428571492
85748  23.406  1.551  -33.504 0.2857142985
87328  24.169  2.372  -35.166 0.2857142985
88075  21.716  3.088  -40.182 0.1428571492
112994  21.736  -0.454  -39.969 0.4285714328
87360  20.755  2.208  -39.214 0.2857142985
88055  21.942  3.805  -38.186 0.1428571492
67081  26.075  -19.390  -32.531 0.4285714328
112996  21.388  0.497  -40.511 0.2857142985
78361  24.027  -7.138  -32.451 0.4285714328
79209  24.455  -6.365  -32.806 0.5714285970
80047  24.060  -5.569  -32.745 0.5714285970
80945  24.552  -4.650  -33.154 0.5714285970
83243  23.546  -1.199  -33.181 0.4285714328
84031  20.923  -0.913  -32.554 0.2857142985
84041  24.224  -0.504  -33.880 0.2857142985
77482  24.775  -8.510  -32.561 0.5714285970
80947  22.774  -4.839  -32.827 0.5714285970
113004  24.702  -1.028  -35.683 0.2857142985
83272  24.535  -0.756  -36.319 0.2857142985
63292  25.412  -23.820  -29.832 0.1428571492
66132  25.903  -21.015  -31.377 0.1428571492
77484  22.388  -8.224  -32.612 0.2857142985
81809  22.897  -0.129  -37.792 0.2857142985
78363  22.138  -7.012  -32.780 0.2857142985
80049  22.245  -5.845  -32.677 0.4285714328
80959  21.159  -4.820  -33.160 0.4285714328
76527  22.737  -9.400  -32.554 0.2857142985
87346  22.410  1.987  -37.750 0.2857142985
88044  22.850  3.514  -37.579 0.2857142985
88029  23.533  4.151  -34.481 0.1428571492
87329  24.083  3.194  -35.333 0.1428571492
86555  21.880  2.640  -32.944 0.1428571492
88020  23.055  3.970  -33.644 0.1428571492
87323  23.882  2.973  -34.340 0.1428571492
86554  22.838  2.499  -33.385 0.1428571492
87312  23.206  3.107  -33.603 0.1428571492
87313  22.228  3.671  -33.143 0.1428571492
88735  22.711  5.065  -33.556 0.1428571492
88010  21.613  4.886  -32.416 0.1428571492
71771  22.440  -14.443  -32.611 0.2857142985
88736  22.364  5.075  -33.204 0.1428571492
88741  23.121  5.153  -34.630 0.1428571492
88034  23.699  4.204  -35.578 0.1428571492
88021  22.307  4.695  -33.165 0.1428571492
87299  21.312  3.811  -32.132 0.1428571492
64285  22.900  -22.796  -31.063 0.4285714328
59500  20.920  -27.045  -28.473 0.4285714328
59499  21.693  -27.204  -28.693 0.2857142985
60458  22.130  -26.721  -29.097 0.2857142985
60470  21.837  -26.231  -29.257 0.2857142985
59479  20.726  -27.549  -27.963 0.2857142985
58449  22.002  -27.926  -28.358 0.1428571492
60469  22.401  -26.153  -29.402 0.2857142985
60459  21.265  -26.333  -28.993 0.4285714328
58450  21.323  -27.601  -28.260 0.2857142985
58434  20.531  -28.039  -27.416 0.2857142985
58435  20.119  -27.842  -26.974 0.2857142985
59480  20.101  -27.273  -27.580 0.2857142985
66133  20.562  -20.753  -30.951 0.2857142985
68075  20.868  -17.827  -31.955 0.1428571492
69041  21.404  -17.186  -32.211 0.2857142985
73652  22.656  -12.435  -32.868 0.1428571492
73653  21.483  -12.250  -33.237 0.1428571492
74594  22.386  -11.367  -33.067 0.1428571492
74604  21.557  -11.125  -33.383 0.1428571492
76528  21.756  -9.235  -32.871 0.1428571492
77485  21.480  -7.985  -33.152 0.1428571492
81761  21.618  -3.848  -33.186 0.1428571492
112881  20.573  -3.371  -33.133 0.1428571492
112874  20.220  -4.120  -33.341 0.1428571492
83238  21.728  -2.319  -32.827 0.1428571492
112903  20.158  -2.149  -32.814 0.1428571492
58386  19.383  -28.721  -25.475 0.2857142985
75572  23.069  -10.483  -32.739 0.2857142985
75573  22.106  -10.325  -32.961 0.1428571492
65253  20.392  -21.585  -30.419 0.2857142985
66134  20.039  -20.807  -30.394 0.2857142985
70883  20.917  -15.360  -32.590 0.1428571492
72736  20.989  -13.513  -33.070 0.1428571492
76545  20.868  -9.120  -33.242 0.1428571492
112882  20.048  -3.600  -33.243 0.1428571492
59481  19.883  -27.245  -26.801 0.2857142985
58373  19.408  -28.720  -24.623 0.1428571492
59413  20.381  -27.800  -23.914 0.1428571492
59445  19.680  -27.699  -25.125 0.1428571492
60439  19.821  -26.346  -27.460 0.1428571492
69034  28.329  -17.555  -32.390 0.1428571492
57306  19.088  -29.647  -24.961 0.1428571492
60417  19.903  -26.415  -26.508 0.1428571492
60402  20.154  -26.589  -25.495 0.1428571492
78443  27.258  -7.462  -40.565 0.1428571492
80128  27.199  -5.635  -41.487 0.1428571492
77558  26.704  -8.213  -40.321 0.1428571492
70002  28.362  -16.846  -32.907 0.1428571492
58387  19.074  -29.059  -24.952 0.1428571492
59428  20.008  -27.660  -24.402 0.1428571492
56375  20.274  -30.875  -26.152 0.1428571492
60438  19.971  -26.664  -28.036 0.1428571492
75601  25.652  -11.342  -36.261 0.8571428657
75621  25.111  -10.015  -39.203 0.8571428657
75630  25.285  -9.809  -39.412 0.7142857313
76589  24.917  -9.640  -38.828 0.8571428657
76590  25.087  -9.498  -39.339 0.7142857313
77496  26.196  -8.939  -33.895 0.7142857313
77547  25.287  -9.137  -39.577 0.7142857313
77554  25.432  -9.110  -39.763 0.7142857313
78375  26.047  -7.734  -33.656 0.7142857313
80046  24.820  -5.646  -33.070 0.7142857313
80058  26.035  -6.009  -34.011 0.7142857313
80073  25.867  -5.318  -34.097 0.7142857313
80096  26.131  -5.966  -36.477 0.7142857313
80118  24.253  -4.809  -38.719 0.7142857313
80970  25.892  -4.617  -34.875 0.7142857313
80979  26.206  -5.108  -35.857 0.7142857313
81047  25.281  -3.732  -41.982 0.2857142985
81749  23.262  -3.809  -33.091 0.4285714328
81759  24.391  -3.619  -33.335 0.5714285970
81773  25.333  -3.509  -34.382 0.7142857313
81847  24.788  -2.677  -41.770 0.1428571492
82522  24.425  -2.600  -33.409 0.4285714328
82534  25.170  -2.529  -34.792 0.5714285970
82557  24.540  -1.649  -36.705 0.7142857313
83241  24.726  -1.853  -33.802 0.5714285970
83253  24.619  -1.169  -33.980 0.5714285970
83264  24.950  -1.627  -35.205 0.5714285970
84042  23.695  -0.499  -33.450 0.2857142985
84059  24.746  -0.763  -35.179 0.2857142985
84060  24.669  -0.149  -35.118 0.1428571492
84904  24.183  0.408  -34.209 0.1428571492
84924  24.605  0.260  -35.287 0.1428571492
85756  24.308  1.157  -34.656 0.1428571492
86564  23.658  2.296  -33.815 0.1428571492
86582  23.358  1.854  -37.140 0.2857142985
87322  24.144  2.299  -34.746 0.2857142985
87347  21.361  1.524  -38.521 0.2857142985
87359  21.285  2.753  -38.478 0.1428571492
87369  24.723  3.297  -40.067 0.1428571492
87370  22.312  2.924  -40.520 0.1428571492
87371  21.931  2.911  -40.437 0.1428571492
88062  25.266  4.144  -39.536 0.1428571492
88065  21.403  3.440  -39.487 0.1428571492
88066  21.223  2.322  -40.383 0.2857142985
88082  23.280  3.344  -40.361 0.1428571492
112995  22.000  1.050  -38.224 0.2857142985
112997  21.113  0.010  -40.028 0.2857142985
112998  21.079  0.243  -39.496 0.2857142985
113000  21.422  1.156  -40.813 0.2857142985
113001  21.597  0.928  -40.950 0.2857142985
113002  20.895  0.399  -39.914 0.2857142985
113003  20.841  0.546  -39.618 0.2857142985
113005  21.976  1.538  -40.958 0.1428571492
113008  20.852  0.585  -39.372 0.2857142985
113014  20.972  0.370  -39.328 0.2857142985
113017  20.789  0.854  -39.194 0.2857142985
113020  22.917  0.767  -37.573 0.2857142985
113025  22.717  0.855  -37.661 0.2857142985
113026  21.007  0.865  -38.871 0.2857142985
113027  20.782  1.323  -39.042 0.2857142985
113028  21.368  1.591  -40.716 0.1428571492
113029  20.809  1.117  -39.772 0.2857142985
113033  21.110  1.335  -40.525 0.2857142985
