#!ascii label  , from subject mmSR20151113 vox2ras=TkReg coords=white
1304
54904  -53.781  -43.915  4.982 0.0000000000
62948  -38.557  -35.985  10.151 0.0000000000
62955  -38.719  -36.209  9.843 0.0000000000
62956  -39.118  -36.066  9.523 0.0000000000
62967  -38.975  -36.260  9.423 0.0000000000
62980  -62.727  -36.733  8.219 0.0000000000
63421  -50.161  -36.869  -28.223 0.0000000000
64056  -38.379  -35.560  10.200 0.0000000000
64057  -38.879  -35.503  10.065 0.0000000000
64062  -38.832  -35.839  10.093 0.0000000000
64063  -39.119  -35.612  9.670 0.0000000000
64064  -39.586  -35.112  9.096 0.0000000000
64073  -39.193  -35.900  8.886 0.0000000000
64074  -39.866  -34.970  8.443 0.0000000000
64083  -39.337  -35.207  7.979 0.0000000000
64084  -40.024  -34.767  7.799 0.0000000000
65189  -37.810  -34.619  10.129 0.0000000000
65190  -38.706  -35.004  10.066 0.0000000000
65191  -39.010  -35.247  9.882 0.0000000000
65196  -37.959  -34.122  9.955 0.0000000000
65197  -38.427  -34.281  9.852 0.0000000000
65198  -39.208  -34.620  9.494 0.0000000000
65199  -40.131  -34.140  8.631 0.0000000000
65200  -40.689  -33.541  8.357 0.0000000000
65205  -40.505  -34.286  7.994 0.0000000000
65206  -41.093  -33.545  8.026 0.0000000000
65207  -41.630  -33.135  7.717 0.0000000000
65215  -39.494  -34.564  7.310 0.0000000000
65216  -40.354  -34.119  7.291 0.0000000000
65217  -41.004  -33.642  7.475 0.0000000000
65218  -41.591  -33.219  7.451 0.0000000000
65227  -39.745  -33.949  6.717 0.0000000000
65228  -40.408  -33.658  6.733 0.0000000000
65238  -38.539  -33.692  5.846 0.0000000000
66331  -36.945  -33.636  9.868 0.0000000000
66332  -37.656  -33.993  9.950 0.0000000000
66337  -37.192  -33.134  9.645 0.0000000000
66338  -37.830  -33.543  9.676 0.0000000000
66339  -38.793  -33.602  9.413 0.0000000000
66340  -39.659  -33.543  8.969 0.0000000000
66341  -40.438  -33.290  8.541 0.0000000000
66342  -41.079  -33.088  8.228 0.0000000000
66347  -41.630  -32.920  7.857 0.0000000000
66348  -42.093  -32.791  7.376 0.0000000000
66349  -42.526  -32.577  7.112 0.0000000000
66356  -40.940  -33.489  6.918 0.0000000000
66357  -41.567  -33.219  6.968 0.0000000000
66358  -42.098  -32.957  6.986 0.0000000000
66359  -42.529  -32.619  6.907 0.0000000000
66367  -39.271  -33.597  6.055 0.0000000000
66368  -40.084  -33.406  6.207 0.0000000000
66369  -40.820  -33.236  6.368 0.0000000000
66370  -41.471  -33.046  6.489 0.0000000000
66371  -42.155  -32.735  6.465 0.0000000000
66372  -42.411  -32.661  6.693 0.0000000000
66384  -38.052  -33.383  5.293 0.0000000000
66385  -38.858  -33.291  5.436 0.0000000000
66386  -39.631  -33.018  5.455 0.0000000000
66387  -40.533  -32.941  5.759 0.0000000000
66388  -41.356  -32.809  5.970 0.0000000000
66389  -41.837  -32.725  6.166 0.0000000000
66405  -37.538  -32.933  4.509 0.0000000000
66406  -38.500  -32.942  4.903 0.0000000000
66407  -39.085  -32.966  5.121 0.0000000000
66423  -36.924  -32.939  3.994 0.0000000000
67494  -36.024  -32.766  9.740 0.0000000000
67499  -36.666  -32.704  9.601 0.0000000000
67500  -37.328  -32.649  9.395 0.0000000000
67501  -38.239  -32.741  9.193 0.0000000000
67502  -39.180  -32.739  8.933 0.0000000000
67503  -40.041  -32.666  8.567 0.0000000000
67504  -40.809  -32.554  8.213 0.0000000000
67510  -41.461  -32.464  7.855 0.0000000000
67511  -42.133  -32.311  7.532 0.0000000000
67512  -42.486  -32.406  7.281 0.0000000000
67520  -42.670  -32.065  7.343 0.0000000000
67521  -42.966  -32.209  7.086 0.0000000000
67522  -43.755  -31.911  6.814 0.0000000000
67523  -44.512  -31.769  6.676 0.0000000000
67532  -42.459  -32.457  6.220 0.0000000000
67533  -42.911  -32.336  6.454 0.0000000000
67534  -43.985  -31.870  6.313 0.0000000000
67535  -44.844  -31.755  6.291 0.0000000000
67545  -39.701  -32.742  5.108 0.0000000000
67546  -40.124  -32.651  5.150 0.0000000000
67547  -41.034  -32.493  5.328 0.0000000000
67548  -42.217  -32.255  5.700 0.0000000000
67549  -43.382  -31.937  5.874 0.0000000000
67550  -44.321  -31.741  5.858 0.0000000000
67551  -45.056  -31.665  5.896 0.0000000000
67561  -37.681  -32.639  4.172 0.0000000000
67562  -38.144  -32.555  4.305 0.0000000000
67563  -39.314  -32.553  4.703 0.0000000000
67564  -40.398  -32.116  4.540 0.0000000000
67565  -41.363  -32.045  4.905 0.0000000000
67566  -41.917  -31.806  5.020 0.0000000000
67580  -36.922  -32.770  3.007 0.0000000000
67581  -37.432  -32.566  3.640 0.0000000000
67582  -38.514  -32.027  3.689 0.0000000000
67583  -39.640  -31.878  4.076 0.0000000000
67584  -40.143  -31.762  4.179 0.0000000000
67600  -37.386  -32.394  2.445 0.0000000000
67601  -37.835  -32.090  3.144 0.0000000000
67602  -47.996  -32.418  2.203 0.0000000000
68642  -35.420  -31.823  9.707 0.0000000000
68643  -36.140  -32.254  9.659 0.0000000000
68651  -35.836  -31.283  9.458 0.0000000000
68652  -36.497  -31.794  9.349 0.0000000000
68653  -37.620  -31.887  8.935 0.0000000000
68654  -38.622  -31.924  8.682 0.0000000000
68655  -39.553  -31.901  8.385 0.0000000000
68656  -40.439  -31.849  8.037 0.0000000000
68657  -41.265  -31.818  7.820 0.0000000000
68664  -41.897  -31.876  7.652 0.0000000000
68665  -42.665  -31.560  7.481 0.0000000000
68666  -43.248  -31.070  7.467 0.0000000000
68674  -42.975  -31.840  7.294 0.0000000000
68675  -43.543  -31.515  7.285 0.0000000000
68676  -44.399  -31.539  7.113 0.0000000000
68677  -45.298  -31.406  6.866 0.0000000000
68678  -45.892  -30.808  6.896 0.0000000000
68684  -45.442  -31.541  6.252 0.0000000000
68685  -45.940  -30.924  6.438 0.0000000000
68693  -42.981  -31.761  5.494 0.0000000000
68694  -43.640  -31.543  5.429 0.0000000000
68695  -44.608  -31.298  5.483 0.0000000000
68696  -45.566  -31.197  5.804 0.0000000000
68697  -46.182  -30.749  6.018 0.0000000000
68705  -40.903  -31.762  4.482 0.0000000000
68706  -41.446  -31.549  4.556 0.0000000000
68707  -42.559  -31.367  4.877 0.0000000000
68708  -43.699  -30.964  5.033 0.0000000000
68709  -44.418  -30.724  5.105 0.0000000000
68720  -38.601  -31.735  3.282 0.0000000000
68721  -39.104  -31.605  3.386 0.0000000000
68722  -40.332  -31.349  3.866 0.0000000000
68723  -41.494  -30.904  4.133 0.0000000000
68724  -42.259  -30.612  4.267 0.0000000000
68737  -37.787  -31.938  2.399 0.0000000000
68738  -38.270  -31.710  2.747 0.0000000000
68739  -39.311  -31.084  2.665 0.0000000000
68740  -40.137  -30.699  2.920 0.0000000000
68741  -48.013  -31.898  2.041 0.0000000000
68742  -48.464  -31.689  2.218 0.0000000000
68743  -49.610  -31.688  2.717 0.0000000000
68744  -50.390  -31.034  2.737 0.0000000000
68752  -37.884  -31.866  2.053 0.0000000000
68753  -38.556  -31.421  1.659 0.0000000000
68754  -39.276  -30.770  1.804 0.0000000000
68755  -46.756  -31.437  1.494 0.0000000000
68756  -47.539  -31.556  1.824 0.0000000000
68757  -48.245  -30.873  1.949 0.0000000000
69795  -34.089  -30.826  9.377 0.0000000000
69796  -34.792  -30.861  9.545 0.0000000000
69804  -35.407  -30.803  9.469 0.0000000000
69805  -36.114  -30.750  9.137 0.0000000000
69806  -37.089  -30.937  8.753 0.0000000000
69807  -38.108  -31.077  8.456 0.0000000000
69808  -39.051  -31.082  8.173 0.0000000000
69809  -40.000  -31.031  7.882 0.0000000000
69810  -41.091  -30.901  7.722 0.0000000000
69811  -41.956  -30.383  7.616 0.0000000000
69820  -41.952  -31.178  7.674 0.0000000000
69821  -42.788  -30.614  7.576 0.0000000000
69822  -43.950  -30.631  7.525 0.0000000000
69823  -45.088  -30.255  7.561 0.0000000000
69824  -45.976  -29.989  7.482 0.0000000000
69825  -46.425  -29.769  7.362 0.0000000000
69836  -44.198  -31.182  7.344 0.0000000000
69837  -44.814  -30.998  7.385 0.0000000000
69838  -45.657  -30.641  7.256 0.0000000000
69839  -46.512  -30.130  7.025 0.0000000000
69840  -47.055  -29.597  6.913 0.0000000000
69846  -46.471  -30.345  6.393 0.0000000000
69847  -46.853  -29.788  6.612 0.0000000000
69853  -45.125  -30.754  5.335 0.0000000000
69854  -45.846  -30.376  5.541 0.0000000000
69855  -46.450  -30.179  6.046 0.0000000000
69856  -46.694  -29.993  6.346 0.0000000000
69865  -43.033  -30.585  4.517 0.0000000000
69866  -43.815  -30.203  4.615 0.0000000000
69867  -44.734  -30.212  5.004 0.0000000000
69868  -45.311  -30.282  5.231 0.0000000000
69879  -40.819  -30.533  3.356 0.0000000000
69880  -41.582  -30.077  3.609 0.0000000000
69881  -42.560  -30.050  4.106 0.0000000000
69882  -43.174  -30.093  4.360 0.0000000000
69895  -39.807  -30.473  2.211 0.0000000000
69896  -40.457  -30.056  2.544 0.0000000000
69897  -40.972  -30.030  3.076 0.0000000000
69898  -49.006  -30.824  2.132 0.0000000000
69899  -49.857  -30.313  2.283 0.0000000000
69900  -50.814  -30.298  2.619 0.0000000000
69908  -39.231  -30.886  1.130 0.0000000000
69909  -39.767  -30.237  1.453 0.0000000000
69910  -40.036  -30.054  1.982 0.0000000000
69911  -46.901  -30.772  1.411 0.0000000000
69912  -47.670  -30.193  1.567 0.0000000000
69913  -48.607  -30.137  1.872 0.0000000000
69914  -49.183  -30.164  2.051 0.0000000000
69921  -39.346  -31.103  0.721 0.0000000000
69922  -39.888  -30.539  0.533 0.0000000000
69923  -40.435  -30.071  0.311 0.0000000000
69925  -45.419  -30.117  0.638 0.0000000000
69926  -46.416  -30.129  1.075 0.0000000000
69927  -47.003  -30.095  1.327 0.0000000000
69935  -40.232  -30.837  0.058 0.0000000000
69936  -40.725  -30.404  -0.039 0.0000000000
69937  -41.718  -30.347  -0.276 0.0000000000
69938  -42.679  -30.327  -0.247 0.0000000000
69939  -43.560  -30.176  -0.067 0.0000000000
69940  -44.293  -29.998  0.173 0.0000000000
69941  -44.786  -29.983  0.379 0.0000000000
70934  -33.808  -30.149  8.964 0.0000000000
70935  -34.474  -29.981  9.312 0.0000000000
70936  -35.004  -30.329  9.503 0.0000000000
70942  -33.292  -30.067  8.491 0.0000000000
70943  -33.612  -30.032  8.736 0.0000000000
70944  -34.809  -29.415  9.181 0.0000000000
70945  -35.406  -29.864  9.137 0.0000000000
70946  -36.620  -29.784  8.465 0.0000000000
70947  -37.721  -30.230  8.212 0.0000000000
70948  -38.609  -30.358  7.994 0.0000000000
70949  -39.490  -30.147  7.720 0.0000000000
70950  -40.486  -30.195  7.621 0.0000000000
70951  -41.538  -29.917  7.543 0.0000000000
70952  -41.961  -30.013  7.568 0.0000000000
70960  -36.957  -29.179  7.910 0.0000000000
70961  -37.544  -29.448  7.854 0.0000000000
70962  -38.396  -29.703  7.764 0.0000000000
70963  -38.944  -29.879  7.719 0.0000000000
70964  -42.035  -29.506  7.424 0.0000000000
70965  -42.339  -29.871  7.563 0.0000000000
70966  -43.336  -29.806  7.625 0.0000000000
70967  -44.433  -29.702  7.627 0.0000000000
70968  -45.458  -29.544  7.594 0.0000000000
70969  -46.336  -29.399  7.525 0.0000000000
70970  -46.934  -29.116  7.463 0.0000000000
70981  -46.713  -29.529  7.313 0.0000000000
70982  -47.280  -29.212  7.189 0.0000000000
70983  -47.881  -28.978  7.132 0.0000000000
70995  -47.458  -29.181  6.805 0.0000000000
70996  -48.127  -28.662  6.888 0.0000000000
71006  -45.914  -29.931  5.378 0.0000000000
71007  -46.302  -29.688  5.527 0.0000000000
71008  -47.022  -29.398  6.196 0.0000000000
71019  -43.794  -29.740  4.440 0.0000000000
71020  -44.291  -29.555  4.536 0.0000000000
71021  -45.469  -29.594  5.049 0.0000000000
71022  -46.184  -28.979  5.148 0.0000000000
71033  -41.581  -29.641  3.300 0.0000000000
71034  -42.085  -29.426  3.492 0.0000000000
71035  -43.308  -29.419  4.099 0.0000000000
71036  -44.056  -28.794  4.177 0.0000000000
71049  -40.624  -29.681  2.329 0.0000000000
71050  -41.187  -29.442  2.722 0.0000000000
71051  -41.965  -28.803  2.916 0.0000000000
71052  -49.942  -29.528  2.115 0.0000000000
71053  -50.519  -29.505  2.316 0.0000000000
71054  -51.571  -29.562  2.665 0.0000000000
71063  -40.019  -29.913  1.405 0.0000000000
71064  -40.393  -29.636  1.709 0.0000000000
71065  -41.045  -28.924  1.829 0.0000000000
71066  -47.728  -29.426  1.391 0.0000000000
71067  -48.296  -29.381  1.585 0.0000000000
71068  -49.279  -29.382  1.921 0.0000000000
71074  -39.991  -29.900  1.112 0.0000000000
71075  -40.518  -29.642  0.716 0.0000000000
71076  -41.120  -29.414  0.442 0.0000000000
71077  -45.485  -29.271  0.436 0.0000000000
71078  -46.094  -29.275  0.671 0.0000000000
71079  -47.095  -29.317  1.114 0.0000000000
71085  -40.806  -29.791  0.236 0.0000000000
71086  -41.432  -29.590  0.034 0.0000000000
71087  -42.221  -29.552  -0.209 0.0000000000
71088  -43.085  -29.416  -0.229 0.0000000000
71089  -43.962  -29.315  -0.092 0.0000000000
71090  -44.856  -29.260  0.204 0.0000000000
71387  -34.394  -29.601  -22.323 0.0000000000
72081  -33.817  -29.887  8.941 0.0000000000
72082  -33.979  -29.708  8.960 0.0000000000
72086  -33.574  -29.417  8.364 0.0000000000
72087  -33.785  -29.530  8.671 0.0000000000
72088  -34.368  -29.166  8.902 0.0000000000
72089  -35.139  -28.908  8.847 0.0000000000
72090  -35.812  -29.148  8.585 0.0000000000
72091  -39.599  -29.688  7.580 0.0000000000
72092  -40.016  -29.652  7.527 0.0000000000
72093  -40.805  -29.578  7.470 0.0000000000
72098  -33.577  -28.604  7.677 0.0000000000
72099  -35.613  -28.567  8.370 0.0000000000
72100  -36.382  -28.664  7.966 0.0000000000
72101  -37.363  -28.653  7.573 0.0000000000
72102  -38.263  -28.907  7.521 0.0000000000
72103  -39.325  -29.283  7.500 0.0000000000
72104  -40.432  -29.061  7.324 0.0000000000
72105  -41.521  -29.159  7.294 0.0000000000
72106  -42.631  -29.191  7.368 0.0000000000
72107  -43.786  -29.096  7.473 0.0000000000
72108  -44.850  -29.008  7.579 0.0000000000
72109  -45.841  -28.909  7.645 0.0000000000
72110  -46.689  -28.740  7.607 0.0000000000
72111  -47.487  -28.491  7.515 0.0000000000
72112  -48.349  -28.032  7.549 0.0000000000
72113  -48.968  -27.711  7.483 0.0000000000
72122  -36.917  -28.063  7.429 0.0000000000
72123  -37.451  -28.091  7.285 0.0000000000
72124  -47.945  -28.591  7.302 0.0000000000
72125  -48.571  -28.241  7.170 0.0000000000
72126  -49.233  -27.680  7.228 0.0000000000
72138  -47.857  -28.670  6.508 0.0000000000
72139  -48.643  -28.143  6.669 0.0000000000
72140  -49.054  -27.980  6.972 0.0000000000
72154  -46.814  -28.870  5.532 0.0000000000
72155  -47.627  -28.374  5.835 0.0000000000
72156  -48.248  -28.078  6.136 0.0000000000
72171  -44.828  -28.761  4.454 0.0000000000
72172  -45.639  -28.308  4.643 0.0000000000
72173  -46.526  -28.280  5.063 0.0000000000
72174  -47.074  -28.317  5.377 0.0000000000
72187  -42.653  -28.661  3.356 0.0000000000
72188  -43.482  -28.148  3.588 0.0000000000
72189  -44.437  -28.090  4.078 0.0000000000
72190  -45.025  -28.140  4.335 0.0000000000
72201  -41.689  -28.406  2.199 0.0000000000
72202  -42.363  -28.165  2.760 0.0000000000
72203  -42.843  -28.078  3.154 0.0000000000
72204  -50.082  -28.909  2.067 0.0000000000
72205  -50.854  -28.454  2.167 0.0000000000
72206  -51.830  -28.380  2.474 0.0000000000
72214  -40.982  -29.059  1.114 0.0000000000
72215  -41.455  -28.461  1.390 0.0000000000
72216  -47.884  -28.829  1.243 0.0000000000
72217  -48.660  -28.326  1.443 0.0000000000
72218  -49.657  -28.319  1.840 0.0000000000
72219  -50.253  -28.301  1.986 0.0000000000
72224  -41.089  -29.222  0.696 0.0000000000
72225  -41.709  -28.726  0.553 0.0000000000
72226  -42.333  -28.220  0.333 0.0000000000
72227  -45.567  -28.436  0.211 0.0000000000
72228  -46.576  -28.376  0.570 0.0000000000
72229  -47.468  -28.272  0.891 0.0000000000
72230  -48.044  -28.226  1.096 0.0000000000
72236  -41.964  -29.108  0.040 0.0000000000
72237  -42.557  -28.628  -0.039 0.0000000000
72238  -43.532  -28.535  -0.184 0.0000000000
72239  -44.377  -28.482  -0.113 0.0000000000
72240  -44.932  -28.469  0.020 0.0000000000
73241  -33.713  -28.881  8.213 0.0000000000
73242  -34.119  -28.572  8.397 0.0000000000
73243  -34.788  -28.373  8.488 0.0000000000
73244  -35.255  -28.385  8.436 0.0000000000
73248  -33.625  -28.637  7.959 0.0000000000
73249  -33.946  -27.989  7.725 0.0000000000
73250  -34.573  -27.761  8.019 0.0000000000
73251  -35.575  -27.832  7.858 0.0000000000
73252  -36.335  -27.989  7.637 0.0000000000
73253  -37.988  -28.153  7.179 0.0000000000
73254  -38.890  -28.255  7.148 0.0000000000
73255  -39.905  -28.345  7.087 0.0000000000
73256  -40.977  -28.439  6.985 0.0000000000
73257  -42.072  -28.556  6.943 0.0000000000
73258  -43.160  -28.528  7.104 0.0000000000
73259  -44.225  -28.428  7.298 0.0000000000
73260  -45.266  -28.313  7.486 0.0000000000
73261  -46.240  -28.199  7.603 0.0000000000
73262  -47.012  -27.926  7.616 0.0000000000
73263  -47.931  -27.482  7.835 0.0000000000
73264  -48.886  -27.320  7.800 0.0000000000
73265  -49.628  -27.136  7.651 0.0000000000
73266  -50.168  -26.738  7.721 0.0000000000
73270  -33.941  -27.655  7.195 0.0000000000
73271  -35.943  -27.240  7.347 0.0000000000
73272  -36.493  -27.447  7.264 0.0000000000
73273  -37.473  -27.528  6.982 0.0000000000
73274  -38.434  -27.452  6.809 0.0000000000
73275  -39.387  -27.498  6.750 0.0000000000
73276  -40.399  -27.658  6.689 0.0000000000
73277  -41.458  -27.848  6.632 0.0000000000
73278  -42.538  -27.921  6.657 0.0000000000
73279  -43.601  -27.823  6.853 0.0000000000
73280  -44.660  -27.639  7.087 0.0000000000
73281  -45.733  -27.518  7.251 0.0000000000
73282  -46.700  -27.440  7.484 0.0000000000
73283  -47.306  -27.425  7.678 0.0000000000
73284  -49.643  -27.392  7.254 0.0000000000
73285  -50.095  -27.039  7.310 0.0000000000
73293  -48.911  -27.811  6.528 0.0000000000
73294  -49.424  -27.479  6.690 0.0000000000
73295  -50.103  -27.028  6.862 0.0000000000
73306  -47.872  -27.778  5.623 0.0000000000
73307  -48.528  -27.713  6.075 0.0000000000
73308  -49.031  -27.136  6.077 0.0000000000
73322  -45.673  -27.753  4.414 0.0000000000
73323  -46.139  -27.540  4.503 0.0000000000
73324  -47.204  -27.590  5.151 0.0000000000
73338  -43.565  -27.435  3.281 0.0000000000
73339  -44.147  -27.389  3.569 0.0000000000
73340  -45.206  -27.412  4.098 0.0000000000
73341  -45.909  -26.830  4.099 0.0000000000
73358  -41.846  -27.986  2.018 0.0000000000
73359  -42.158  -27.703  2.140 0.0000000000
73360  -42.949  -27.392  2.845 0.0000000000
73361  -50.859  -27.859  2.017 0.0000000000
73362  -51.302  -27.591  2.128 0.0000000000
73363  -52.297  -27.488  2.437 0.0000000000
73374  -41.831  -27.969  1.699 0.0000000000
73375  -42.184  -27.463  1.407 0.0000000000
73376  -48.737  -27.540  1.288 0.0000000000
73377  -49.307  -27.493  1.575 0.0000000000
73378  -50.395  -27.516  1.922 0.0000000000
73379  -51.065  -26.876  2.015 0.0000000000
73384  -41.863  -28.012  1.108 0.0000000000
73385  -42.377  -27.667  0.671 0.0000000000
73386  -42.930  -27.289  0.275 0.0000000000
73387  -43.514  -27.116  0.041 0.0000000000
73388  -45.494  -27.591  0.003 0.0000000000
73389  -46.110  -27.511  0.177 0.0000000000
73390  -47.056  -27.420  0.511 0.0000000000
73391  -48.109  -27.433  0.944 0.0000000000
73396  -42.655  -27.893  0.190 0.0000000000
73397  -43.183  -27.814  -0.066 0.0000000000
73398  -44.027  -27.618  -0.180 0.0000000000
73399  -44.888  -27.696  -0.141 0.0000000000
74395  -34.179  -27.535  7.411 0.0000000000
74396  -34.443  -27.320  7.418 0.0000000000
74397  -35.012  -27.159  7.540 0.0000000000
74398  -48.038  -26.769  7.953 0.0000000000
74399  -48.625  -26.683  8.016 0.0000000000
74400  -49.447  -26.520  8.124 0.0000000000
74401  -50.241  -26.317  8.114 0.0000000000
74402  -50.932  -26.006  8.249 0.0000000000
74406  -34.200  -27.295  7.198 0.0000000000
74407  -34.502  -26.840  7.074 0.0000000000
74408  -35.576  -26.982  7.276 0.0000000000
74409  -36.204  -26.798  6.972 0.0000000000
74410  -37.038  -26.769  6.742 0.0000000000
74411  -37.958  -26.681  6.630 0.0000000000
74412  -38.880  -26.621  6.507 0.0000000000
74413  -39.855  -26.727  6.324 0.0000000000
74414  -40.848  -27.111  6.271 0.0000000000
74415  -41.888  -27.236  6.267 0.0000000000
74416  -42.951  -27.160  6.431 0.0000000000
74417  -43.995  -26.944  6.669 0.0000000000
74418  -45.125  -26.636  6.814 0.0000000000
74419  -46.251  -26.602  7.132 0.0000000000
74420  -47.369  -26.624  7.604 0.0000000000
74421  -50.634  -26.349  7.701 0.0000000000
74422  -51.278  -25.877  7.931 0.0000000000
74428  -34.113  -27.218  6.789 0.0000000000
74429  -34.392  -27.074  6.284 0.0000000000
74430  -40.423  -26.411  5.995 0.0000000000
74431  -41.243  -26.486  5.904 0.0000000000
74432  -42.310  -26.494  5.945 0.0000000000
74433  -43.349  -26.329  6.096 0.0000000000
74434  -44.340  -26.084  6.327 0.0000000000
74435  -45.070  -25.772  6.473 0.0000000000
74436  -49.997  -26.759  6.548 0.0000000000
74437  -50.506  -26.417  6.950 0.0000000000
74446  -34.834  -26.996  5.638 0.0000000000
74447  -35.254  -26.562  5.263 0.0000000000
74448  -42.728  -26.019  5.789 0.0000000000
74449  -43.182  -25.738  5.723 0.0000000000
74450  -47.999  -27.286  5.443 0.0000000000
74451  -48.532  -26.641  5.500 0.0000000000
74452  -49.447  -26.510  6.028 0.0000000000
74466  -46.618  -26.476  4.326 0.0000000000
74467  -47.658  -26.496  5.015 0.0000000000
74468  -48.105  -26.280  5.195 0.0000000000
74479  -43.705  -26.845  3.079 0.0000000000
74480  -44.470  -26.415  3.294 0.0000000000
74481  -45.452  -26.359  3.728 0.0000000000
74482  -46.028  -26.307  3.979 0.0000000000
74495  -42.613  -26.897  1.910 0.0000000000
74496  -43.412  -26.356  2.370 0.0000000000
74497  -43.873  -26.276  2.870 0.0000000000
74498  -51.786  -26.558  2.086 0.0000000000
74512  -42.627  -26.878  1.061 0.0000000000
74513  -43.089  -26.286  1.482 0.0000000000
74514  -48.839  -26.897  1.264 0.0000000000
74515  -49.616  -26.386  1.528 0.0000000000
74516  -50.653  -26.384  1.870 0.0000000000
74517  -51.225  -26.363  1.978 0.0000000000
74526  -42.777  -27.040  0.609 0.0000000000
74527  -43.315  -26.514  0.607 0.0000000000
74528  -44.274  -26.616  0.001 0.0000000000
74529  -45.363  -26.738  -0.042 0.0000000000
74530  -46.492  -26.503  0.214 0.0000000000
74531  -47.487  -26.414  0.576 0.0000000000
74532  -48.381  -26.304  0.948 0.0000000000
74533  -48.944  -26.252  1.222 0.0000000000
74538  -44.479  -27.219  -0.199 0.0000000000
74539  -44.752  -27.040  -0.171 0.0000000000
75581  -50.492  -25.175  9.004 0.0000000000
75582  -51.189  -25.105  9.006 0.0000000000
75583  -51.834  -24.839  8.897 0.0000000000
75584  -52.108  -24.574  8.760 0.0000000000
75587  -34.904  -26.727  7.144 0.0000000000
75588  -35.249  -26.762  7.168 0.0000000000
75589  -48.164  -26.125  7.966 0.0000000000
75590  -48.974  -25.598  8.286 0.0000000000
75591  -49.988  -25.757  8.653 0.0000000000
75592  -50.756  -25.682  8.646 0.0000000000
75593  -51.525  -25.413  8.451 0.0000000000
75594  -52.094  -24.857  8.527 0.0000000000
75598  -34.415  -26.775  6.777 0.0000000000
75599  -34.884  -26.475  6.690 0.0000000000
75600  -35.651  -26.309  6.699 0.0000000000
75601  -36.611  -26.155  6.595 0.0000000000
75602  -37.496  -25.993  6.504 0.0000000000
75603  -38.361  -25.856  6.371 0.0000000000
75604  -39.331  -25.662  6.063 0.0000000000
75605  -39.964  -26.081  6.000 0.0000000000
75606  -45.763  -25.807  6.782 0.0000000000
75607  -46.642  -25.448  7.092 0.0000000000
75608  -47.666  -25.487  7.652 0.0000000000
75609  -48.252  -25.462  8.012 0.0000000000
75610  -51.201  -25.884  7.317 0.0000000000
75611  -51.811  -25.323  7.654 0.0000000000
75612  -52.023  -25.128  8.171 0.0000000000
75621  -34.359  -26.793  6.542 0.0000000000
75622  -34.744  -26.437  6.180 0.0000000000
75623  -35.340  -25.948  6.238 0.0000000000
75624  -39.705  -24.967  5.796 0.0000000000
75625  -40.499  -25.429  5.722 0.0000000000
75626  -41.695  -25.841  5.701 0.0000000000
75627  -42.299  -25.960  5.752 0.0000000000
75628  -43.827  -25.605  5.911 0.0000000000
75629  -44.600  -25.157  6.018 0.0000000000
75630  -45.488  -25.180  6.404 0.0000000000
75631  -46.010  -25.250  6.698 0.0000000000
75632  -50.167  -26.004  6.300 0.0000000000
75633  -51.020  -25.422  6.515 0.0000000000
75634  -51.567  -25.424  7.060 0.0000000000
75640  -35.010  -26.388  5.644 0.0000000000
75641  -35.545  -25.945  5.462 0.0000000000
75642  -36.005  -25.608  5.107 0.0000000000
75643  -40.956  -24.845  5.543 0.0000000000
75644  -41.458  -25.098  5.498 0.0000000000
75645  -42.478  -25.396  5.506 0.0000000000
75646  -43.440  -25.171  5.551 0.0000000000
75647  -43.990  -25.112  5.744 0.0000000000
75648  -48.998  -25.695  5.409 0.0000000000
75649  -49.687  -25.555  5.709 0.0000000000
75650  -50.306  -25.245  5.899 0.0000000000
75659  -35.910  -25.895  4.975 0.0000000000
75660  -36.295  -25.614  4.627 0.0000000000
75661  -46.617  -25.852  4.102 0.0000000000
75662  -47.106  -25.497  4.248 0.0000000000
75663  -48.133  -25.688  4.989 0.0000000000
75675  -44.462  -25.875  3.044 0.0000000000
75676  -44.939  -25.634  3.158 0.0000000000
75677  -46.126  -25.574  3.732 0.0000000000
75678  -46.654  -24.919  3.782 0.0000000000
75691  -43.663  -25.926  2.273 0.0000000000
75692  -44.078  -25.683  2.543 0.0000000000
75693  -44.699  -24.978  2.584 0.0000000000
75694  -51.845  -26.015  1.990 0.0000000000
75695  -52.336  -25.838  2.068 0.0000000000
75710  -43.559  -25.829  1.901 0.0000000000
75711  -43.917  -25.293  1.549 0.0000000000
75712  -49.652  -25.584  1.404 0.0000000000
75713  -50.286  -25.579  1.597 0.0000000000
75714  -51.421  -25.642  1.849 0.0000000000
75715  -52.249  -25.058  1.893 0.0000000000
75728  -43.529  -25.818  1.189 0.0000000000
75729  -44.109  -25.578  0.672 0.0000000000
75730  -44.926  -25.621  0.204 0.0000000000
75731  -45.921  -25.545  0.174 0.0000000000
75732  -46.955  -25.469  0.326 0.0000000000
75733  -47.949  -25.418  0.623 0.0000000000
75734  -49.004  -25.461  1.062 0.0000000000
76732  -50.371  -24.846  9.023 0.0000000000
76733  -50.728  -24.566  9.059 0.0000000000
76734  -51.529  -24.356  9.062 0.0000000000
76735  -52.117  -24.180  8.872 0.0000000000
76740  -49.052  -24.678  8.320 0.0000000000
76741  -49.894  -24.671  8.754 0.0000000000
76742  -50.448  -23.921  8.944 0.0000000000
76743  -52.348  -24.190  8.531 0.0000000000
76749  -35.900  -25.909  6.442 0.0000000000
76750  -36.255  -25.761  6.380 0.0000000000
76751  -37.053  -25.479  6.268 0.0000000000
76752  -37.899  -25.252  6.180 0.0000000000
76753  -38.605  -25.127  6.075 0.0000000000
76754  -46.686  -24.627  6.971 0.0000000000
76755  -47.277  -24.625  7.300 0.0000000000
76756  -48.251  -24.604  7.926 0.0000000000
76757  -52.102  -24.944  7.445 0.0000000000
76758  -52.305  -24.518  7.824 0.0000000000
76766  -35.888  -25.716  6.278 0.0000000000
76767  -36.599  -25.248  5.878 0.0000000000
76768  -37.564  -24.786  5.792 0.0000000000
76769  -38.363  -24.484  5.839 0.0000000000
76770  -39.200  -24.481  5.802 0.0000000000
76771  -40.072  -24.316  5.631 0.0000000000
76772  -44.644  -24.447  5.899 0.0000000000
76773  -45.231  -24.474  6.115 0.0000000000
76774  -46.095  -24.560  6.605 0.0000000000
76775  -51.315  -24.712  6.269 0.0000000000
76776  -51.889  -24.723  6.867 0.0000000000
76777  -52.392  -23.920  7.138 0.0000000000
76783  -35.885  -25.515  5.845 0.0000000000
76784  -36.447  -25.165  5.187 0.0000000000
76785  -40.751  -24.398  5.546 0.0000000000
76786  -41.291  -24.445  5.492 0.0000000000
76787  -42.037  -24.517  5.389 0.0000000000
76788  -42.994  -24.528  5.344 0.0000000000
76789  -43.998  -24.462  5.654 0.0000000000
76790  -49.319  -25.118  5.337 0.0000000000
76791  -49.763  -24.618  5.371 0.0000000000
76792  -50.713  -24.452  5.804 0.0000000000
76799  -36.829  -24.828  4.365 0.0000000000
76800  -47.830  -24.682  4.413 0.0000000000
76801  -48.804  -24.566  4.890 0.0000000000
76802  -49.427  -23.880  4.917 0.0000000000
76812  -45.405  -24.716  2.994 0.0000000000
76813  -46.271  -24.399  3.374 0.0000000000
76814  -47.096  -24.203  3.854 0.0000000000
76826  -44.368  -24.894  1.984 0.0000000000
76827  -44.999  -24.278  2.067 0.0000000000
76828  -52.898  -25.142  2.078 0.0000000000
76841  -44.556  -24.681  1.160 0.0000000000
76842  -45.232  -24.086  1.241 0.0000000000
76843  -49.794  -24.965  1.288 0.0000000000
76844  -50.674  -24.589  1.393 0.0000000000
76845  -51.767  -24.389  1.618 0.0000000000
76846  -52.837  -24.259  1.879 0.0000000000
76847  -53.658  -23.868  2.036 0.0000000000
76858  -44.692  -25.036  0.557 0.0000000000
76859  -45.425  -24.598  0.554 0.0000000000
76860  -46.440  -24.596  0.401 0.0000000000
76861  -47.437  -24.480  0.431 0.0000000000
76862  -48.454  -24.465  0.611 0.0000000000
76863  -49.325  -24.401  0.899 0.0000000000
76864  -49.965  -24.280  1.143 0.0000000000
77890  -51.164  -23.615  9.045 0.0000000000
77891  -51.970  -23.492  9.006 0.0000000000
77892  -52.657  -23.168  8.667 0.0000000000
77893  -52.961  -22.520  8.638 0.0000000000
77898  -49.087  -23.768  8.191 0.0000000000
77899  -49.959  -23.430  8.593 0.0000000000
77900  -50.609  -23.220  8.824 0.0000000000
77901  -52.778  -23.501  8.173 0.0000000000
77902  -53.332  -22.661  8.221 0.0000000000
77903  -53.983  -22.594  8.122 0.0000000000
77909  -46.767  -23.895  6.852 0.0000000000
77910  -47.666  -23.698  7.304 0.0000000000
77911  -48.340  -23.549  7.743 0.0000000000
77912  -52.714  -23.484  7.648 0.0000000000
77913  -53.301  -22.834  7.914 0.0000000000
77914  -53.566  -22.585  7.953 0.0000000000
77920  -37.313  -24.453  5.321 0.0000000000
77921  -38.151  -23.785  5.478 0.0000000000
77922  -38.916  -23.636  5.662 0.0000000000
77923  -39.825  -23.315  5.677 0.0000000000
77924  -40.920  -23.431  5.585 0.0000000000
77925  -42.039  -23.094  5.541 0.0000000000
77926  -43.025  -23.060  5.588 0.0000000000
77927  -43.887  -23.206  5.765 0.0000000000
77928  -44.696  -23.693  5.904 0.0000000000
77929  -45.683  -23.773  6.247 0.0000000000
77930  -46.199  -23.852  6.552 0.0000000000
77931  -51.411  -24.062  6.109 0.0000000000
77932  -51.917  -23.376  6.461 0.0000000000
77933  -52.552  -23.139  7.142 0.0000000000
77934  -52.767  -23.008  7.418 0.0000000000
77938  -37.270  -24.254  4.699 0.0000000000
77939  -37.787  -23.527  4.966 0.0000000000
77940  -41.103  -24.010  5.509 0.0000000000
77941  -41.621  -23.860  5.481 0.0000000000
77942  -42.509  -23.786  5.412 0.0000000000
77943  -43.424  -23.786  5.490 0.0000000000
77944  -44.014  -23.782  5.683 0.0000000000
77945  -50.054  -23.465  5.119 0.0000000000
77946  -50.879  -23.456  5.677 0.0000000000
77947  -51.400  -23.441  5.981 0.0000000000
77952  -37.378  -24.157  4.048 0.0000000000
77953  -37.772  -23.495  4.322 0.0000000000
77954  -48.033  -23.467  4.101 0.0000000000
77955  -48.966  -23.387  4.583 0.0000000000
77956  -49.493  -23.344  4.794 0.0000000000
77967  -45.826  -23.846  2.624 0.0000000000
77968  -46.692  -23.280  3.151 0.0000000000
77969  -47.327  -23.333  3.666 0.0000000000
77984  -45.707  -23.642  1.744 0.0000000000
77985  -46.285  -23.130  2.239 0.0000000000
78000  -45.909  -23.794  0.984 0.0000000000
78001  -46.402  -23.200  1.427 0.0000000000
78002  -51.128  -23.429  1.232 0.0000000000
78003  -52.300  -23.341  1.520 0.0000000000
78004  -53.287  -23.246  1.779 0.0000000000
78005  -54.118  -23.219  2.024 0.0000000000
78015  -46.148  -24.128  0.645 0.0000000000
78016  -46.863  -23.589  0.720 0.0000000000
78017  -48.017  -23.533  0.518 0.0000000000
78018  -48.986  -23.588  0.634 0.0000000000
78019  -49.759  -23.689  0.891 0.0000000000
78020  -50.358  -23.833  1.126 0.0000000000
79010  -51.698  -22.933  8.976 0.0000000000
79011  -52.348  -22.325  8.819 0.0000000000
79012  -52.882  -21.978  8.695 0.0000000000
79013  -53.597  -21.911  8.336 0.0000000000
79014  -54.127  -21.564  8.130 0.0000000000
79018  -49.418  -22.461  8.148 0.0000000000
79019  -50.352  -22.454  8.553 0.0000000000
79020  -51.180  -22.596  8.821 0.0000000000
79021  -51.758  -22.446  8.874 0.0000000000
79022  -53.619  -22.304  8.113 0.0000000000
79023  -53.766  -22.009  8.055 0.0000000000
79029  -47.171  -22.718  6.820 0.0000000000
79030  -48.099  -22.785  7.352 0.0000000000
79031  -48.707  -22.916  7.812 0.0000000000
79032  -53.201  -22.049  7.484 0.0000000000
79033  -53.717  -22.215  7.907 0.0000000000
79037  -38.796  -23.101  5.492 0.0000000000
79038  -39.359  -22.871  5.614 0.0000000000
79039  -39.981  -22.357  5.747 0.0000000000
79040  -40.725  -22.435  5.711 0.0000000000
79041  -41.680  -22.355  5.627 0.0000000000
79042  -42.679  -22.278  5.663 0.0000000000
79043  -43.629  -22.360  5.849 0.0000000000
79044  -44.543  -22.585  6.000 0.0000000000
79045  -45.468  -22.863  6.152 0.0000000000
79046  -46.280  -23.208  6.444 0.0000000000
79047  -51.681  -22.237  6.210 0.0000000000
79048  -52.255  -22.426  6.829 0.0000000000
79049  -52.806  -22.494  7.299 0.0000000000
79052  -38.478  -22.804  5.147 0.0000000000
79053  -39.159  -22.531  5.439 0.0000000000
79054  -39.579  -22.412  5.627 0.0000000000
79055  -50.020  -22.758  4.912 0.0000000000
79056  -50.445  -22.489  5.238 0.0000000000
79057  -51.229  -22.795  5.866 0.0000000000
79062  -38.197  -22.888  4.626 0.0000000000
79063  -48.118  -22.693  3.819 0.0000000000
79064  -48.631  -22.485  4.053 0.0000000000
79065  -49.512  -22.657  4.653 0.0000000000
79066  -49.985  -22.419  4.849 0.0000000000
79070  -38.320  -22.877  4.066 0.0000000000
79071  -38.740  -22.803  3.642 0.0000000000
79072  -47.017  -22.595  2.958 0.0000000000
79073  -47.655  -22.513  3.399 0.0000000000
79074  -48.210  -22.354  3.688 0.0000000000
79085  -46.760  -22.702  2.564 0.0000000000
79086  -47.283  -22.178  2.535 0.0000000000
79103  -46.836  -22.594  1.903 0.0000000000
79104  -47.642  -22.073  1.644 0.0000000000
79105  -48.548  -21.879  1.167 0.0000000000
79106  -49.538  -21.933  0.943 0.0000000000
79107  -50.627  -22.291  1.021 0.0000000000
79108  -51.853  -22.339  1.273 0.0000000000
79109  -52.929  -22.364  1.522 0.0000000000
79110  -53.918  -22.422  1.749 0.0000000000
79121  -47.061  -22.772  1.250 0.0000000000
79122  -47.768  -22.688  0.897 0.0000000000
79123  -48.726  -22.696  0.710 0.0000000000
79124  -49.645  -22.877  0.799 0.0000000000
79125  -50.301  -23.215  0.969 0.0000000000
80087  -52.501  -21.112  8.750 0.0000000000
80088  -52.986  -21.212  8.769 0.0000000000
80089  -53.783  -21.148  8.542 0.0000000000
80090  -54.353  -20.907  8.340 0.0000000000
80091  -54.874  -20.477  8.300 0.0000000000
80096  -48.308  -21.040  7.630 0.0000000000
80097  -49.182  -21.229  7.977 0.0000000000
80098  -50.063  -21.414  8.325 0.0000000000
80099  -50.955  -21.565  8.588 0.0000000000
80100  -51.757  -21.797  8.756 0.0000000000
80101  -54.196  -21.238  8.159 0.0000000000
80102  -54.666  -20.696  8.179 0.0000000000
80108  -42.368  -21.034  5.911 0.0000000000
80109  -43.136  -20.955  6.170 0.0000000000
80110  -44.069  -20.871  6.314 0.0000000000
80111  -45.062  -20.899  6.423 0.0000000000
80112  -46.069  -21.118  6.569 0.0000000000
80113  -47.016  -21.496  6.769 0.0000000000
80114  -47.862  -21.800  7.153 0.0000000000
80115  -48.589  -22.025  7.689 0.0000000000
80116  -53.592  -21.246  7.453 0.0000000000
80117  -54.104  -21.446  7.902 0.0000000000
80118  -54.435  -21.108  7.896 0.0000000000
80122  -40.136  -21.979  5.758 0.0000000000
80123  -40.691  -21.781  5.622 0.0000000000
80124  -41.600  -21.643  5.660 0.0000000000
80125  -42.447  -21.573  5.789 0.0000000000
80126  -43.361  -21.561  5.993 0.0000000000
80127  -44.307  -21.643  6.140 0.0000000000
80128  -45.275  -21.845  6.254 0.0000000000
80129  -46.236  -22.176  6.410 0.0000000000
80130  -51.486  -21.422  6.102 0.0000000000
80131  -51.994  -21.561  6.512 0.0000000000
80132  -52.763  -21.594  7.096 0.0000000000
80137  -38.642  -22.434  5.039 0.0000000000
80138  -38.971  -22.153  5.045 0.0000000000
80139  -39.864  -21.873  5.543 0.0000000000
80140  -40.560  -21.557  5.485 0.0000000000
80141  -50.491  -21.545  5.123 0.0000000000
80142  -50.995  -21.728  5.689 0.0000000000
80147  -38.574  -22.441  4.799 0.0000000000
80148  -38.868  -22.108  4.555 0.0000000000
80149  -48.737  -21.971  3.885 0.0000000000
80150  -49.149  -21.707  4.111 0.0000000000
80151  -49.922  -21.791  4.738 0.0000000000
80155  -38.549  -22.463  4.416 0.0000000000
80156  -38.950  -22.157  4.029 0.0000000000
80157  -39.482  -21.900  3.769 0.0000000000
80158  -47.979  -22.021  3.279 0.0000000000
80159  -48.452  -21.744  3.505 0.0000000000
80160  -48.976  -21.297  3.743 0.0000000000
80165  -39.231  -22.318  3.620 0.0000000000
80166  -39.832  -22.114  3.208 0.0000000000
80167  -40.460  -21.738  2.930 0.0000000000
80168  -47.855  -21.826  2.970 0.0000000000
80169  -48.286  -21.236  2.711 0.0000000000
80186  -47.852  -21.638  2.310 0.0000000000
80187  -48.467  -21.187  1.883 0.0000000000
80188  -49.394  -21.075  1.446 0.0000000000
80189  -50.423  -21.125  1.252 0.0000000000
80190  -51.524  -21.265  1.250 0.0000000000
80191  -52.610  -21.369  1.384 0.0000000000
80192  -53.632  -21.471  1.506 0.0000000000
80193  -54.624  -21.593  1.585 0.0000000000
80194  -55.583  -21.662  1.664 0.0000000000
81167  -52.546  -20.203  8.771 0.0000000000
81168  -53.245  -20.364  8.816 0.0000000000
81169  -53.949  -20.425  8.825 0.0000000000
81170  -54.631  -20.144  8.901 0.0000000000
81171  -55.202  -20.101  8.511 0.0000000000
81178  -46.390  -19.504  7.066 0.0000000000
81179  -46.925  -19.730  7.232 0.0000000000
81180  -47.843  -20.134  7.537 0.0000000000
81181  -48.914  -20.221  7.894 0.0000000000
81182  -49.841  -20.344  8.235 0.0000000000
81183  -50.733  -20.511  8.466 0.0000000000
81184  -51.700  -20.623  8.666 0.0000000000
81185  -55.203  -20.228  8.261 0.0000000000
81192  -42.382  -20.782  5.901 0.0000000000
81193  -42.871  -20.535  6.087 0.0000000000
81194  -43.890  -20.295  6.401 0.0000000000
81195  -44.845  -20.202  6.582 0.0000000000
81196  -45.965  -20.073  6.729 0.0000000000
81197  -46.929  -20.517  6.960 0.0000000000
81198  -47.586  -20.965  7.248 0.0000000000
81199  -53.702  -20.834  7.335 0.0000000000
81200  -54.144  -20.618  7.442 0.0000000000
81201  -54.980  -20.472  7.941 0.0000000000
81202  -55.657  -19.863  7.913 0.0000000000
81207  -40.974  -21.377  5.506 0.0000000000
81208  -41.887  -20.912  5.699 0.0000000000
81209  -42.669  -20.436  5.923 0.0000000000
81210  -51.696  -21.012  6.217 0.0000000000
81211  -52.220  -20.606  6.343 0.0000000000
81212  -53.307  -20.577  6.995 0.0000000000
81213  -53.856  -20.147  7.008 0.0000000000
81217  -39.132  -21.873  4.710 0.0000000000
81218  -39.614  -21.603  4.888 0.0000000000
81219  -40.764  -21.092  5.171 0.0000000000
81220  -41.617  -20.721  5.391 0.0000000000
81221  -50.776  -21.121  5.259 0.0000000000
81222  -51.291  -20.605  5.566 0.0000000000
81223  -51.830  -20.129  5.824 0.0000000000
81226  -39.318  -21.755  4.411 0.0000000000
81227  -40.108  -21.242  4.361 0.0000000000
81228  -40.672  -20.892  4.611 0.0000000000
81229  -49.685  -21.180  4.366 0.0000000000
81230  -50.343  -20.666  4.694 0.0000000000
81231  -50.941  -20.203  4.919 0.0000000000
81235  -39.516  -21.652  4.055 0.0000000000
81236  -39.997  -21.431  3.775 0.0000000000
81237  -48.906  -21.126  3.551 0.0000000000
81238  -49.447  -20.675  3.836 0.0000000000
81239  -49.994  -20.229  4.158 0.0000000000
81244  -40.441  -21.388  3.369 0.0000000000
81245  -40.981  -21.226  2.954 0.0000000000
81246  -41.640  -20.889  2.788 0.0000000000
81248  -48.809  -20.866  3.173 0.0000000000
81249  -49.429  -20.192  2.888 0.0000000000
81250  -49.895  -19.847  2.303 0.0000000000
81260  -48.801  -20.708  2.497 0.0000000000
81261  -49.298  -20.420  2.032 0.0000000000
81262  -50.253  -20.147  1.716 0.0000000000
81263  -51.316  -20.218  1.460 0.0000000000
81264  -52.366  -20.341  1.377 0.0000000000
81265  -53.390  -20.467  1.355 0.0000000000
81266  -54.348  -20.632  1.305 0.0000000000
81267  -55.327  -20.724  1.189 0.0000000000
81268  -56.153  -21.019  1.206 0.0000000000
81269  -57.058  -21.070  1.059 0.0000000000
81270  -58.107  -21.078  0.864 0.0000000000
81280  -55.930  -20.462  0.916 0.0000000000
81281  -56.523  -20.362  0.712 0.0000000000
81282  -57.488  -20.320  0.452 0.0000000000
82200  -51.357  -19.176  8.695 0.0000000000
82201  -52.078  -19.477  8.803 0.0000000000
82202  -53.072  -19.522  8.983 0.0000000000
82203  -53.936  -19.659  9.109 0.0000000000
82204  -54.741  -19.724  9.079 0.0000000000
82205  -55.192  -19.472  9.211 0.0000000000
82213  -45.450  -19.190  6.727 0.0000000000
82214  -45.910  -19.326  6.894 0.0000000000
82215  -46.793  -19.201  7.368 0.0000000000
82216  -47.688  -19.297  7.594 0.0000000000
82217  -48.655  -19.381  7.899 0.0000000000
82218  -49.626  -19.410  8.262 0.0000000000
82219  -50.614  -19.481  8.497 0.0000000000
82220  -51.298  -19.813  8.587 0.0000000000
82228  -42.968  -20.183  6.116 0.0000000000
82229  -43.671  -19.859  6.286 0.0000000000
82230  -44.882  -19.589  6.579 0.0000000000
82231  -45.411  -19.929  6.656 0.0000000000
82232  -54.790  -20.222  7.555 0.0000000000
82233  -55.330  -19.834  7.629 0.0000000000
82240  -42.051  -20.548  5.490 0.0000000000
82241  -42.780  -20.074  5.803 0.0000000000
82242  -43.531  -19.703  6.092 0.0000000000
82243  -52.786  -20.052  6.430 0.0000000000
82244  -53.397  -19.603  6.493 0.0000000000
82245  -54.468  -19.738  7.079 0.0000000000
82246  -55.422  -19.202  7.180 0.0000000000
82247  -56.058  -18.921  7.180 0.0000000000
82250  -41.020  -20.716  4.758 0.0000000000
82251  -41.835  -20.374  5.042 0.0000000000
82252  -42.616  -19.959  5.377 0.0000000000
82253  -51.659  -19.930  5.515 0.0000000000
82254  -52.287  -19.518  5.761 0.0000000000
82255  -52.963  -19.112  6.011 0.0000000000
82259  -40.364  -21.032  3.985 0.0000000000
82260  -41.026  -20.636  4.232 0.0000000000
82261  -41.701  -20.301  4.487 0.0000000000
82262  -50.738  -19.995  4.659 0.0000000000
82263  -51.291  -19.567  4.919 0.0000000000
82264  -51.877  -19.096  5.155 0.0000000000
82269  -40.596  -20.983  3.727 0.0000000000
82270  -41.149  -20.647  3.659 0.0000000000
82271  -49.894  -20.082  3.919 0.0000000000
82272  -50.414  -19.651  4.143 0.0000000000
82273  -50.946  -19.260  4.343 0.0000000000
82277  -40.902  -20.955  3.409 0.0000000000
82278  -41.460  -20.638  3.248 0.0000000000
82279  -42.056  -20.387  2.982 0.0000000000
82280  -42.727  -20.193  2.680 0.0000000000
82283  -49.857  -19.948  3.547 0.0000000000
82284  -50.323  -19.427  3.024 0.0000000000
82285  -50.864  -18.997  2.469 0.0000000000
82294  -50.450  -19.447  2.192 0.0000000000
82295  -51.207  -19.241  1.867 0.0000000000
82296  -52.208  -19.331  1.572 0.0000000000
82297  -53.183  -19.452  1.348 0.0000000000
82298  -54.197  -19.561  1.126 0.0000000000
82299  -54.929  -19.968  1.044 0.0000000000
82306  -54.994  -19.255  0.849 0.0000000000
82307  -55.767  -19.671  0.667 0.0000000000
82308  -56.850  -19.474  0.224 0.0000000000
82309  -57.905  -19.414  -0.077 0.0000000000
83227  -51.061  -18.797  8.668 0.0000000000
83228  -51.777  -18.513  8.816 0.0000000000
83229  -52.786  -18.701  9.048 0.0000000000
83230  -53.751  -18.827  9.236 0.0000000000
83231  -54.700  -18.982  9.243 0.0000000000
83232  -55.555  -19.073  9.062 0.0000000000
83240  -45.213  -19.152  6.626 0.0000000000
83241  -45.796  -18.918  6.863 0.0000000000
83242  -46.591  -18.805  7.264 0.0000000000
83243  -47.512  -18.766  7.515 0.0000000000
83244  -48.459  -18.741  7.792 0.0000000000
83245  -49.398  -18.643  8.193 0.0000000000
83246  -50.451  -18.588  8.527 0.0000000000
83247  -51.141  -18.404  8.686 0.0000000000
83253  -43.915  -19.569  6.192 0.0000000000
83254  -44.636  -19.272  6.379 0.0000000000
83255  -45.287  -18.907  6.623 0.0000000000
83263  -42.982  -19.746  5.562 0.0000000000
83264  -43.729  -19.433  5.864 0.0000000000
83265  -44.466  -19.146  6.168 0.0000000000
83266  -53.994  -19.196  6.550 0.0000000000
83267  -54.591  -18.906  6.607 0.0000000000
83268  -55.566  -18.494  6.589 0.0000000000
83269  -56.706  -18.624  7.107 0.0000000000
83276  -42.085  -20.130  4.645 0.0000000000
83277  -42.819  -19.668  5.006 0.0000000000
83278  -43.557  -19.328  5.406 0.0000000000
83279  -52.750  -18.889  5.701 0.0000000000
83280  -53.514  -18.570  5.919 0.0000000000
83281  -54.572  -18.285  6.132 0.0000000000
83282  -55.112  -18.031  6.096 0.0000000000
83286  -41.414  -20.413  3.873 0.0000000000
83287  -41.936  -20.087  4.174 0.0000000000
83288  -42.744  -19.618  4.198 0.0000000000
83289  -51.666  -18.942  4.855 0.0000000000
83290  -52.341  -18.484  5.053 0.0000000000
83291  -53.098  -18.114  5.257 0.0000000000
83295  -41.683  -20.321  3.620 0.0000000000
83296  -42.291  -19.949  3.669 0.0000000000
83297  -42.959  -19.572  3.684 0.0000000000
83298  -50.834  -19.156  4.103 0.0000000000
83299  -51.312  -18.822  4.261 0.0000000000
83300  -51.912  -18.091  3.856 0.0000000000
83303  -41.988  -20.243  3.332 0.0000000000
83304  -42.534  -19.970  3.236 0.0000000000
83305  -43.270  -19.565  3.138 0.0000000000
83306  -43.908  -19.338  2.823 0.0000000000
83310  -50.770  -19.083  3.725 0.0000000000
83311  -51.178  -18.667  3.195 0.0000000000
83312  -51.914  -18.076  2.854 0.0000000000
83320  -51.434  -18.615  2.418 0.0000000000
83321  -52.166  -18.365  2.029 0.0000000000
83322  -53.061  -18.478  1.597 0.0000000000
83323  -53.897  -18.582  1.254 0.0000000000
83329  -54.665  -18.545  0.926 0.0000000000
83330  -55.426  -18.497  0.561 0.0000000000
83331  -56.301  -18.499  0.192 0.0000000000
83332  -57.272  -18.424  -0.178 0.0000000000
84259  -51.989  -17.930  8.792 0.0000000000
84260  -52.599  -17.967  8.934 0.0000000000
84261  -53.536  -18.010  9.113 0.0000000000
84262  -54.549  -18.151  9.136 0.0000000000
84263  -55.534  -18.350  9.032 0.0000000000
84277  -46.021  -18.678  6.830 0.0000000000
84278  -46.482  -18.528  7.062 0.0000000000
84279  -47.306  -18.395  7.310 0.0000000000
84280  -48.251  -18.293  7.575 0.0000000000
84281  -49.138  -18.135  7.955 0.0000000000
84282  -50.100  -17.767  8.303 0.0000000000
84283  -51.300  -17.822  8.615 0.0000000000
84284  -52.343  -17.468  8.611 0.0000000000
84285  -53.321  -17.324  8.716 0.0000000000
84286  -54.371  -17.337  8.804 0.0000000000
84287  -55.424  -17.521  8.770 0.0000000000
84296  -44.788  -18.995  6.323 0.0000000000
84297  -45.463  -18.768  6.515 0.0000000000
84298  -46.294  -18.432  6.785 0.0000000000
84299  -47.038  -18.144  7.028 0.0000000000
84300  -47.974  -17.929  7.276 0.0000000000
84301  -48.963  -17.766  7.613 0.0000000000
84302  -49.563  -17.683  7.952 0.0000000000
84307  -43.898  -19.152  5.598 0.0000000000
84308  -44.591  -18.840  5.890 0.0000000000
84309  -45.320  -18.633  6.171 0.0000000000
84310  -56.220  -18.206  6.526 0.0000000000
84311  -56.809  -17.995  6.532 0.0000000000
84317  -43.165  -19.389  4.605 0.0000000000
84318  -43.683  -19.063  5.055 0.0000000000
84319  -44.407  -18.650  5.106 0.0000000000
84320  -46.400  -17.843  4.756 0.0000000000
84321  -46.675  -17.741  4.753 0.0000000000
84322  -54.067  -18.008  5.762 0.0000000000
84323  -54.626  -17.792  5.716 0.0000000000
84324  -55.706  -17.624  5.875 0.0000000000
84325  -56.850  -17.462  5.982 0.0000000000
84326  -57.672  -17.267  5.911 0.0000000000
84331  -43.325  -19.216  4.255 0.0000000000
84332  -43.890  -18.771  4.395 0.0000000000
84333  -44.568  -18.529  4.464 0.0000000000
84334  -45.826  -18.137  4.151 0.0000000000
84335  -46.217  -17.917  4.295 0.0000000000
84336  -46.955  -17.654  4.256 0.0000000000
84337  -52.936  -17.939  4.944 0.0000000000
84338  -53.681  -17.598  5.103 0.0000000000
84339  -54.695  -17.370  5.272 0.0000000000
84340  -55.206  -17.159  5.249 0.0000000000
84344  -43.544  -19.105  3.740 0.0000000000
84345  -44.134  -18.708  3.791 0.0000000000
84346  -44.886  -18.476  3.819 0.0000000000
84347  -45.628  -18.223  3.712 0.0000000000
84348  -46.330  -17.853  3.484 0.0000000000
84349  -47.189  -17.576  3.416 0.0000000000
84350  -52.735  -17.725  4.394 0.0000000000
84351  -53.303  -17.162  4.005 0.0000000000
84354  -43.839  -19.098  3.332 0.0000000000
84355  -44.369  -18.854  3.188 0.0000000000
84356  -45.042  -18.587  3.026 0.0000000000
84357  -45.721  -18.273  2.827 0.0000000000
84361  -52.581  -17.569  3.408 0.0000000000
84362  -53.316  -17.093  2.979 0.0000000000
84363  -53.822  -17.069  2.330 0.0000000000
84371  -52.579  -17.695  2.610 0.0000000000
84372  -53.095  -17.649  2.104 0.0000000000
84373  -53.908  -17.624  1.647 0.0000000000
84374  -54.677  -17.201  1.451 0.0000000000
84381  -54.443  -17.881  1.191 0.0000000000
84382  -55.128  -17.486  0.897 0.0000000000
84383  -55.921  -17.471  0.394 0.0000000000
84384  -56.766  -17.390  -0.017 0.0000000000
84385  -57.665  -17.324  -0.436 0.0000000000
85374  -50.347  -17.407  8.060 0.0000000000
85375  -50.865  -17.265  8.114 0.0000000000
85376  -51.921  -16.977  8.223 0.0000000000
85377  -53.011  -16.779  8.245 0.0000000000
85378  -54.204  -16.526  8.229 0.0000000000
85379  -55.272  -16.697  8.375 0.0000000000
85393  -45.624  -18.551  6.274 0.0000000000
85394  -46.015  -18.398  6.381 0.0000000000
85395  -46.701  -18.071  6.570 0.0000000000
85396  -47.587  -17.714  6.768 0.0000000000
85397  -48.704  -17.401  7.018 0.0000000000
85398  -50.068  -17.233  7.549 0.0000000000
85399  -51.484  -16.513  7.490 0.0000000000
85400  -52.665  -16.322  7.639 0.0000000000
85401  -53.731  -16.159  7.703 0.0000000000
85402  -54.305  -16.101  7.771 0.0000000000
85408  -44.863  -18.599  5.523 0.0000000000
85409  -45.448  -18.471  5.841 0.0000000000
85410  -46.235  -18.139  5.934 0.0000000000
85411  -47.065  -17.736  6.042 0.0000000000
85412  -48.165  -17.398  6.141 0.0000000000
85413  -49.517  -16.679  6.252 0.0000000000
85414  -50.816  -16.305  6.822 0.0000000000
85415  -51.467  -16.154  6.972 0.0000000000
85419  -45.021  -18.466  5.136 0.0000000000
85420  -45.702  -18.278  5.221 0.0000000000
85421  -46.422  -17.895  5.182 0.0000000000
85422  -47.395  -17.545  5.183 0.0000000000
85423  -48.516  -17.018  5.302 0.0000000000
85424  -49.271  -16.282  5.285 0.0000000000
85425  -56.284  -17.177  5.591 0.0000000000
85426  -56.848  -16.929  5.457 0.0000000000
85427  -57.690  -16.722  5.319 0.0000000000
85434  -45.221  -18.368  4.552 0.0000000000
85435  -45.830  -18.160  4.543 0.0000000000
85436  -46.197  -17.955  4.703 0.0000000000
85437  -47.850  -17.343  4.352 0.0000000000
85438  -48.703  -16.704  4.382 0.0000000000
85439  -49.235  -15.969  4.659 0.0000000000
85440  -54.285  -17.211  4.896 0.0000000000
85441  -54.759  -16.977  4.839 0.0000000000
85442  -55.708  -16.737  5.060 0.0000000000
85443  -56.762  -16.373  4.758 0.0000000000
85444  -57.720  -16.223  4.639 0.0000000000
85451  -45.404  -18.305  4.133 0.0000000000
85452  -45.627  -18.228  4.105 0.0000000000
85453  -48.050  -17.209  3.481 0.0000000000
85455  -54.083  -17.016  4.439 0.0000000000
85456  -54.691  -16.549  4.205 0.0000000000
85457  -55.633  -16.013  3.950 0.0000000000
85458  -56.844  -15.839  4.029 0.0000000000
85459  -57.725  -15.783  3.963 0.0000000000
85465  -53.925  -16.809  3.715 0.0000000000
85466  -54.387  -16.469  3.105 0.0000000000
85467  -55.318  -16.012  2.727 0.0000000000
85473  -54.535  -16.713  2.079 0.0000000000
85474  -55.419  -16.348  1.615 0.0000000000
85475  -56.131  -16.100  1.220 0.0000000000
85481  -55.765  -16.711  0.863 0.0000000000
85482  -56.474  -16.376  0.542 0.0000000000
85483  -57.254  -16.336  0.006 0.0000000000
86498  -54.592  -16.063  7.813 0.0000000000
86499  -55.143  -15.999  7.915 0.0000000000
86512  -51.772  -16.064  7.016 0.0000000000
86513  -52.339  -15.846  7.065 0.0000000000
86514  -53.497  -15.380  7.080 0.0000000000
86515  -54.663  -15.449  7.496 0.0000000000
86530  -49.827  -16.005  5.683 0.0000000000
86531  -50.574  -15.618  5.913 0.0000000000
86532  -51.724  -15.546  6.501 0.0000000000
86533  -52.846  -15.037  6.610 0.0000000000
86534  -53.424  -14.850  6.724 0.0000000000
86539  -49.944  -15.455  5.131 0.0000000000
86540  -50.523  -15.110  5.412 0.0000000000
86546  -48.971  -16.123  4.040 0.0000000000
86547  -49.430  -15.391  4.235 0.0000000000
86555  -56.172  -15.725  3.306 0.0000000000
86556  -56.952  -15.601  3.273 0.0000000000
86557  -57.746  -15.557  3.239 0.0000000000
86565  -56.161  -15.714  2.519 0.0000000000
86566  -56.968  -15.511  2.464 0.0000000000
86567  -57.769  -15.370  2.399 0.0000000000
86577  -56.292  -15.789  1.839 0.0000000000
86578  -56.899  -15.600  1.485 0.0000000000
86579  -57.795  -15.308  1.437 0.0000000000
86587  -57.192  -15.703  0.719 0.0000000000
87553  -53.734  -14.688  6.810 0.0000000000
87554  -54.397  -14.267  6.982 0.0000000000
87568  -50.799  -14.971  5.541 0.0000000000
87569  -51.320  -14.746  5.784 0.0000000000
87570  -52.411  -14.122  6.087 0.0000000000
87571  -53.531  -14.161  6.577 0.0000000000
87572  -54.105  -13.736  6.727 0.0000000000
87583  -49.948  -14.870  4.667 0.0000000000
87584  -50.670  -14.339  5.015 0.0000000000
87585  -51.661  -13.813  5.573 0.0000000000
87586  -52.166  -13.481  5.761 0.0000000000
87587  -59.646  -14.917  5.739 0.0000000000
87592  -49.738  -14.277  4.202 0.0000000000
87593  -50.270  -13.751  4.500 0.0000000000
88552  -54.513  -13.187  6.826 0.0000000000
88560  -52.548  -12.869  5.847 0.0000000000
88561  -53.293  -13.156  6.315 0.0000000000
88562  -53.917  -13.319  6.598 0.0000000000
88574  -50.615  -13.007  4.554 0.0000000000
88575  -51.411  -13.107  5.092 0.0000000000
88576  -51.983  -13.102  5.518 0.0000000000
88589  -49.517  -13.273  3.772 0.0000000000
88590  -49.986  -13.343  4.263 0.0000000000
88593  -58.175  -13.633  4.952 0.0000000000
89570  -52.577  -11.911  5.878 0.0000000000
89571  -53.198  -12.117  6.248 0.0000000000
89572  -54.082  -12.362  6.638 0.0000000000
89577  -50.467  -12.000  4.606 0.0000000000
89578  -51.107  -12.118  4.993 0.0000000000
89579  -51.900  -12.211  5.501 0.0000000000
89590  -49.275  -12.324  3.576 0.0000000000
89591  -49.864  -12.388  4.174 0.0000000000
89601  -48.944  -12.110  3.126 0.0000000000
90627  -52.964  -11.212  6.109 0.0000000000
90628  -53.792  -11.272  6.512 0.0000000000
90635  -50.725  -11.278  4.876 0.0000000000
90636  -51.464  -11.274  5.304 0.0000000000
90637  -52.228  -11.229  5.697 0.0000000000
90645  -48.886  -11.181  3.553 0.0000000000
90646  -49.310  -11.482  3.895 0.0000000000
90647  -49.986  -11.364  4.436 0.0000000000
90658  -48.648  -11.347  3.146 0.0000000000
90659  -49.033  -11.655  3.432 0.0000000000
91631  -53.448  -10.390  6.259 0.0000000000
91642  -51.096  -10.519  5.039 0.0000000000
91643  -51.864  -10.440  5.446 0.0000000000
91644  -52.649  -10.433  5.852 0.0000000000
91650  -48.992  -10.946  3.791 0.0000000000
91651  -49.408  -10.590  4.114 0.0000000000
91652  -50.338  -10.562  4.624 0.0000000000
91661  -48.110  -10.092  3.035 0.0000000000
91662  -48.593  -10.525  3.421 0.0000000000
91663  -49.025  -10.217  3.791 0.0000000000
91671  -48.048  -10.315  2.635 0.0000000000
91672  -48.335  -10.859  2.982 0.0000000000
92615  -53.093  -9.784  5.970 0.0000000000
92626  -50.796  -9.988  4.740 0.0000000000
92627  -51.529  -9.699  5.006 0.0000000000
92628  -52.413  -9.598  5.523 0.0000000000
92637  -49.383  -9.961  3.937 0.0000000000
92638  -50.180  -9.745  4.248 0.0000000000
92639  -50.995  -9.502  4.530 0.0000000000
92648  -47.919  -9.618  2.723 0.0000000000
92649  -48.244  -9.781  3.162 0.0000000000
92650  -48.869  -9.762  3.533 0.0000000000
92651  -49.606  -9.501  3.710 0.0000000000
92662  -47.580  -9.327  2.100 0.0000000000
93567  -52.076  -9.160  5.074 0.0000000000
93579  -50.810  -9.217  4.211 0.0000000000
93580  -51.653  -8.717  4.473 0.0000000000
93587  -48.011  -9.351  2.884 0.0000000000
93588  -48.373  -9.203  3.059 0.0000000000
93589  -49.189  -9.060  3.251 0.0000000000
93590  -50.413  -8.769  3.552 0.0000000000
93591  -51.295  -8.342  3.799 0.0000000000
93601  -47.148  -8.253  1.706 0.0000000000
93602  -47.737  -8.682  2.482 0.0000000000
93603  -48.524  -8.466  2.741 0.0000000000
93604  -49.460  -8.416  2.833 0.0000000000
93605  -50.059  -8.328  2.897 0.0000000000
93937  -44.715  -8.324  -25.946 0.0000000000
94503  -51.752  -7.961  3.944 0.0000000000
94511  -50.474  -8.076  2.906 0.0000000000
94512  -51.279  -7.758  3.223 0.0000000000
94520  -46.829  -7.299  1.489 0.0000000000
94521  -47.150  -7.485  1.953 0.0000000000
94522  -47.839  -7.576  2.346 0.0000000000
94523  -48.770  -7.643  2.450 0.0000000000
94524  -49.803  -7.706  2.519 0.0000000000
94525  -50.626  -7.462  2.581 0.0000000000
95482  -51.949  -6.952  3.172 0.0000000000
95491  -46.796  -6.559  1.464 0.0000000000
95492  -47.233  -6.497  1.778 0.0000000000
95493  -48.091  -6.723  2.087 0.0000000000
95494  -49.075  -6.842  2.097 0.0000000000
95495  -50.108  -6.848  2.122 0.0000000000
95496  -51.271  -6.650  2.400 0.0000000000
95508  -47.123  -5.896  1.592 0.0000000000
95509  -47.531  -5.926  1.656 0.0000000000
95510  -48.375  -5.985  1.710 0.0000000000
95511  -49.389  -6.053  1.737 0.0000000000
95512  -50.359  -6.099  1.815 0.0000000000
96539  -46.779  -5.974  1.419 0.0000000000
96540  -46.940  -5.879  1.540 0.0000000000
96553  -46.433  -5.493  1.164 0.0000000000
96554  -46.921  -5.313  1.542 0.0000000000
96555  -47.693  -5.096  1.576 0.0000000000
96556  -48.662  -5.129  1.494 0.0000000000
96557  -49.795  -5.276  1.474 0.0000000000
96558  -51.102  -5.478  1.692 0.0000000000
97676  -46.412  -4.265  1.246 0.0000000000
97677  -47.054  -4.159  1.515 0.0000000000
97678  -47.916  -4.127  1.432 0.0000000000
97679  -48.987  -4.192  1.171 0.0000000000
97680  -50.271  -4.575  1.176 0.0000000000
97692  -49.035  -3.698  0.957 0.0000000000
97693  -49.611  -3.854  0.849 0.0000000000
98800  -46.613  -3.176  1.206 0.0000000000
98801  -47.243  -3.127  1.337 0.0000000000
98802  -48.120  -3.106  1.182 0.0000000000
98803  -48.729  -3.546  1.029 0.0000000000
98815  -48.324  -2.582  1.062 0.0000000000
98816  -48.887  -3.102  0.761 0.0000000000
99891  -46.729  -2.147  1.332 0.0000000000
99892  -47.347  -2.102  1.432 0.0000000000
99893  -47.967  -2.022  1.337 0.0000000000
99903  -46.292  -2.198  0.962 0.0000000000
99904  -48.517  -2.073  0.927 0.0000000000
100986  -46.838  -1.158  1.536 0.0000000000
100987  -47.473  -1.131  1.551 0.0000000000
100995  -46.376  -1.201  1.156 0.0000000000
113872  -51.293  12.096  -3.883 0.0000000000
117728  -47.590  17.627  -9.622 0.0000000000
