#!ascii label  , from subject mmSR20151113 vox2ras=TkReg
1116
40409  -14.230  -54.934  59.587 0.0000000000
60086  -37.020  -39.119  54.904 0.0000000000
70469  -40.752  -30.900  50.578 0.0000000000
68242  -49.639  -30.945  45.696 0.0000000000
55439  -31.715  -42.916  55.567 0.0000000000
72835  -44.201  -28.092  48.057 0.0000000000
71789  -52.514  -27.888  40.784 0.0000000000
74105  -54.488  -26.341  37.893 0.0000000000
56546  -40.317  -41.223  53.585 0.0000000000
61315  -42.809  -36.984  51.767 0.0000000000
65838  -39.749  -34.909  53.534 0.0000000000
44143  -17.256  -53.245  61.196 0.0000000000
42993  -21.287  -54.307  59.676 0.0000000000
39269  -25.044  -56.800  57.666 0.0000000000
39297  -29.719  -56.277  55.722 0.0000000000
46510  -31.351  -50.900  53.976 0.0000000000
50974  -32.577  -46.626  53.707 0.0000000000
52105  -37.153  -45.406  55.121 0.0000000000
67055  -44.825  -33.229  49.476 0.0000000000
76449  -54.728  -24.199  37.206 0.0000000000
58911  -38.788  -39.544  55.070 0.0000000000
61263  -40.172  -37.604  54.620 0.0000000000
62426  -38.755  -37.111  54.446 0.0000000000
45329  -17.543  -51.865  58.118 0.0000000000
42991  -19.672  -53.750  60.228 0.0000000000
50934  -28.245  -46.830  55.909 0.0000000000
48736  -31.047  -48.687  53.363 0.0000000000
52085  -29.152  -45.350  57.038 0.0000000000
57722  -34.548  -40.967  55.423 0.0000000000
54247  -34.416  -43.480  57.682 0.0000000000
56506  -36.821  -41.474  55.985 0.0000000000
55442  -38.649  -43.002  54.684 0.0000000000
67022  -42.452  -33.520  52.231 0.0000000000
63617  -44.463  -35.518  50.679 0.0000000000
68195  -43.820  -31.705  50.962 0.0000000000
72847  -46.668  -27.565  47.326 0.0000000000
69379  -46.111  -29.771  47.910 0.0000000000
67080  -48.579  -31.861  45.924 0.0000000000
61443  -50.454  -37.570  43.176 0.0000000000
67178  -49.770  -33.356  38.858 0.0000000000
65956  -50.422  -33.686  41.290 0.0000000000
56542  -29.505  -42.140  53.847 0.0000000000
72892  -46.568  -28.097  45.170 0.0000000000
72945  -53.364  -27.302  39.622 0.0000000000
68391  -50.928  -31.607  36.773 0.0000000000
70737  -54.102  -28.962  34.068 0.0000000000
54332  -39.984  -42.995  50.845 0.0000000000
58963  -41.397  -39.126  53.081 0.0000000000
63591  -41.197  -35.687  53.703 0.0000000000
41683  -16.188  -54.654  61.006 0.0000000000
38019  -21.426  -56.884  58.371 0.0000000000
40415  -23.098  -55.785  58.756 0.0000000000
36754  -23.637  -58.115  56.781 0.0000000000
35601  -26.135  -59.197  55.527 0.0000000000
35614  -27.949  -59.169  54.423 0.0000000000
36783  -30.662  -57.989  53.586 0.0000000000
43032  -31.245  -53.829  54.874 0.0000000000
45499  -31.710  -51.492  51.277 0.0000000000
52064  -31.199  -44.608  57.706 0.0000000000
50950  -35.171  -46.509  55.307 0.0000000000
48738  -37.610  -48.397  52.838 0.0000000000
49904  -39.226  -47.087  52.663 0.0000000000
51010  -39.713  -45.896  51.537 0.0000000000
69363  -44.445  -30.580  49.639 0.0000000000
68267  -51.031  -31.391  43.099 0.0000000000
63705  -50.715  -35.615  43.359 0.0000000000
41697  -14.515  -54.786  60.445 0.0000000000
60071  -38.093  -39.111  55.027 0.0000000000
61245  -38.757  -38.212  54.811 0.0000000000
61260  -37.712  -38.495  54.672 0.0000000000
53188  -28.061  -44.722  54.773 0.0000000000
52084  -28.784  -45.828  56.636 0.0000000000
54279  -28.451  -43.759  55.015 0.0000000000
58906  -35.604  -40.329  55.174 0.0000000000
57694  -35.367  -41.159  56.065 0.0000000000
58891  -36.726  -40.574  55.638 0.0000000000
57697  -37.408  -40.702  55.636 0.0000000000
67033  -42.852  -32.936  51.785 0.0000000000
70458  -42.593  -30.701  51.075 0.0000000000
71674  -48.316  -28.942  46.715 0.0000000000
69394  -48.137  -30.089  46.952 0.0000000000
68241  -49.347  -31.296  45.945 0.0000000000
63703  -49.725  -35.297  43.740 0.0000000000
63689  -50.027  -35.002  43.893 0.0000000000
64874  -49.527  -34.867  38.253 0.0000000000
63777  -50.201  -36.109  38.981 0.0000000000
60352  -50.210  -37.861  38.165 0.0000000000
76432  -53.271  -24.914  38.330 0.0000000000
71807  -53.942  -27.456  38.725 0.0000000000
69550  -52.021  -30.908  38.087 0.0000000000
70695  -53.707  -28.988  37.750 0.0000000000
68404  -50.757  -31.484  35.850 0.0000000000
70708  -53.711  -28.921  36.786 0.0000000000
74119  -55.237  -26.084  36.285 0.0000000000
55464  -40.472  -42.192  52.894 0.0000000000
56568  -40.915  -41.227  52.049 0.0000000000
57738  -40.635  -40.099  53.629 0.0000000000
63581  -40.089  -36.196  54.504 0.0000000000
62446  -40.942  -36.537  54.069 0.0000000000
64721  -40.446  -35.057  53.722 0.0000000000
65841  -40.926  -34.305  53.419 0.0000000000
65851  -40.124  -33.725  52.753 0.0000000000
40381  -17.465  -54.986  60.498 0.0000000000
40374  -17.816  -54.454  60.626 0.0000000000
42992  -20.415  -53.985  60.033 0.0000000000
40417  -24.552  -56.321  57.954 0.0000000000
39259  -24.298  -56.615  57.972 0.0000000000
38013  -23.427  -56.853  58.164 0.0000000000
36740  -24.543  -57.642  57.404 0.0000000000
36767  -24.911  -58.870  55.763 0.0000000000
36747  -25.741  -58.063  56.879 0.0000000000
36771  -28.819  -58.159  55.132 0.0000000000
36781  -29.214  -58.627  54.179 0.0000000000
39309  -30.348  -56.598  54.858 0.0000000000
46491  -30.359  -50.778  54.991 0.0000000000
45370  -30.216  -51.805  55.049 0.0000000000
44243  -31.656  -52.383  54.083 0.0000000000
40538  -32.028  -54.863  53.565 0.0000000000
44257  -32.064  -52.867  53.098 0.0000000000
43086  -32.010  -53.229  51.638 0.0000000000
45474  -31.774  -51.447  52.300 0.0000000000
50973  -31.765  -46.954  53.487 0.0000000000
48758  -31.395  -48.466  52.428 0.0000000000
49922  -32.215  -47.483  51.922 0.0000000000
50991  -33.848  -46.853  53.191 0.0000000000
55421  -29.885  -43.004  56.371 0.0000000000
55404  -31.050  -43.217  57.174 0.0000000000
53175  -35.343  -44.472  56.591 0.0000000000
52097  -34.693  -45.455  56.371 0.0000000000
50951  -36.134  -46.407  55.195 0.0000000000
49860  -36.085  -47.118  54.326 0.0000000000
49862  -37.542  -47.191  53.821 0.0000000000
50967  -38.405  -46.404  53.646 0.0000000000
55443  -39.412  -42.357  54.347 0.0000000000
53204  -39.595  -44.283  53.242 0.0000000000
54302  -40.018  -43.251  53.082 0.0000000000
53216  -39.831  -44.412  51.248 0.0000000000
45298  -16.271  -51.688  60.184 0.0000000000
45267  -16.524  -52.220  61.447 0.0000000000
44137  -15.860  -53.000  61.852 0.0000000000
60139  -42.636  -38.407  51.480 0.0000000000
60153  -43.926  -38.452  50.480 0.0000000000
65873  -44.803  -34.018  50.191 0.0000000000
72822  -43.527  -28.707  48.547 0.0000000000
71639  -43.848  -29.371  49.725 0.0000000000
71651  -44.449  -29.091  49.297 0.0000000000
68238  -46.855  -31.364  46.333 0.0000000000
69391  -45.715  -30.436  47.619 0.0000000000
62650  -51.101  -36.771  40.813 0.0000000000
65957  -50.648  -33.904  41.840 0.0000000000
62618  -51.313  -36.631  42.163 0.0000000000
65940  -50.780  -33.344  43.452 0.0000000000
61462  -51.511  -37.504  42.475 0.0000000000
59113  -51.317  -39.522  42.659 0.0000000000
77619  -53.516  -23.114  37.570 0.0000000000
75264  -54.591  -25.248  37.542 0.0000000000
79842  -53.849  -22.135  37.463 0.0000000000
79851  -54.146  -21.362  37.068 0.0000000000
57724  -39.344  -40.272  54.790 0.0000000000
58931  -40.429  -39.123  54.222 0.0000000000
58912  -39.381  -39.068  54.857 0.0000000000
62412  -39.665  -37.254  54.636 0.0000000000
63579  -39.287  -35.965  54.311 0.0000000000
45283  -17.690  -52.306  60.321 0.0000000000
44150  -18.601  -53.413  60.602 0.0000000000
42998  -21.010  -53.695  59.638 0.0000000000
48697  -29.591  -48.644  55.692 0.0000000000
47595  -31.070  -49.700  53.882 0.0000000000
49847  -30.118  -47.832  55.414 0.0000000000
50945  -30.690  -47.236  54.916 0.0000000000
50936  -31.318  -46.128  56.201 0.0000000000
56531  -33.171  -42.040  56.486 0.0000000000
56503  -32.904  -42.442  57.431 0.0000000000
57680  -33.949  -41.975  57.268 0.0000000000
55393  -35.002  -42.495  57.051 0.0000000000
54263  -36.547  -43.375  56.044 0.0000000000
54281  -37.985  -44.172  54.886 0.0000000000
55425  -37.582  -42.731  55.531 0.0000000000
56521  -38.868  -41.135  55.041 0.0000000000
45328  -16.622  -51.760  58.244 0.0000000000
63602  -42.744  -35.320  52.230 0.0000000000
62479  -43.590  -35.903  51.462 0.0000000000
64740  -43.697  -34.563  51.351 0.0000000000
65866  -43.922  -33.747  51.083 0.0000000000
67047  -44.695  -33.031  50.134 0.0000000000
73986  -45.314  -27.457  47.887 0.0000000000
71653  -45.710  -28.498  48.395 0.0000000000
71662  -46.957  -28.470  47.637 0.0000000000
69393  -47.515  -30.174  47.170 0.0000000000
68314  -51.335  -31.377  40.238 0.0000000000
68292  -51.297  -31.280  41.236 0.0000000000
65964  -50.098  -33.814  40.622 0.0000000000
62649  -50.764  -36.453  40.337 0.0000000000
58961  -35.914  -39.515  53.763 0.0000000000
56545  -34.653  -40.873  54.091 0.0000000000
71636  -41.916  -30.017  50.242 0.0000000000
72857  -44.154  -28.234  46.429 0.0000000000
72859  -45.811  -27.297  46.688 0.0000000000
74021  -46.766  -27.378  46.359 0.0000000000
72861  -48.173  -28.209  46.169 0.0000000000
71800  -52.982  -27.983  40.287 0.0000000000
69528  -51.892  -30.934  39.298 0.0000000000
68355  -50.599  -32.138  38.263 0.0000000000
64900  -49.121  -34.270  36.832 0.0000000000
71836  -54.639  -27.867  36.622 0.0000000000
70754  -52.862  -29.547  34.295 0.0000000000
56579  -40.628  -41.739  50.528 0.0000000000
57751  -41.468  -39.991  52.192 0.0000000000
60115  -41.762  -38.027  52.879 0.0000000000
60101  -40.915  -38.225  53.991 0.0000000000
61281  -41.206  -37.214  53.782 0.0000000000
62465  -41.932  -36.001  53.040 0.0000000000
64732  -42.032  -34.738  52.907 0.0000000000
67020  -41.256  -32.997  52.621 0.0000000000
61312  -37.932  -37.361  53.075 0.0000000000
62464  -38.609  -36.264  53.439 0.0000000000
64738  -39.513  -34.552  52.569 0.0000000000
40392  -15.020  -55.001  60.126 0.0000000000
40411  -16.144  -55.399  59.377 0.0000000000
39295  -21.453  -57.240  56.557 0.0000000000
44195  -20.341  -52.440  57.584 0.0000000000
42999  -21.693  -53.754  59.328 0.0000000000
40414  -22.264  -55.632  59.053 0.0000000000
38031  -22.602  -57.582  57.421 0.0000000000
35649  -26.051  -59.486  53.586 0.0000000000
35631  -27.389  -59.524  53.789 0.0000000000
41733  -29.829  -54.879  55.726 0.0000000000
44201  -30.152  -53.505  55.287 0.0000000000
40480  -30.345  -55.231  55.531 0.0000000000
39319  -30.985  -56.342  54.332 0.0000000000
39329  -31.784  -56.186  53.434 0.0000000000
47607  -31.284  -49.536  52.657 0.0000000000
54280  -28.819  -43.468  55.437 0.0000000000
52074  -30.175  -45.094  57.594 0.0000000000
50937  -32.447  -45.663  56.544 0.0000000000
53151  -32.956  -44.100  58.267 0.0000000000
52095  -33.233  -45.394  56.873 0.0000000000
50962  -34.240  -46.674  54.625 0.0000000000
49878  -35.536  -47.389  53.652 0.0000000000
49903  -36.470  -48.122  52.710 0.0000000000
49906  -40.592  -47.919  51.290 0.0000000000
53197  -38.683  -45.134  54.131 0.0000000000
50994  -39.595  -46.284  52.085 0.0000000000
49946  -40.557  -47.133  50.499 0.0000000000
51045  -40.047  -46.299  49.864 0.0000000000
41669  -15.835  -53.916  61.629 0.0000000000
70473  -43.102  -30.268  50.740 0.0000000000
69351  -44.061  -30.705  50.450 0.0000000000
68210  -44.414  -31.930  49.353 0.0000000000
70499  -45.337  -29.349  48.781 0.0000000000
69377  -44.652  -30.718  48.800 0.0000000000
67062  -44.546  -32.747  48.608 0.0000000000
72893  -47.774  -28.353  44.648 0.0000000000
71708  -49.619  -29.131  45.344 0.0000000000
70615  -51.787  -29.435  42.200 0.0000000000
71773  -51.353  -28.987  42.661 0.0000000000
69422  -50.682  -30.607  44.203 0.0000000000
68259  -50.493  -31.545  44.557 0.0000000000
67106  -50.298  -32.530  44.770 0.0000000000
62600  -50.654  -36.632  43.376 0.0000000000
41711  -13.756  -54.778  59.983 0.0000000000
60070  -37.448  -39.281  55.072 0.0000000000
61243  -37.840  -38.956  55.050 0.0000000000
60087  -37.416  -38.842  55.039 0.0000000000
53196  -27.984  -44.693  53.657 0.0000000000
54288  -28.185  -43.691  53.980 0.0000000000
60085  -36.442  -39.709  55.089 0.0000000000
58907  -36.088  -40.294  55.391 0.0000000000
58908  -36.788  -40.106  55.419 0.0000000000
58909  -37.403  -39.897  55.375 0.0000000000
69324  -41.324  -31.442  51.514 0.0000000000
69326  -42.372  -31.305  51.424 0.0000000000
70457  -41.956  -30.923  51.188 0.0000000000
70544  -49.157  -29.675  46.167 0.0000000000
69403  -48.956  -30.339  46.425 0.0000000000
68252  -49.604  -31.925  45.591 0.0000000000
67095  -49.782  -32.487  45.249 0.0000000000
62683  -49.508  -36.568  37.250 0.0000000000
61522  -49.868  -37.307  37.730 0.0000000000
75244  -54.115  -25.439  38.222 0.0000000000
72956  -54.177  -27.056  38.442 0.0000000000
71813  -53.917  -28.353  38.185 0.0000000000
71823  -53.972  -28.478  37.700 0.0000000000
70707  -53.193  -29.654  37.227 0.0000000000
71824  -54.347  -28.024  37.521 0.0000000000
56556  -40.411  -41.740  53.307 0.0000000000
56557  -40.772  -41.109  52.956 0.0000000000
64710  -39.693  -35.455  54.215 0.0000000000
64711  -40.008  -35.444  54.232 0.0000000000
65824  -39.986  -35.220  54.034 0.0000000000
65825  -40.122  -35.040  53.757 0.0000000000
65839  -39.992  -34.695  53.492 0.0000000000
42978  -17.771  -53.635  60.908 0.0000000000
41701  -20.768  -54.895  59.781 0.0000000000
38023  -24.691  -57.212  57.639 0.0000000000
36741  -25.132  -57.718  57.296 0.0000000000
36746  -24.966  -58.139  57.015 0.0000000000
39296  -29.200  -56.821  55.984 0.0000000000
38044  -28.841  -57.409  55.937 0.0000000000
38045  -29.376  -57.072  55.645 0.0000000000
36772  -29.417  -57.961  54.722 0.0000000000
38055  -29.807  -57.263  54.959 0.0000000000
46499  -30.828  -50.887  54.706 0.0000000000
46492  -30.608  -51.274  54.841 0.0000000000
45435  -31.624  -51.746  53.865 0.0000000000
44244  -31.924  -52.920  53.748 0.0000000000
44256  -31.892  -52.259  53.482 0.0000000000
44267  -31.991  -52.231  52.710 0.0000000000
45455  -31.732  -51.509  53.233 0.0000000000
49898  -31.827  -47.472  52.513 0.0000000000
50989  -32.308  -46.878  52.985 0.0000000000
49899  -32.552  -47.049  52.361 0.0000000000
50990  -33.041  -46.702  53.044 0.0000000000
55422  -30.864  -42.956  56.405 0.0000000000
55423  -31.870  -42.867  56.579 0.0000000000
53183  -36.238  -44.524  55.936 0.0000000000
53182  -35.738  -44.977  56.102 0.0000000000
52104  -36.605  -45.763  55.344 0.0000000000
50965  -36.953  -46.744  54.445 0.0000000000
50952  -37.002  -46.134  54.899 0.0000000000
50966  -37.695  -46.345  54.289 0.0000000000
50953  -37.396  -45.859  54.755 0.0000000000
55444  -39.956  -41.814  53.906 0.0000000000
55454  -39.747  -42.901  53.920 0.0000000000
55455  -40.062  -42.374  53.618 0.0000000000
54311  -40.146  -43.128  52.361 0.0000000000
45282  -17.034  -52.071  60.864 0.0000000000
44148  -16.956  -52.530  61.235 0.0000000000
44142  -16.463  -52.792  61.608 0.0000000000
60126  -42.421  -37.932  51.928 0.0000000000
58993  -43.564  -38.587  50.624 0.0000000000
60127  -43.081  -37.476  51.473 0.0000000000
65880  -45.082  -34.036  49.631 0.0000000000
64756  -45.290  -35.214  49.328 0.0000000000
65887  -45.243  -34.532  49.037 0.0000000000
65886  -44.976  -33.741  48.942 0.0000000000
72823  -44.095  -28.450  48.642 0.0000000000
72809  -43.902  -28.888  49.226 0.0000000000
72824  -44.679  -28.435  48.726 0.0000000000
71788  -52.264  -28.450  41.164 0.0000000000
60322  -51.656  -37.906  41.212 0.0000000000
62635  -51.230  -36.686  41.361 0.0000000000
58929  -39.213  -39.679  54.932 0.0000000000
62410  -38.796  -37.611  54.647 0.0000000000
61246  -39.277  -37.979  54.814 0.0000000000
63569  -39.243  -36.739  54.506 0.0000000000
62445  -38.676  -36.504  54.074 0.0000000000
45314  -17.338  -51.824  59.034 0.0000000000
44183  -20.116  -52.551  58.324 0.0000000000
50944  -27.916  -46.871  55.175 0.0000000000
49838  -28.325  -47.609  55.856 0.0000000000
48682  -28.722  -48.416  55.722 0.0000000000
48664  -28.757  -47.732  56.114 0.0000000000
49846  -29.838  -48.314  55.687 0.0000000000
49839  -29.605  -47.875  55.952 0.0000000000
53171  -28.725  -45.078  56.545 0.0000000000
49833  -29.718  -46.672  56.646 0.0000000000
50935  -30.528  -46.802  55.810 0.0000000000
50946  -31.268  -46.610  55.168 0.0000000000
50929  -30.313  -46.220  56.809 0.0000000000
56532  -33.779  -41.573  55.718 0.0000000000
56519  -33.593  -41.825  56.710 0.0000000000
57708  -34.233  -41.413  56.228 0.0000000000
56505  -36.043  -41.617  56.338 0.0000000000
56492  -35.335  -41.851  56.611 0.0000000000
55408  -35.977  -42.388  56.499 0.0000000000
54264  -37.226  -42.953  55.689 0.0000000000
55409  -37.243  -42.227  55.822 0.0000000000
57711  -38.139  -40.445  55.464 0.0000000000
56520  -38.278  -41.163  55.454 0.0000000000
57712  -38.769  -40.352  55.173 0.0000000000
45299  -17.157  -51.871  59.929 0.0000000000
64733  -42.527  -34.650  52.449 0.0000000000
64739  -43.088  -34.578  51.891 0.0000000000
65859  -42.750  -33.915  52.079 0.0000000000
68182  -43.322  -32.102  51.367 0.0000000000
67034  -43.628  -32.804  51.251 0.0000000000
67040  -44.166  -32.749  50.725 0.0000000000
74001  -46.218  -27.392  47.378 0.0000000000
72838  -46.316  -27.887  47.775 0.0000000000
68240  -48.645  -31.088  46.440 0.0000000000
68228  -48.004  -30.710  46.764 0.0000000000
68239  -47.818  -31.484  46.251 0.0000000000
65913  -48.970  -32.991  45.146 0.0000000000
68335  -51.173  -31.604  39.426 0.0000000000
68313  -50.725  -32.097  40.052 0.0000000000
67155  -50.023  -32.967  39.705 0.0000000000
61507  -51.007  -37.353  39.960 0.0000000000
58960  -35.313  -40.125  54.159 0.0000000000
72858  -45.119  -27.523  46.847 0.0000000000
72891  -45.483  -28.242  45.310 0.0000000000
74014  -47.617  -27.749  46.242 0.0000000000
72875  -47.109  -27.701  45.639 0.0000000000
74071  -53.474  -26.813  39.255 0.0000000000
75220  -53.031  -26.455  39.311 0.0000000000
75200  -52.886  -26.749  39.702 0.0000000000
70668  -53.193  -28.712  39.618 0.0000000000
69529  -52.481  -30.046  39.672 0.0000000000
70682  -52.999  -29.494  39.142 0.0000000000
68374  -51.427  -31.339  37.395 0.0000000000
68373  -50.795  -31.903  37.520 0.0000000000
66013  -49.351  -33.722  37.389 0.0000000000
67215  -49.658  -32.951  37.034 0.0000000000
66033  -48.955  -34.167  36.139 0.0000000000
67229  -49.540  -32.851  36.027 0.0000000000
69599  -51.620  -30.462  35.283 0.0000000000
72982  -54.854  -27.361  37.089 0.0000000000
72983  -55.166  -26.811  36.690 0.0000000000
71872  -54.152  -28.722  34.504 0.0000000000
71850  -54.173  -28.477  35.109 0.0000000000
54331  -39.790  -43.431  50.143 0.0000000000
55495  -40.166  -42.487  50.111 0.0000000000
55485  -40.295  -42.356  51.132 0.0000000000
57744  -41.071  -40.095  53.041 0.0000000000
58978  -41.445  -39.532  52.660 0.0000000000
58979  -41.929  -38.926  52.080 0.0000000000
58964  -41.843  -38.500  52.526 0.0000000000
60089  -40.325  -38.325  54.503 0.0000000000
62447  -41.468  -36.290  53.518 0.0000000000
61299  -41.799  -36.923  52.999 0.0000000000
63592  -41.741  -35.467  53.234 0.0000000000
64723  -41.529  -34.875  53.323 0.0000000000
67008  -40.888  -33.616  53.061 0.0000000000
67009  -41.328  -33.679  52.995 0.0000000000
41699  -15.932  -54.891  60.737 0.0000000000
40393  -15.988  -55.077  60.321 0.0000000000
42985  -19.038  -53.859  60.511 0.0000000000
39267  -20.777  -56.823  58.317 0.0000000000
39282  -21.047  -57.063  57.388 0.0000000000
39283  -21.562  -57.339  57.172 0.0000000000
44196  -21.071  -52.565  57.481 0.0000000000
44184  -21.472  -53.050  58.672 0.0000000000
39257  -22.838  -56.280  58.617 0.0000000000
36738  -23.717  -57.502  57.536 0.0000000000
38021  -23.323  -57.349  57.737 0.0000000000
38032  -23.274  -57.803  57.175 0.0000000000
38041  -22.983  -57.966  56.633 0.0000000000
38052  -23.236  -58.213  55.648 0.0000000000
35599  -25.229  -58.989  55.658 0.0000000000
36778  -24.863  -59.054  54.854 0.0000000000
35611  -25.602  -59.310  55.016 0.0000000000
36779  -25.280  -59.286  54.328 0.0000000000
35629  -25.877  -59.480  54.247 0.0000000000
36770  -28.061  -58.625  55.263 0.0000000000
35603  -27.500  -59.033  55.077 0.0000000000
35615  -28.639  -59.080  54.000 0.0000000000
36782  -30.005  -58.118  54.039 0.0000000000
36795  -29.804  -58.810  53.488 0.0000000000
36796  -30.535  -58.740  53.128 0.0000000000
36814  -31.176  -58.946  52.564 0.0000000000
36797  -31.175  -58.299  53.023 0.0000000000
44218  -30.859  -52.775  54.857 0.0000000000
44217  -30.431  -52.936  55.064 0.0000000000
43031  -30.828  -53.712  55.082 0.0000000000
43017  -30.447  -54.219  55.350 0.0000000000
41758  -31.087  -54.654  54.977 0.0000000000
40500  -30.877  -55.286  54.982 0.0000000000
40501  -31.256  -54.966  54.713 0.0000000000
38073  -31.947  -57.023  52.655 0.0000000000
44277  -31.931  -52.499  51.747 0.0000000000
41854  -31.983  -53.781  51.021 0.0000000000
43117  -31.834  -52.953  50.551 0.0000000000
55460  -28.764  -42.627  53.624 0.0000000000
55448  -29.000  -42.512  54.125 0.0000000000
54243  -30.408  -43.992  57.477 0.0000000000
54242  -29.909  -44.004  57.315 0.0000000000
52063  -30.632  -44.736  57.640 0.0000000000
50930  -31.363  -45.542  57.209 0.0000000000
50931  -32.027  -45.393  57.254 0.0000000000
55379  -33.323  -42.920  58.057 0.0000000000
55378  -32.883  -43.127  57.823 0.0000000000
53152  -33.507  -43.919  58.263 0.0000000000
52096  -33.985  -45.438  56.644 0.0000000000
50939  -34.539  -45.931  55.985 0.0000000000
50938  -33.665  -45.792  56.185 0.0000000000
50963  -34.759  -46.665  55.075 0.0000000000
49877  -34.760  -47.062  54.061 0.0000000000
49859  -35.166  -46.936  54.666 0.0000000000
49880  -37.507  -47.829  53.346 0.0000000000
49879  -36.667  -47.901  53.188 0.0000000000
48737  -37.143  -48.385  52.755 0.0000000000
49883  -39.353  -47.698  52.527 0.0000000000
49905  -39.812  -47.450  52.020 0.0000000000
54282  -38.375  -43.757  54.735 0.0000000000
53190  -38.361  -44.700  54.524 0.0000000000
53191  -38.777  -44.155  54.438 0.0000000000
52125  -39.521  -45.159  52.397 0.0000000000
52118  -39.425  -45.102  53.025 0.0000000000
49927  -40.158  -47.001  51.309 0.0000000000
51029  -40.044  -46.319  50.824 0.0000000000
52150  -39.825  -45.536  50.974 0.0000000000
54320  -39.875  -43.698  51.061 0.0000000000
53225  -39.707  -44.341  50.578 0.0000000000
53236  -39.596  -44.280  49.673 0.0000000000
42976  -16.281  -53.609  61.525 0.0000000000
42971  -15.650  -53.225  61.901 0.0000000000
41682  -15.268  -54.475  61.253 0.0000000000
63610  -43.951  -35.374  51.171 0.0000000000
61332  -44.316  -37.118  50.739 0.0000000000
62493  -44.662  -36.329  50.493 0.0000000000
71649  -42.049  -29.673  49.530 0.0000000000
71622  -42.319  -30.008  50.410 0.0000000000
70488  -44.217  -29.817  49.873 0.0000000000
70474  -43.696  -30.047  50.378 0.0000000000
68203  -44.249  -31.750  50.265 0.0000000000
70511  -45.941  -29.255  48.283 0.0000000000
71660  -45.689  -28.844  48.516 0.0000000000
69390  -44.957  -30.743  48.012 0.0000000000
68217  -44.493  -31.610  48.226 0.0000000000
72877  -48.495  -28.303  45.289 0.0000000000
70555  -49.966  -29.771  45.085 0.0000000000
69479  -51.794  -30.185  41.689 0.0000000000
67130  -50.835  -32.568  41.777 0.0000000000
67120  -50.912  -32.418  42.802 0.0000000000
69453  -51.431  -30.408  42.678 0.0000000000
70591  -51.295  -29.657  43.107 0.0000000000
72909  -50.984  -28.803  42.948 0.0000000000
69435  -51.039  -30.529  43.474 0.0000000000
70569  -50.882  -29.778  43.863 0.0000000000
67113  -50.862  -32.226  43.480 0.0000000000
62601  -51.194  -36.771  42.993 0.0000000000
67107  -50.705  -32.458  44.102 0.0000000000
64801  -50.533  -34.445  43.666 0.0000000000
65928  -50.479  -33.476  44.203 0.0000000000
63690  -50.333  -35.066  43.726 0.0000000000
61444  -51.036  -37.475  43.247 0.0000000000
58910  -38.125  -40.095  55.443 0.0000000000
60072  -38.719  -38.873  54.922 0.0000000000
61244  -38.165  -38.489  54.770 0.0000000000
62425  -38.191  -37.771  54.496 0.0000000000
52103  -28.083  -45.812  55.452 0.0000000000
50926  -28.640  -46.543  56.381 0.0000000000
52094  -28.443  -45.813  56.204 0.0000000000
53180  -28.387  -44.745  55.811 0.0000000000
53181  -28.754  -44.350  56.315 0.0000000000
57723  -35.136  -40.498  54.939 0.0000000000
57709  -35.134  -40.894  55.679 0.0000000000
57710  -35.660  -40.801  55.735 0.0000000000
58890  -36.152  -40.686  55.739 0.0000000000
57696  -36.712  -41.003  55.848 0.0000000000
58892  -37.259  -40.405  55.557 0.0000000000
67021  -41.960  -33.186  52.447 0.0000000000
67032  -42.409  -32.503  51.876 0.0000000000
68181  -42.797  -31.852  51.559 0.0000000000
69340  -43.002  -30.967  51.238 0.0000000000
71673  -47.826  -28.552  47.029 0.0000000000
71663  -47.491  -28.607  47.328 0.0000000000
69395  -48.494  -29.920  46.733 0.0000000000
69402  -48.552  -30.398  46.647 0.0000000000
67081  -48.976  -31.652  46.018 0.0000000000
65926  -49.321  -33.555  44.673 0.0000000000
65914  -49.454  -32.962  45.076 0.0000000000
63688  -49.806  -34.900  43.893 0.0000000000
62599  -50.088  -36.410  43.519 0.0000000000
65995  -49.476  -34.024  38.350 0.0000000000
64857  -49.718  -34.764  39.100 0.0000000000
63776  -49.843  -35.509  38.703 0.0000000000
61514  -50.249  -37.418  38.424 0.0000000000
75243  -53.460  -25.784  38.608 0.0000000000
71806  -53.693  -27.948  39.113 0.0000000000
70683  -53.525  -28.898  38.690 0.0000000000
69568  -52.667  -30.314  37.656 0.0000000000
69567  -52.033  -30.794  37.075 0.0000000000
68392  -51.387  -31.117  36.507 0.0000000000
69584  -52.546  -30.178  36.687 0.0000000000
69583  -51.867  -30.580  36.177 0.0000000000
70719  -53.023  -29.515  36.236 0.0000000000
77612  -54.929  -23.208  36.870 0.0000000000
75265  -54.965  -25.168  36.774 0.0000000000
76460  -55.041  -24.167  36.456 0.0000000000
75284  -55.297  -25.134  36.003 0.0000000000
70756  -54.572  -29.296  33.419 0.0000000000
55475  -40.517  -42.245  52.047 0.0000000000
55465  -40.704  -41.607  52.673 0.0000000000
62427  -40.013  -37.032  54.615 0.0000000000
62428  -40.424  -36.765  54.435 0.0000000000
63582  -40.648  -35.936  54.175 0.0000000000
64722  -40.906  -35.105  53.675 0.0000000000
67007  -40.463  -33.685  52.932 0.0000000000
65858  -40.099  -33.105  52.227 0.0000000000
41670  -16.799  -54.127  61.177 0.0000000000
40380  -16.757  -54.952  60.621 0.0000000000
41684  -16.979  -54.593  60.822 0.0000000000
40373  -17.511  -54.467  60.716 0.0000000000
40382  -18.251  -54.816  60.438 0.0000000000
38010  -21.491  -56.640  58.600 0.0000000000
38014  -24.017  -56.881  57.952 0.0000000000
38022  -24.026  -57.243  57.729 0.0000000000
36745  -24.259  -57.968  57.165 0.0000000000
36766  -23.907  -58.553  55.995 0.0000000000
36755  -24.531  -58.425  56.548 0.0000000000
36756  -25.422  -58.670  56.282 0.0000000000
35591  -25.897  -58.910  55.989 0.0000000000
36780  -28.525  -58.744  54.586 0.0000000000
38063  -30.512  -57.218  54.278 0.0000000000
47549  -28.613  -49.190  55.310 0.0000000000
46484  -28.903  -50.289  55.122 0.0000000000
46486  -29.829  -50.761  55.176 0.0000000000
45392  -30.862  -51.852  54.805 0.0000000000
43046  -31.525  -53.562  54.505 0.0000000000
41777  -31.840  -54.250  54.173 0.0000000000
41814  -32.149  -54.172  52.892 0.0000000000
49876  -31.214  -47.728  53.376 0.0000000000
48778  -31.956  -48.174  51.392 0.0000000000
49924  -33.816  -47.318  51.676 0.0000000000
49925  -34.890  -47.751  51.589 0.0000000000
56543  -29.872  -42.180  54.054 0.0000000000
55449  -29.575  -42.466  54.469 0.0000000000
55437  -29.788  -42.752  55.292 0.0000000000
55403  -30.406  -43.148  56.863 0.0000000000
54229  -31.373  -43.867  57.634 0.0000000000
54261  -34.897  -43.958  57.143 0.0000000000
53174  -34.440  -44.414  57.322 0.0000000000
52090  -34.794  -44.962  56.682 0.0000000000
52098  -35.371  -45.331  56.160 0.0000000000
50940  -35.276  -45.933  55.804 0.0000000000
49849  -35.604  -46.791  54.940 0.0000000000
50964  -36.511  -46.911  54.481 0.0000000000
49861  -36.883  -47.327  53.968 0.0000000000
49881  -38.158  -47.697  53.232 0.0000000000
49863  -38.111  -47.033  53.615 0.0000000000
54292  -39.526  -43.463  54.042 0.0000000000
54283  -39.031  -43.559  54.398 0.0000000000
54293  -39.761  -43.362  53.613 0.0000000000
53210  -39.785  -44.078  52.453 0.0000000000
52136  -39.726  -44.829  51.610 0.0000000000
53217  -39.883  -43.872  51.767 0.0000000000
45281  -16.063  -51.721  61.157 0.0000000000
42972  -16.201  -53.264  61.627 0.0000000000
64747  -44.661  -34.820  50.365 0.0000000000
63618  -44.876  -35.649  50.178 0.0000000000
63626  -45.207  -35.849  49.704 0.0000000000
72808  -43.418  -29.055  49.174 0.0000000000
71638  -43.329  -29.363  49.759 0.0000000000
72810  -44.187  -28.905  49.250 0.0000000000
70498  -44.767  -29.540  49.299 0.0000000000
69392  -46.710  -30.151  47.426 0.0000000000
63737  -50.628  -35.323  41.300 0.0000000000
64837  -50.664  -34.771  41.824 0.0000000000
64827  -50.770  -34.736  42.304 0.0000000000
65949  -50.777  -33.609  42.571 0.0000000000
63721  -51.006  -35.700  42.631 0.0000000000
60284  -51.414  -38.364  42.759 0.0000000000
76448  -54.251  -24.302  37.894 0.0000000000
77611  -54.451  -23.260  37.419 0.0000000000
79843  -54.074  -21.979  37.398 0.0000000000
78772  -54.630  -22.394  37.095 0.0000000000
56534  -39.898  -41.239  54.056 0.0000000000
57725  -40.046  -40.184  54.233 0.0000000000
58930  -39.794  -39.267  54.665 0.0000000000
60088  -39.802  -38.408  54.760 0.0000000000
60073  -39.317  -38.584  54.845 0.0000000000
61262  -39.728  -37.787  54.736 0.0000000000
63571  -39.886  -36.752  54.586 0.0000000000
63580  -39.651  -36.005  54.428 0.0000000000
64709  -39.525  -35.570  54.231 0.0000000000
44149  -17.839  -52.916  60.900 0.0000000000
44158  -18.378  -52.555  60.005 0.0000000000
44160  -19.918  -53.526  60.035 0.0000000000
39286  -29.353  -56.017  56.152 0.0000000000
47550  -29.165  -49.409  55.456 0.0000000000
47566  -29.783  -49.666  55.360 0.0000000000
47581  -31.020  -50.307  54.435 0.0000000000
47594  -30.704  -49.237  54.438 0.0000000000
48735  -30.776  -48.713  54.138 0.0000000000
49856  -30.597  -47.929  54.494 0.0000000000
49832  -29.306  -47.134  56.435 0.0000000000
49857  -30.924  -47.639  54.063 0.0000000000
50959  -31.156  -47.080  54.219 0.0000000000
50960  -31.955  -46.551  54.413 0.0000000000
55440  -32.881  -42.476  55.741 0.0000000000
55424  -32.632  -42.420  56.828 0.0000000000
56518  -32.965  -41.845  56.862 0.0000000000
56489  -33.426  -42.213  57.759 0.0000000000
55392  -34.346  -42.558  57.790 0.0000000000
57681  -34.520  -41.869  56.805 0.0000000000
56491  -34.642  -42.126  57.079 0.0000000000
54248  -35.034  -43.003  57.184 0.0000000000
54262  -35.390  -43.410  56.803 0.0000000000
53176  -35.884  -43.961  56.374 0.0000000000
54274  -36.824  -44.019  55.676 0.0000000000
53184  -37.015  -44.584  55.461 0.0000000000
54275  -37.580  -43.568  55.342 0.0000000000
54276  -38.219  -43.141  54.982 0.0000000000
56507  -37.613  -41.240  55.684 0.0000000000
55410  -37.866  -41.691  55.606 0.0000000000
55426  -38.302  -42.265  55.220 0.0000000000
55427  -38.994  -41.706  54.775 0.0000000000
56533  -39.428  -41.138  54.538 0.0000000000
45313  -16.435  -51.681  59.201 0.0000000000
62478  -42.912  -36.077  51.886 0.0000000000
62491  -43.419  -36.466  51.491 0.0000000000
63609  -43.364  -35.299  51.668 0.0000000000
65860  -43.376  -33.746  51.574 0.0000000000
64746  -44.220  -34.690  50.821 0.0000000000
65867  -44.444  -34.152  50.562 0.0000000000
72836  -44.880  -27.752  48.090 0.0000000000
72837  -45.406  -27.793  48.101 0.0000000000
71661  -46.219  -28.591  48.111 0.0000000000
70512  -46.801  -29.278  47.734 0.0000000000
70513  -47.493  -28.983  47.422 0.0000000000
70528  -47.183  -29.764  47.446 0.0000000000
68227  -47.211  -30.764  46.793 0.0000000000
69507  -52.430  -29.728  40.401 0.0000000000
69480  -52.209  -29.745  41.002 0.0000000000
69506  -51.950  -30.466  40.513 0.0000000000
67138  -50.920  -32.001  40.862 0.0000000000
67137  -50.514  -32.876  40.865 0.0000000000
64858  -49.897  -34.809  39.727 0.0000000000
64844  -50.096  -34.776  40.353 0.0000000000
63747  -50.574  -35.548  40.824 0.0000000000
61492  -51.080  -37.003  40.499 0.0000000000
60337  -51.471  -37.987  40.461 0.0000000000
60111  -36.275  -39.143  54.404 0.0000000000
60100  -36.783  -38.915  54.573 0.0000000000
58962  -36.502  -38.915  53.465 0.0000000000
55452  -32.540  -42.906  54.691 0.0000000000
55441  -33.575  -41.956  55.126 0.0000000000
57735  -34.228  -41.021  55.097 0.0000000000
57736  -34.831  -40.646  54.605 0.0000000000
58946  -35.447  -40.051  54.552 0.0000000000
58947  -35.921  -39.622  54.615 0.0000000000
70485  -40.722  -30.622  49.857 0.0000000000
70487  -41.633  -30.400  50.504 0.0000000000
70497  -41.808  -29.743  49.113 0.0000000000
71658  -42.223  -29.527  48.803 0.0000000000
72834  -43.530  -28.561  47.775 0.0000000000
72845  -44.237  -28.037  47.308 0.0000000000
72846  -44.851  -27.567  47.657 0.0000000000
74010  -45.317  -27.331  47.479 0.0000000000
74011  -45.983  -27.169  46.942 0.0000000000
74020  -46.200  -27.261  46.651 0.0000000000
74012  -46.519  -27.279  46.894 0.0000000000
74013  -47.159  -27.490  46.621 0.0000000000
71687  -48.178  -28.562  46.580 0.0000000000
74057  -52.702  -27.004  40.067 0.0000000000
71799  -52.660  -28.492  40.651 0.0000000000
70667  -52.763  -29.277  39.986 0.0000000000
68334  -50.597  -32.101  39.089 0.0000000000
69551  -52.593  -30.265  38.675 0.0000000000
68356  -51.243  -31.575  38.439 0.0000000000
67179  -50.125  -32.665  38.602 0.0000000000
67195  -49.732  -33.168  37.990 0.0000000000
64887  -49.288  -34.547  37.570 0.0000000000
63795  -49.244  -35.993  36.761 0.0000000000
67230  -50.054  -32.187  35.461 0.0000000000
72970  -54.880  -26.811  37.329 0.0000000000
70709  -54.220  -28.374  36.918 0.0000000000
70720  -53.549  -28.901  35.694 0.0000000000
72996  -55.075  -27.341  36.363 0.0000000000
57762  -41.543  -40.248  51.192 0.0000000000
57752  -41.980  -39.277  51.658 0.0000000000
61314  -42.215  -37.315  52.385 0.0000000000
57726  -40.506  -39.639  53.971 0.0000000000
58948  -40.864  -39.123  53.752 0.0000000000
60114  -41.292  -38.483  53.485 0.0000000000
61280  -40.682  -37.437  54.313 0.0000000000
61300  -42.393  -36.667  52.319 0.0000000000
62466  -42.340  -36.044  52.572 0.0000000000
65853  -42.268  -34.024  52.558 0.0000000000
65842  -41.358  -34.279  53.249 0.0000000000
67010  -41.590  -33.808  52.935 0.0000000000
69339  -40.790  -31.114  51.031 0.0000000000
61297  -37.240  -38.120  53.872 0.0000000000
62444  -38.221  -37.336  54.196 0.0000000000
62463  -38.228  -36.983  53.647 0.0000000000
63590  -39.003  -35.648  53.862 0.0000000000
64731  -39.481  -35.037  53.452 0.0000000000
65857  -39.891  -33.665  52.436 0.0000000000
69350  -40.272  -31.117  50.294 0.0000000000
40410  -15.180  -55.173  59.423 0.0000000000
40428  -15.318  -55.288  58.480 0.0000000000
42979  -18.378  -53.892  60.681 0.0000000000
41685  -18.045  -54.362  60.614 0.0000000000
44172  -21.152  -53.390  59.326 0.0000000000
42994  -21.971  -54.450  59.421 0.0000000000
41702  -21.746  -55.013  59.521 0.0000000000
38020  -22.269  -57.161  58.111 0.0000000000
38040  -22.055  -57.576  56.889 0.0000000000
36777  -24.199  -58.701  55.196 0.0000000000
36757  -26.175  -58.577  56.323 0.0000000000
35592  -26.426  -58.923  55.894 0.0000000000
35612  -26.393  -59.422  54.845 0.0000000000
35630  -26.598  -59.548  54.062 0.0000000000
35633  -29.212  -59.252  53.320 0.0000000000
41732  -29.353  -55.187  55.917 0.0000000000
40459  -29.621  -55.519  55.947 0.0000000000
45368  -29.226  -51.527  54.983 0.0000000000
43016  -30.090  -54.211  55.478 0.0000000000
40460  -29.978  -55.139  55.750 0.0000000000
39298  -30.119  -55.701  55.620 0.0000000000
39318  -30.613  -56.704  54.494 0.0000000000
38064  -31.068  -57.413  53.592 0.0000000000
40520  -31.605  -55.128  54.229 0.0000000000
39328  -31.382  -56.908  53.556 0.0000000000
38072  -31.669  -57.611  52.860 0.0000000000
46523  -31.473  -50.579  52.991 0.0000000000
46542  -31.547  -50.477  51.907 0.0000000000
47618  -31.555  -49.392  51.545 0.0000000000
46568  -31.712  -50.473  50.826 0.0000000000
55459  -28.493  -42.790  53.083 0.0000000000
54271  -28.691  -43.968  55.803 0.0000000000
53172  -29.040  -44.445  56.886 0.0000000000
55420  -29.394  -42.984  55.852 0.0000000000
54272  -29.136  -43.590  56.248 0.0000000000
52073  -29.659  -45.326  57.332 0.0000000000
50921  -30.551  -45.470  57.426 0.0000000000
50947  -32.208  -46.218  55.424 0.0000000000
55405  -32.251  -42.909  57.234 0.0000000000
54230  -32.163  -43.634  57.784 0.0000000000
52077  -32.488  -44.585  57.903 0.0000000000
53173  -33.984  -44.753  57.478 0.0000000000
52088  -33.534  -45.026  57.390 0.0000000000
52087  -32.523  -45.172  57.470 0.0000000000
50948  -33.334  -46.146  55.495 0.0000000000
50961  -32.980  -46.405  54.582 0.0000000000
50976  -34.204  -46.913  53.670 0.0000000000
49901  -34.540  -47.193  52.901 0.0000000000
49926  -35.575  -48.020  51.824 0.0000000000
49902  -35.886  -47.928  52.483 0.0000000000
52111  -38.304  -45.629  54.196 0.0000000000
50977  -38.911  -46.401  53.128 0.0000000000
53203  -39.348  -44.855  53.384 0.0000000000
52117  -39.175  -45.511  53.225 0.0000000000
50993  -39.288  -46.409  52.604 0.0000000000
51061  -40.252  -46.625  48.689 0.0000000000
52149  -39.797  -44.874  51.005 0.0000000000
51044  -39.754  -45.630  49.514 0.0000000000
40391  -14.598  -54.937  60.073 0.0000000000
61331  -43.600  -37.064  51.299 0.0000000000
70471  -41.874  -30.442  50.687 0.0000000000
69341  -43.551  -30.773  50.920 0.0000000000
71624  -43.370  -29.720  50.221 0.0000000000
71652  -45.174  -28.785  48.820 0.0000000000
69364  -44.963  -29.993  49.066 0.0000000000
71731  -46.954  -28.571  44.540 0.0000000000
72876  -47.905  -28.012  45.396 0.0000000000
71707  -49.147  -28.912  45.702 0.0000000000
69412  -49.803  -30.496  45.453 0.0000000000
70640  -52.116  -29.314  41.529 0.0000000000
70639  -51.949  -29.614  41.839 0.0000000000
68278  -51.177  -31.345  42.237 0.0000000000
72917  -51.300  -28.462  42.118 0.0000000000
71756  -50.408  -28.972  44.117 0.0000000000
70568  -50.460  -29.808  44.512 0.0000000000
68260  -50.798  -31.464  43.826 0.0000000000
71732  -50.159  -29.150  44.720 0.0000000000
69421  -50.260  -30.611  44.887 0.0000000000
68253  -49.974  -31.510  45.350 0.0000000000
64800  -50.186  -34.354  44.091 0.0000000000
63704  -50.278  -35.718  43.648 0.0000000000
60262  -50.710  -38.359  43.124 0.0000000000
60263  -51.022  -38.118  43.215 0.0000000000
60283  -50.967  -38.869  43.038 0.0000000000
59112  -50.773  -39.864  42.809 0.0000000000
35590  -25.624  -58.877  56.020 0.0000000000
35600  -25.494  -58.999  55.748 0.0000000000
35610  -25.231  -59.068  55.421 0.0000000000
36739  -23.977  -57.543  57.491 0.0000000000
36744  -23.733  -57.699  57.337 0.0000000000
36753  -23.335  -58.114  56.603 0.0000000000
36765  -23.407  -58.223  56.355 0.0000000000
36768  -25.295  -58.881  55.954 0.0000000000
36794  -25.408  -59.281  53.641 0.0000000000
38011  -21.837  -56.647  58.540 0.0000000000
38029  -21.218  -57.093  58.081 0.0000000000
38030  -21.723  -57.339  57.699 0.0000000000
38042  -23.298  -57.984  56.892 0.0000000000
38054  -29.265  -57.588  55.318 0.0000000000
39310  -30.420  -55.888  55.228 0.0000000000
39320  -31.433  -55.776  54.157 0.0000000000
40479  -29.951  -55.532  55.764 0.0000000000
40519  -31.232  -55.480  54.496 0.0000000000
41672  -18.078  -54.068  60.722 0.0000000000
41698  -15.523  -54.835  60.696 0.0000000000
41734  -30.226  -54.702  55.566 0.0000000000
41742  -30.724  -54.564  55.288 0.0000000000
41743  -31.095  -54.210  55.033 0.0000000000
41759  -31.399  -54.357  54.686 0.0000000000
41832  -32.026  -53.778  51.432 0.0000000000
42984  -18.332  -53.566  60.711 0.0000000000
43015  -29.690  -54.458  55.591 0.0000000000
43030  -30.391  -53.759  55.254 0.0000000000
43045  -31.154  -53.323  54.776 0.0000000000
43075  -32.120  -53.409  52.789 0.0000000000
43106  -31.870  -53.243  51.011 0.0000000000
44200  -29.854  -53.661  55.371 0.0000000000
44216  -29.999  -52.759  55.207 0.0000000000
44231  -31.302  -52.665  54.550 0.0000000000
44278  -32.053  -53.056  51.967 0.0000000000
44297  -31.780  -52.413  50.813 0.0000000000
45371  -30.570  -52.173  54.918 0.0000000000
45391  -30.510  -51.565  54.886 0.0000000000
45413  -31.305  -51.729  54.392 0.0000000000
46485  -29.403  -50.605  55.166 0.0000000000
46498  -30.588  -50.483  54.878 0.0000000000
47551  -29.528  -50.099  55.311 0.0000000000
47565  -29.387  -48.963  55.619 0.0000000000
47580  -30.572  -49.840  54.850 0.0000000000
48663  -28.507  -47.851  55.897 0.0000000000
48665  -28.988  -47.572  56.327 0.0000000000
48681  -28.348  -48.299  55.550 0.0000000000
48683  -29.153  -48.209  55.952 0.0000000000
48698  -30.029  -48.842  55.351 0.0000000000
48714  -30.409  -48.730  54.783 0.0000000000
48741  -39.191  -47.990  52.633 0.0000000000
48760  -36.761  -48.552  52.359 0.0000000000
48761  -37.454  -48.713  52.552 0.0000000000
49830  -28.530  -47.293  56.130 0.0000000000
49831  -28.847  -47.100  56.382 0.0000000000
49840  -29.895  -47.100  56.252 0.0000000000
49848  -35.338  -46.787  55.009 0.0000000000
49858  -34.757  -46.926  54.504 0.0000000000
49875  -30.871  -48.112  53.862 0.0000000000
49882  -38.759  -47.352  52.997 0.0000000000
49900  -33.440  -46.965  52.419 0.0000000000
50919  -29.462  -45.790  57.093 0.0000000000
50920  -29.911  -45.723  57.305 0.0000000000
50922  -31.040  -45.267  57.576 0.0000000000
50927  -29.066  -46.297  56.760 0.0000000000
50928  -29.582  -46.281  56.877 0.0000000000
50941  -35.704  -45.799  55.728 0.0000000000
50949  -34.320  -46.306  55.476 0.0000000000
50958  -30.828  -47.450  54.415 0.0000000000
50975  -33.501  -46.663  53.809 0.0000000000
50992  -34.209  -46.994  53.280 0.0000000000
52065  -31.909  -44.430  57.841 0.0000000000
52066  -32.392  -44.276  58.037 0.0000000000
52075  -30.820  -45.047  57.669 0.0000000000
52076  -31.616  -45.005  57.699 0.0000000000
52078  -33.052  -44.763  57.854 0.0000000000
52086  -31.856  -45.246  57.461 0.0000000000
52089  -34.226  -45.031  56.998 0.0000000000
52099  -36.060  -45.462  55.740 0.0000000000
52100  -36.606  -45.176  55.527 0.0000000000
52106  -37.754  -45.447  54.653 0.0000000000
52112  -38.775  -45.606  53.720 0.0000000000
52124  -39.352  -45.689  52.676 0.0000000000
52135  -39.828  -44.726  51.308 0.0000000000
52166  -39.691  -45.268  50.174 0.0000000000
52167  -39.891  -45.887  50.495 0.0000000000
53148  -30.876  -44.271  57.612 0.0000000000
53149  -31.601  -44.142  57.785 0.0000000000
53150  -32.285  -44.021  58.038 0.0000000000
53160  -29.722  -44.578  57.365 0.0000000000
53161  -30.318  -44.549  57.579 0.0000000000
53162  -33.039  -44.480  58.079 0.0000000000
53163  -33.701  -44.325  57.919 0.0000000000
53164  -34.215  -44.112  57.749 0.0000000000
53189  -37.639  -44.657  54.998 0.0000000000
53198  -39.177  -44.553  53.962 0.0000000000
53199  -39.564  -43.922  53.740 0.0000000000
54228  -30.913  -43.931  57.549 0.0000000000
54231  -33.032  -43.689  58.166 0.0000000000
54232  -33.576  -43.392  58.256 0.0000000000
54233  -34.061  -42.969  58.137 0.0000000000
54244  -31.191  -43.594  57.450 0.0000000000
54245  -31.698  -43.599  57.585 0.0000000000
54246  -33.795  -43.785  58.125 0.0000000000
54258  -29.548  -43.923  57.020 0.0000000000
54259  -30.137  -43.557  57.107 0.0000000000
54260  -30.653  -43.608  57.343 0.0000000000
54273  -29.627  -43.521  56.742 0.0000000000
54321  -40.109  -43.058  51.587 0.0000000000
55377  -32.484  -43.330  57.685 0.0000000000
55380  -33.799  -42.647  58.171 0.0000000000
55389  -31.626  -43.257  57.355 0.0000000000
55390  -32.210  -43.260  57.491 0.0000000000
55391  -32.655  -43.143  57.623 0.0000000000
55394  -35.526  -42.108  56.631 0.0000000000
55406  -32.864  -42.215  56.996 0.0000000000
55407  -35.281  -42.777  56.871 0.0000000000
55435  -28.758  -43.107  54.813 0.0000000000
55436  -29.138  -42.931  55.219 0.0000000000
55447  -28.553  -43.009  54.146 0.0000000000
55476  -40.659  -41.830  52.490 0.0000000000
56475  -33.003  -43.070  57.980 0.0000000000
56476  -33.318  -42.853  58.143 0.0000000000
56477  -33.528  -42.425  58.075 0.0000000000
56487  -32.238  -43.177  57.980 0.0000000000
56488  -32.881  -42.834  57.646 0.0000000000
56490  -34.029  -42.150  57.732 0.0000000000
56502  -32.622  -42.937  57.501 0.0000000000
56504  -33.403  -42.008  57.341 0.0000000000
56541  -29.208  -42.156  53.582 0.0000000000
56544  -34.036  -41.328  54.513 0.0000000000
56547  -40.676  -40.637  53.335 0.0000000000
56552  -29.548  -41.959  53.149 0.0000000000
56567  -40.679  -41.722  51.385 0.0000000000
56580  -41.073  -41.060  50.910 0.0000000000
57679  -33.824  -41.792  57.308 0.0000000000
57682  -35.130  -41.642  56.516 0.0000000000
57692  -33.884  -41.836  56.978 0.0000000000
57693  -34.471  -41.591  56.472 0.0000000000
57695  -35.923  -41.202  56.110 0.0000000000
57737  -40.219  -40.688  53.863 0.0000000000
58889  -35.984  -40.844  55.836 0.0000000000
58927  -35.629  -40.069  54.883 0.0000000000
58928  -36.013  -39.890  54.988 0.0000000000
60068  -36.439  -39.939  55.242 0.0000000000
60069  -36.724  -39.738  55.216 0.0000000000
60099  -36.389  -39.364  54.770 0.0000000000
60102  -41.411  -37.803  53.473 0.0000000000
60112  -36.707  -38.711  53.999 0.0000000000
60140  -43.550  -37.984  50.986 0.0000000000
60264  -51.252  -37.918  43.133 0.0000000000
61259  -37.198  -38.767  54.666 0.0000000000
61261  -38.367  -37.894  54.620 0.0000000000
61278  -37.221  -38.498  54.432 0.0000000000
61445  -51.347  -37.633  43.001 0.0000000000
61493  -51.357  -37.346  40.797 0.0000000000
61508  -51.303  -37.583  40.424 0.0000000000
62411  -39.246  -37.377  54.657 0.0000000000
62476  -38.288  -36.779  53.081 0.0000000000
62492  -44.104  -36.266  51.112 0.0000000000
62675  -49.957  -36.506  38.321 0.0000000000
62676  -50.305  -36.536  38.921 0.0000000000
63570  -39.630  -36.670  54.538 0.0000000000
63601  -42.237  -35.355  52.773 0.0000000000
63738  -50.882  -35.620  41.661 0.0000000000
63748  -50.944  -36.238  41.018 0.0000000000
63762  -49.887  -35.281  39.152 0.0000000000
63763  -50.150  -35.548  39.633 0.0000000000
63785  -49.182  -35.269  37.065 0.0000000000
63786  -49.390  -35.509  37.517 0.0000000000
63794  -49.087  -35.361  36.671 0.0000000000
64712  -40.371  -35.542  54.115 0.0000000000
64719  -39.566  -35.317  53.986 0.0000000000
64720  -39.755  -35.203  54.075 0.0000000000
64751  -45.017  -34.928  49.920 0.0000000000
64799  -49.729  -34.432  44.129 0.0000000000
64814  -50.803  -34.607  43.041 0.0000000000
64836  -50.451  -34.703  41.277 0.0000000000
64886  -49.106  -34.947  37.022 0.0000000000
65840  -40.488  -34.386  53.410 0.0000000000
65850  -39.819  -34.412  53.112 0.0000000000
65852  -41.782  -34.139  52.928 0.0000000000
65872  -44.455  -33.535  50.549 0.0000000000
65879  -45.047  -33.645  49.395 0.0000000000
65927  -49.932  -33.453  44.683 0.0000000000
65972  -49.616  -33.932  39.106 0.0000000000
65973  -49.773  -34.075  39.760 0.0000000000
66034  -49.215  -33.576  36.485 0.0000000000
67048  -44.963  -33.728  49.925 0.0000000000
67056  -44.959  -33.489  49.876 0.0000000000
67094  -49.186  -32.269  45.608 0.0000000000
67129  -50.610  -33.242  41.493 0.0000000000
67154  -49.760  -33.551  39.371 0.0000000000
67196  -50.190  -32.487  37.669 0.0000000000
67216  -50.259  -32.194  36.613 0.0000000000
68194  -43.340  -31.421  51.248 0.0000000000
68229  -48.372  -30.568  46.690 0.0000000000
68405  -51.314  -30.911  35.772 0.0000000000
69323  -40.771  -31.430  51.395 0.0000000000
69325  -41.968  -31.729  51.738 0.0000000000
69404  -49.454  -30.419  45.949 0.0000000000
69600  -52.332  -30.013  35.712 0.0000000000
70455  -41.011  -30.912  50.988 0.0000000000
70456  -41.343  -30.990  51.093 0.0000000000
70470  -41.262  -30.768  50.776 0.0000000000
70472  -42.470  -30.332  50.729 0.0000000000
70486  -41.377  -30.338  50.214 0.0000000000
70514  -47.778  -28.870  47.198 0.0000000000
70529  -47.564  -29.566  47.308 0.0000000000
70530  -48.071  -29.286  47.019 0.0000000000
70531  -48.644  -29.504  46.568 0.0000000000
70545  -49.546  -29.754  45.656 0.0000000000
70616  -52.028  -28.933  41.755 0.0000000000
70653  -52.500  -29.070  40.748 0.0000000000
70654  -52.830  -28.672  40.281 0.0000000000
70694  -53.185  -29.659  38.197 0.0000000000
70696  -53.995  -28.564  37.352 0.0000000000
70755  -53.568  -29.508  33.746 0.0000000000
71621  -42.039  -30.152  50.456 0.0000000000
71635  -41.680  -30.099  50.158 0.0000000000
71648  -41.669  -29.972  49.943 0.0000000000
71672  -47.321  -28.261  47.344 0.0000000000
71688  -48.745  -28.931  46.220 0.0000000000
71689  -49.265  -29.245  45.831 0.0000000000
71733  -50.578  -29.289  44.164 0.0000000000
71774  -51.794  -28.722  41.931 0.0000000000
71814  -54.119  -27.680  38.295 0.0000000000
71835  -54.192  -28.344  36.131 0.0000000000
71851  -54.942  -27.786  35.499 0.0000000000
71873  -54.755  -28.460  34.251 0.0000000000
72825  -45.536  -28.218  48.346 0.0000000000
72826  -45.955  -28.256  48.167 0.0000000000
72839  -46.956  -28.031  47.508 0.0000000000
72848  -47.329  -27.841  47.080 0.0000000000
72849  -47.870  -28.267  46.724 0.0000000000
72860  -47.542  -27.775  46.519 0.0000000000
72862  -48.798  -28.675  45.814 0.0000000000
72878  -49.171  -28.671  45.291 0.0000000000
72896  -49.916  -28.796  44.553 0.0000000000
72928  -52.034  -27.819  41.081 0.0000000000
72937  -52.981  -27.280  40.077 0.0000000000
72946  -53.783  -27.152  39.024 0.0000000000
72969  -54.552  -27.234  37.783 0.0000000000
72997  -55.516  -26.980  35.773 0.0000000000
73985  -44.936  -27.502  48.104 0.0000000000
73987  -45.746  -27.511  47.748 0.0000000000
73999  -45.180  -27.335  47.748 0.0000000000
74000  -45.571  -27.381  47.600 0.0000000000
74002  -46.794  -27.423  47.082 0.0000000000
74022  -47.437  -27.614  46.047 0.0000000000
74023  -47.901  -27.915  45.829 0.0000000000
74047  -51.870  -27.234  40.790 0.0000000000
74070  -53.126  -26.836  39.648 0.0000000000
74088  -53.340  -26.458  39.107 0.0000000000
74106  -54.950  -26.120  37.110 0.0000000000
75199  -52.658  -26.660  39.683 0.0000000000
77610  -53.955  -23.180  37.824 0.0000000000
78770  -53.989  -22.413  37.604 0.0000000000
78771  -54.240  -22.486  37.454 0.0000000000
79844  -54.348  -21.916  37.204 0.0000000000
79850  -53.599  -21.771  37.042 0.0000000000
