#!ascii label  , from subject mmSR20151113 vox2ras=TkReg
1857
67190  -38.164  -33.552  37.727 0.0000000000
81000  -50.840  -20.344  30.663 0.0000000000
71868  -46.951  -29.031  34.043 0.0000000000
44252  -8.693  -52.367  53.529 0.0000000000
63742  -37.228  -35.406  40.612 0.0000000000
40517  -26.610  -55.492  54.351 0.0000000000
54298  -28.045  -43.652  52.912 0.0000000000
55493  -35.502  -42.136  49.706 0.0000000000
61371  -39.070  -37.597  48.646 0.0000000000
47670  -17.300  -49.778  48.239 0.0000000000
45411  -22.051  -52.574  54.961 0.0000000000
45531  -23.305  -51.901  48.651 0.0000000000
54353  -26.454  -43.542  47.880 0.0000000000
56625  -30.144  -42.073  48.000 0.0000000000
71783  -38.709  -30.445  42.194 0.0000000000
70633  -43.728  -30.754  42.564 0.0000000000
76501  -48.743  -24.698  31.902 0.0000000000
67226  -43.866  -33.047  35.639 0.0000000000
82072  -44.764  -18.948  27.363 0.0000000000
41765  -5.269  -54.224  54.581 0.0000000000
65907  -38.124  -32.981  45.237 0.0000000000
70673  -32.803  -30.520  38.137 0.0000000000
46632  -27.548  -50.347  47.539 0.0000000000
47606  -27.424  -49.725  52.811 0.0000000000
71786  -48.886  -28.953  41.418 0.0000000000
86365  -53.761  -15.376  23.637 0.0000000000
55548  -34.326  -43.170  46.335 0.0000000000
57823  -36.252  -40.589  46.249 0.0000000000
46610  -20.061  -50.890  48.378 0.0000000000
59059  -27.854  -39.750  44.601 0.0000000000
55570  -30.849  -42.677  45.576 0.0000000000
54357  -32.639  -43.648  48.848 0.0000000000
69523  -38.403  -31.386  39.706 0.0000000000
70606  -41.341  -30.491  42.890 0.0000000000
68328  -41.394  -32.405  40.083 0.0000000000
78824  -50.310  -22.626  31.519 0.0000000000
76465  -51.988  -24.538  35.966 0.0000000000
83035  -50.627  -18.064  30.933 0.0000000000
45461  -6.722  -51.936  50.876 0.0000000000
44249  -6.410  -53.042  54.123 0.0000000000
62583  -39.337  -36.619  44.255 0.0000000000
63639  -40.071  -35.390  48.052 0.0000000000
64805  -38.117  -34.312  43.198 0.0000000000
68290  -34.738  -31.511  41.219 0.0000000000
65970  -34.503  -33.090  39.572 0.0000000000
43043  -24.248  -54.637  55.440 0.0000000000
41728  -23.802  -54.549  57.767 0.0000000000
40434  -26.160  -56.340  57.150 0.0000000000
40457  -28.272  -55.716  56.180 0.0000000000
47715  -25.958  -49.546  44.934 0.0000000000
50025  -27.001  -47.115  44.969 0.0000000000
54315  -27.795  -43.763  50.766 0.0000000000
51009  -28.429  -46.575  50.689 0.0000000000
52123  -28.040  -45.640  52.079 0.0000000000
47564  -28.048  -49.245  54.886 0.0000000000
46559  -13.220  -50.563  50.388 0.0000000000
45425  -14.832  -51.329  53.814 0.0000000000
45342  -14.941  -51.863  57.438 0.0000000000
69593  -45.264  -31.316  34.700 0.0000000000
68354  -46.814  -31.643  37.950 0.0000000000
70692  -48.550  -29.879  37.843 0.0000000000
85243  -56.133  -15.969  23.167 0.0000000000
44180  -8.560  -52.860  58.155 0.0000000000
57750  -35.642  -40.325  52.684 0.0000000000
58977  -37.396  -38.619  52.289 0.0000000000
57784  -37.249  -40.071  49.377 0.0000000000
60212  -37.501  -38.659  46.541 0.0000000000
46539  -17.430  -50.761  51.468 0.0000000000
45408  -19.910  -51.994  54.512 0.0000000000
45470  -20.142  -51.582  51.750 0.0000000000
44274  -22.716  -52.515  51.656 0.0000000000
41810  -24.620  -54.491  52.114 0.0000000000
56646  -24.862  -41.934  44.880 0.0000000000
59072  -25.086  -39.237  44.828 0.0000000000
57794  -26.700  -40.908  48.086 0.0000000000
57781  -28.450  -41.369  49.361 0.0000000000
55482  -31.358  -42.753  51.397 0.0000000000
54301  -33.477  -42.850  53.252 0.0000000000
48836  -15.240  -48.738  48.162 0.0000000000
70541  -40.051  -30.816  46.267 0.0000000000
71637  -42.668  -29.508  49.850 0.0000000000
71705  -41.847  -29.694  45.449 0.0000000000
72872  -43.898  -28.592  45.677 0.0000000000
74166  -47.898  -26.848  33.070 0.0000000000
71834  -50.115  -28.004  36.480 0.0000000000
74132  -51.371  -26.081  36.038 0.0000000000
38027  0.302  -57.984  57.001 0.0000000000
66028  -40.574  -34.353  36.606 0.0000000000
69646  -41.153  -30.714  32.345 0.0000000000
74217  -44.176  -26.951  29.872 0.0000000000
76527  -44.937  -24.648  29.307 0.0000000000
77679  -45.601  -22.887  30.006 0.0000000000
80995  -45.584  -20.507  30.950 0.0000000000
84067  -45.171  -18.402  29.973 0.0000000000
83082  -43.400  -18.891  27.646 0.0000000000
42996  -6.597  -54.111  59.164 0.0000000000
40421  -3.991  -55.437  58.426 0.0000000000
39275  -1.162  -56.766  57.339 0.0000000000
67018  -40.358  -32.829  52.242 0.0000000000
62490  -38.871  -36.258  51.513 0.0000000000
65871  -39.396  -33.547  50.465 0.0000000000
68216  -39.376  -31.755  48.308 0.0000000000
70584  -37.110  -30.795  43.003 0.0000000000
70662  -36.234  -29.983  39.601 0.0000000000
69580  -34.990  -31.367  37.227 0.0000000000
44185  -22.254  -53.371  58.385 0.0000000000
45533  -25.441  -52.168  48.142 0.0000000000
44296  -27.006  -53.064  50.488 0.0000000000
51073  -28.238  -46.856  47.967 0.0000000000
47632  -27.576  -50.215  50.340 0.0000000000
43066  -27.867  -53.510  53.503 0.0000000000
44214  -28.945  -52.585  54.893 0.0000000000
45490  -8.846  -51.564  50.528 0.0000000000
46532  -10.919  -51.485  50.916 0.0000000000
45421  -10.747  -51.811  53.266 0.0000000000
68331  -44.453  -32.261  39.400 0.0000000000
70636  -46.799  -30.416  42.081 0.0000000000
72879  -49.756  -28.898  44.990 0.0000000000
72926  -50.853  -27.616  41.326 0.0000000000
85192  -46.649  -17.181  28.812 0.0000000000
86327  -49.413  -16.312  28.070 0.0000000000
87404  -51.806  -15.134  27.142 0.0000000000
85223  -52.516  -16.282  25.085 0.0000000000
88422  -54.024  -14.044  26.041 0.0000000000
55573  -33.384  -42.961  44.375 0.0000000000
55563  -35.160  -42.208  45.148 0.0000000000
55574  -34.138  -42.611  43.924 0.0000000000
56672  -30.483  -42.167  43.831 0.0000000000
55584  -31.527  -42.798  44.087 0.0000000000
54410  -33.048  -43.549  46.177 0.0000000000
67169  -37.648  -32.670  38.169 0.0000000000
68326  -39.576  -32.317  39.724 0.0000000000
67171  -39.398  -32.933  38.992 0.0000000000
79896  -50.892  -21.420  31.191 0.0000000000
79876  -50.910  -22.187  32.864 0.0000000000
79887  -51.427  -21.106  32.278 0.0000000000
80987  -51.966  -19.979  32.268 0.0000000000
82025  -50.540  -19.248  30.620 0.0000000000
45440  -7.742  -51.979  51.947 0.0000000000
44262  -7.000  -52.376  52.471 0.0000000000
44238  -7.894  -52.788  54.455 0.0000000000
63731  -38.426  -36.155  41.996 0.0000000000
63700  -39.494  -35.605  44.079 0.0000000000
64832  -37.622  -34.655  41.786 0.0000000000
65962  -35.610  -33.351  40.878 0.0000000000
64842  -35.983  -34.161  40.114 0.0000000000
45361  -17.164  -51.925  56.332 0.0000000000
40496  -25.244  -55.328  55.017 0.0000000000
41730  -25.080  -55.357  56.594 0.0000000000
40476  -26.754  -55.750  56.042 0.0000000000
40456  -27.468  -55.903  56.484 0.0000000000
40498  -27.097  -55.576  55.129 0.0000000000
55481  -27.924  -42.831  51.087 0.0000000000
53209  -27.925  -44.656  51.541 0.0000000000
53202  -27.919  -44.641  52.564 0.0000000000
52110  -27.938  -45.958  54.360 0.0000000000
45447  -16.314  -51.045  52.979 0.0000000000
45404  -16.149  -51.554  54.560 0.0000000000
45360  -16.225  -51.838  56.399 0.0000000000
69305  -41.720  -32.121  51.960 0.0000000000
70732  -46.404  -29.786  34.214 0.0000000000
69581  -47.776  -30.895  36.105 0.0000000000
70717  -48.617  -29.967  35.550 0.0000000000
56578  -35.708  -41.238  51.099 0.0000000000
57761  -36.555  -40.315  51.211 0.0000000000
56590  -36.408  -40.944  49.801 0.0000000000
59049  -36.647  -39.699  46.387 0.0000000000
60241  -36.729  -39.062  44.002 0.0000000000
60242  -37.336  -38.398  44.260 0.0000000000
46587  -17.204  -50.169  49.625 0.0000000000
45493  -18.783  -51.126  50.990 0.0000000000
46589  -18.697  -50.729  49.498 0.0000000000
46611  -21.130  -51.079  48.289 0.0000000000
45516  -21.752  -51.597  49.928 0.0000000000
45497  -22.945  -52.321  50.593 0.0000000000
43072  -23.619  -53.707  52.170 0.0000000000
43102  -24.079  -53.325  50.709 0.0000000000
59087  -24.242  -38.964  43.775 0.0000000000
57821  -28.955  -40.998  46.648 0.0000000000
57819  -27.605  -40.070  46.332 0.0000000000
57808  -28.191  -40.740  47.494 0.0000000000
57795  -27.520  -40.847  48.305 0.0000000000
57797  -28.986  -41.339  48.613 0.0000000000
56586  -30.101  -41.888  50.434 0.0000000000
55514  -30.576  -42.227  48.949 0.0000000000
55504  -34.657  -43.177  49.355 0.0000000000
54329  -33.389  -43.591  50.536 0.0000000000
55484  -34.545  -42.563  51.508 0.0000000000
56566  -34.596  -41.678  52.652 0.0000000000
47669  -16.383  -49.274  48.343 0.0000000000
71745  -38.649  -30.555  43.491 0.0000000000
71704  -40.737  -30.393  45.550 0.0000000000
71747  -40.779  -30.333  43.869 0.0000000000
70632  -42.837  -30.708  42.457 0.0000000000
71749  -42.491  -29.677  44.315 0.0000000000
71768  -43.692  -30.029  43.726 0.0000000000
72891  -45.483  -28.242  45.310 0.0000000000
71752  -45.624  -29.379  44.214 0.0000000000
75351  -48.275  -25.626  32.439 0.0000000000
74144  -49.989  -26.761  34.010 0.0000000000
75331  -50.215  -25.430  33.690 0.0000000000
76434  -53.877  -24.882  38.292 0.0000000000
74231  -44.715  -26.329  29.628 0.0000000000
76525  -42.884  -24.624  29.180 0.0000000000
78832  -43.013  -22.267  30.086 0.0000000000
79906  -43.345  -21.368  30.317 0.0000000000
79908  -45.527  -21.572  30.717 0.0000000000
82032  -43.132  -19.923  30.024 0.0000000000
83061  -44.000  -18.992  29.885 0.0000000000
43070  -4.917  -53.897  52.662 0.0000000000
40504  -3.946  -55.461  54.828 0.0000000000
44146  -8.676  -52.560  61.590 0.0000000000
42997  -7.339  -53.725  58.916 0.0000000000
44144  -7.036  -53.455  61.068 0.0000000000
41691  -4.534  -54.713  60.630 0.0000000000
41703  -3.416  -55.553  60.100 0.0000000000
40439  -2.807  -55.949  58.069 0.0000000000
40400  -2.195  -56.424  59.353 0.0000000000
39261  -0.714  -57.071  58.216 0.0000000000
60152  -38.498  -38.272  50.664 0.0000000000
61330  -38.460  -37.208  51.878 0.0000000000
61359  -39.049  -37.174  49.657 0.0000000000
64770  -40.011  -34.123  47.153 0.0000000000
64755  -39.795  -34.382  49.367 0.0000000000
65893  -39.505  -33.165  47.484 0.0000000000
67053  -39.312  -32.281  48.952 0.0000000000
67067  -38.805  -32.224  46.185 0.0000000000
69410  -38.458  -31.684  45.336 0.0000000000
68258  -37.353  -31.869  44.491 0.0000000000
69521  -33.526  -30.654  39.333 0.0000000000
70645  -34.630  -30.322  40.301 0.0000000000
70675  -34.410  -29.908  38.573 0.0000000000
69543  -35.950  -30.669  38.241 0.0000000000
69560  -33.978  -30.843  37.163 0.0000000000
45409  -20.729  -52.066  54.615 0.0000000000
45365  -20.544  -52.314  56.087 0.0000000000
44211  -21.717  -52.596  56.501 0.0000000000
46650  -26.940  -50.437  46.524 0.0000000000
45552  -25.828  -51.723  47.372 0.0000000000
45534  -26.445  -52.027  48.266 0.0000000000
44295  -26.471  -53.467  50.379 0.0000000000
45498  -27.215  -52.034  49.948 0.0000000000
55543  -25.631  -42.977  46.076 0.0000000000
52206  -26.730  -44.864  46.534 0.0000000000
52192  -27.435  -45.324  47.591 0.0000000000
49920  -28.022  -47.683  51.720 0.0000000000
48796  -28.154  -48.305  50.188 0.0000000000
47617  -27.448  -49.871  51.662 0.0000000000
45454  -27.320  -51.856  52.004 0.0000000000
45434  -27.485  -51.592  53.045 0.0000000000
43044  -28.528  -52.940  54.670 0.0000000000
46497  -27.862  -50.288  54.106 0.0000000000
55438  -30.678  -42.822  55.404 0.0000000000
46558  -12.244  -50.878  50.420 0.0000000000
45444  -11.439  -51.575  52.350 0.0000000000
45466  -10.940  -51.610  51.625 0.0000000000
45297  -15.266  -51.514  60.381 0.0000000000
66030  -42.557  -33.950  36.544 0.0000000000
65993  -43.037  -33.610  38.254 0.0000000000
67192  -44.344  -33.197  37.809 0.0000000000
70679  -47.750  -30.200  39.427 0.0000000000
69504  -46.550  -31.032  40.769 0.0000000000
70651  -47.754  -30.106  41.182 0.0000000000
70590  -47.773  -29.256  43.332 0.0000000000
72906  -48.846  -28.653  43.504 0.0000000000
74086  -50.914  -26.890  38.783 0.0000000000
72955  -50.173  -27.497  39.165 0.0000000000
72928  -52.034  -27.819  41.081 0.0000000000
83071  -44.783  -18.112  28.777 0.0000000000
84077  -45.956  -17.523  29.438 0.0000000000
84100  -46.253  -17.658  28.161 0.0000000000
84102  -48.281  -17.697  27.619 0.0000000000
84103  -49.173  -17.410  27.242 0.0000000000
86328  -50.670  -15.729  27.563 0.0000000000
85213  -50.807  -16.292  26.623 0.0000000000
85240  -52.567  -16.235  23.385 0.0000000000
84137  -52.126  -16.846  24.306 0.0000000000
85232  -52.899  -16.052  24.179 0.0000000000
86346  -52.695  -15.281  25.552 0.0000000000
87420  -54.100  -14.295  24.686 0.0000000000
86358  -55.831  -14.694  24.385 0.0000000000
84144  -57.014  -17.288  23.775 0.0000000000
55517  -34.957  -42.976  48.249 0.0000000000
56614  -36.208  -41.242  48.151 0.0000000000
56626  -35.632  -41.966  46.691 0.0000000000
56650  -35.491  -41.690  44.661 0.0000000000
46624  -18.594  -50.415  47.735 0.0000000000
57841  -28.382  -40.164  44.109 0.0000000000
56659  -29.619  -41.491  44.716 0.0000000000
55558  -30.789  -42.672  46.528 0.0000000000
54373  -31.599  -43.132  48.451 0.0000000000
54393  -32.294  -43.542  47.219 0.0000000000
54376  -33.698  -43.651  47.729 0.0000000000
70649  -38.232  -30.480  41.101 0.0000000000
71784  -39.658  -30.571  42.528 0.0000000000
69497  -39.549  -31.116  40.870 0.0000000000
69499  -41.199  -31.434  41.108 0.0000000000
69500  -42.155  -31.449  41.161 0.0000000000
77670  -49.673  -23.413  31.358 0.0000000000
76487  -50.391  -24.295  33.487 0.0000000000
77649  -50.683  -23.273  33.304 0.0000000000
78783  -52.183  -22.879  35.478 0.0000000000
84055  -50.685  -17.134  31.087 0.0000000000
44272  -5.995  -52.842  52.005 0.0000000000
43052  -5.691  -53.802  54.237 0.0000000000
61400  -38.839  -37.647  46.718 0.0000000000
61372  -39.400  -36.790  48.664 0.0000000000
62573  -39.890  -36.252  46.044 0.0000000000
64787  -39.751  -34.707  45.409 0.0000000000
65920  -38.381  -33.723  44.546 0.0000000000
67111  -36.811  -32.574  43.627 0.0000000000
67128  -35.727  -32.841  41.890 0.0000000000
67136  -34.810  -32.803  40.456 0.0000000000
68322  -32.875  -31.274  38.666 0.0000000000
44229  -23.133  -53.502  54.792 0.0000000000
44198  -23.120  -53.439  56.634 0.0000000000
43013  -24.092  -54.463  56.570 0.0000000000
40453  -24.711  -55.589  57.646 0.0000000000
39272  -27.827  -56.698  56.645 0.0000000000
48886  -26.824  -48.340  44.844 0.0000000000
47717  -27.373  -48.692  46.054 0.0000000000
54338  -26.992  -43.536  48.820 0.0000000000
52164  -27.999  -45.258  49.459 0.0000000000
53224  -27.827  -44.495  50.041 0.0000000000
51008  -28.254  -46.568  51.539 0.0000000000
49897  -27.853  -47.812  52.926 0.0000000000
48734  -27.694  -48.930  54.082 0.0000000000
49874  -27.754  -48.007  54.033 0.0000000000
47646  -14.182  -49.754  49.393 0.0000000000
46560  -14.119  -50.361  50.665 0.0000000000
45424  -13.948  -51.336  53.689 0.0000000000
45379  -13.687  -51.747  55.522 0.0000000000
45380  -14.677  -51.715  55.527 0.0000000000
68400  -44.501  -32.180  34.960 0.0000000000
67194  -45.875  -32.511  37.298 0.0000000000
68389  -46.436  -32.134  36.448 0.0000000000
69549  -48.120  -30.298  38.132 0.0000000000
71804  -48.690  -29.101  39.217 0.0000000000
83099  -45.366  -18.614  26.050 0.0000000000
82074  -46.649  -19.116  27.044 0.0000000000
83100  -46.344  -18.763  25.973 0.0000000000
85241  -53.779  -15.811  23.189 0.0000000000
86367  -55.483  -15.183  23.540 0.0000000000
85250  -54.759  -16.338  22.350 0.0000000000
85251  -55.927  -16.584  22.461 0.0000000000
44226  -9.456  -52.267  56.087 0.0000000000
44225  -8.841  -52.593  55.372 0.0000000000
60124  -36.879  -38.594  53.353 0.0000000000
58976  -36.733  -39.022  52.723 0.0000000000
59003  -37.692  -39.490  50.611 0.0000000000
59028  -38.077  -39.101  48.813 0.0000000000
57798  -36.714  -40.470  48.296 0.0000000000
59038  -37.235  -39.246  47.470 0.0000000000
60198  -38.423  -38.274  47.533 0.0000000000
61415  -38.232  -37.812  45.176 0.0000000000
61440  -38.581  -37.257  43.502 0.0000000000
45448  -17.355  -51.141  52.590 0.0000000000
45406  -18.078  -51.853  54.456 0.0000000000
45449  -18.393  -51.442  52.619 0.0000000000
45450  -19.393  -51.610  52.660 0.0000000000
45452  -21.260  -51.898  52.951 0.0000000000
46590  -19.763  -50.958  49.452 0.0000000000
45471  -21.185  -51.768  51.912 0.0000000000
45453  -22.018  -52.238  53.214 0.0000000000
44241  -23.141  -53.409  53.810 0.0000000000
41792  -24.008  -54.392  53.693 0.0000000000
40535  -25.543  -55.313  53.511 0.0000000000
57828  -24.664  -40.406  44.991 0.0000000000
56622  -25.668  -41.531  46.777 0.0000000000
59073  -26.669  -39.233  44.788 0.0000000000
57818  -25.975  -40.218  46.621 0.0000000000
56610  -26.232  -41.756  47.889 0.0000000000
56595  -26.852  -41.735  48.740 0.0000000000
56583  -28.076  -42.083  50.194 0.0000000000
56572  -28.328  -42.395  51.223 0.0000000000
56550  -28.686  -42.326  52.592 0.0000000000
57758  -28.928  -41.829  50.833 0.0000000000
56563  -30.360  -42.016  52.419 0.0000000000
55462  -31.424  -42.837  53.284 0.0000000000
54327  -31.841  -43.159  50.593 0.0000000000
54308  -32.108  -43.236  52.393 0.0000000000
55452  -32.540  -42.906  54.691 0.0000000000
56544  -34.036  -41.328  54.513 0.0000000000
47647  -15.036  -49.541  49.242 0.0000000000
70495  -40.614  -30.531  49.035 0.0000000000
70510  -41.665  -29.861  48.615 0.0000000000
71659  -42.870  -29.116  48.283 0.0000000000
72834  -43.530  -28.561  47.775 0.0000000000
71748  -41.647  -30.007  44.086 0.0000000000
72871  -43.114  -29.112  45.443 0.0000000000
73034  -47.540  -27.866  33.578 0.0000000000
71847  -49.136  -29.050  34.996 0.0000000000
73011  -49.676  -27.859  34.316 0.0000000000
72995  -50.412  -27.587  35.554 0.0000000000
74087  -51.634  -26.339  38.401 0.0000000000
75300  -51.591  -25.522  35.833 0.0000000000
75219  -52.883  -26.230  39.098 0.0000000000
66025  -37.674  -33.981  36.232 0.0000000000
66007  -39.707  -34.339  37.452 0.0000000000
66041  -38.380  -33.983  35.548 0.0000000000
67223  -40.045  -33.515  35.043 0.0000000000
67243  -41.728  -32.898  34.651 0.0000000000
68417  -42.532  -32.279  34.264 0.0000000000
69628  -43.371  -30.792  33.332 0.0000000000
70751  -43.581  -30.083  33.017 0.0000000000
71912  -43.823  -28.707  32.122 0.0000000000
73051  -44.822  -27.981  32.043 0.0000000000
74208  -45.890  -26.894  31.007 0.0000000000
75366  -46.571  -26.068  30.390 0.0000000000
75367  -47.372  -25.322  30.260 0.0000000000
77692  -43.331  -23.788  29.412 0.0000000000
77694  -45.316  -23.678  29.610 0.0000000000
76530  -47.680  -24.200  29.701 0.0000000000
78849  -48.077  -22.835  29.538 0.0000000000
79911  -48.074  -21.542  29.606 0.0000000000
80997  -47.339  -20.150  30.171 0.0000000000
82023  -48.263  -19.059  30.197 0.0000000000
82035  -45.224  -19.320  30.531 0.0000000000
83062  -44.573  -18.490  29.560 0.0000000000
82071  -44.034  -18.943  27.350 0.0000000000
82083  -44.128  -18.889  26.850 0.0000000000
43041  -7.434  -53.270  55.734 0.0000000000
43024  -6.800  -53.846  56.299 0.0000000000
41736  -5.789  -54.497  56.445 0.0000000000
42981  -5.714  -53.953  61.360 0.0000000000
41706  -5.398  -54.677  59.446 0.0000000000
40463  -4.334  -55.335  56.756 0.0000000000
40462  -3.669  -55.699  57.011 0.0000000000
39290  -2.573  -56.138  56.835 0.0000000000
39288  -0.748  -56.945  56.037 0.0000000000
39274  -0.185  -57.282  56.977 0.0000000000
69322  -40.298  -31.782  51.509 0.0000000000
63600  -38.927  -35.549  52.934 0.0000000000
62520  -39.362  -36.128  49.574 0.0000000000
63615  -39.151  -35.300  50.983 0.0000000000
65870  -39.449  -33.135  51.005 0.0000000000
68202  -39.670  -31.804  50.468 0.0000000000
69375  -39.776  -31.276  48.776 0.0000000000
70524  -39.734  -31.162  46.807 0.0000000000
69420  -38.360  -31.008  44.502 0.0000000000
71762  -37.719  -30.493  42.612 0.0000000000
68265  -36.199  -31.475  42.834 0.0000000000
71780  -36.091  -30.292  40.902 0.0000000000
70648  -36.881  -30.231  40.522 0.0000000000
70678  -36.990  -30.785  39.120 0.0000000000
68369  -36.841  -31.879  38.129 0.0000000000
67188  -36.395  -32.700  37.298 0.0000000000
64872  -34.816  -34.167  38.161 0.0000000000
65986  -33.690  -33.192  38.321 0.0000000000
68345  -32.122  -31.641  37.593 0.0000000000
69559  -32.314  -30.955  37.598 0.0000000000
70703  -32.408  -30.896  36.504 0.0000000000
69578  -33.520  -31.431  36.369 0.0000000000
67207  -34.912  -32.571  36.026 0.0000000000
67208  -36.052  -32.943  36.664 0.0000000000
43011  -23.085  -53.713  57.813 0.0000000000
45550  -23.506  -51.668  47.713 0.0000000000
45551  -24.621  -51.714  47.327 0.0000000000
45532  -24.379  -52.183  48.401 0.0000000000
43116  -25.368  -53.474  50.147 0.0000000000
41830  -26.146  -54.520  51.431 0.0000000000
41813  -27.017  -54.867  52.593 0.0000000000
53299  -26.281  -44.455  44.998 0.0000000000
50014  -27.649  -47.154  46.362 0.0000000000
48864  -28.062  -48.237  47.590 0.0000000000
51043  -28.495  -46.530  49.126 0.0000000000
48843  -28.370  -47.919  48.557 0.0000000000
47650  -27.712  -50.210  49.238 0.0000000000
46567  -27.361  -51.290  50.355 0.0000000000
43074  -27.556  -53.842  52.520 0.0000000000
40518  -27.451  -55.126  54.287 0.0000000000
41757  -28.331  -53.988  54.824 0.0000000000
41741  -28.851  -54.596  55.580 0.0000000000
45463  -8.305  -51.797  51.186 0.0000000000
45441  -8.629  -51.984  52.022 0.0000000000
46584  -10.967  -50.848  49.276 0.0000000000
46583  -9.893  -50.929  49.232 0.0000000000
45491  -9.597  -51.599  50.642 0.0000000000
45442  -9.517  -51.946  52.157 0.0000000000
45397  -9.241  -52.248  53.727 0.0000000000
45376  -10.101  -51.957  55.449 0.0000000000
45325  -13.692  -51.828  58.503 0.0000000000
67173  -41.543  -33.470  38.970 0.0000000000
67152  -42.867  -32.750  39.334 0.0000000000
69502  -44.267  -31.522  41.132 0.0000000000
68352  -45.301  -32.341  38.576 0.0000000000
69503  -45.525  -31.454  40.767 0.0000000000
69452  -45.275  -30.835  42.387 0.0000000000
71753  -46.659  -29.141  44.115 0.0000000000
70706  -49.286  -29.277  36.531 0.0000000000
71812  -49.125  -28.698  38.488 0.0000000000
71787  -49.624  -28.242  41.386 0.0000000000
83033  -48.468  -18.370  30.387 0.0000000000
85158  -48.117  -17.287  30.275 0.0000000000
85184  -48.378  -16.480  29.638 0.0000000000
84101  -47.281  -17.692  28.011 0.0000000000
85193  -47.680  -16.836  28.621 0.0000000000
86295  -49.629  -16.149  29.797 0.0000000000
87372  -50.647  -15.572  29.184 0.0000000000
87374  -52.186  -14.763  29.557 0.0000000000
84126  -50.898  -17.687  25.740 0.0000000000
86345  -51.919  -15.698  26.012 0.0000000000
88420  -52.999  -14.323  26.589 0.0000000000
86359  -56.675  -15.520  24.380 0.0000000000
56673  -31.202  -42.503  43.420 0.0000000000
55585  -32.457  -42.859  43.747 0.0000000000
55572  -32.467  -43.123  44.732 0.0000000000
67170  -38.194  -32.899  38.340 0.0000000000
81013  -50.247  -20.239  30.199 0.0000000000
79897  -51.382  -20.575  31.461 0.0000000000
80977  -51.870  -20.770  33.350 0.0000000000
81001  -51.421  -19.834  31.172 0.0000000000
45418  -8.175  -52.134  52.569 0.0000000000
44263  -7.718  -52.227  52.578 0.0000000000
44251  -7.991  -52.387  53.314 0.0000000000
63730  -37.913  -35.388  41.559 0.0000000000
63715  -38.266  -35.158  42.115 0.0000000000
63729  -37.453  -35.112  41.113 0.0000000000
64831  -37.106  -34.596  41.253 0.0000000000
64843  -36.646  -34.680  40.294 0.0000000000
45345  -17.768  -51.985  57.186 0.0000000000
45383  -17.568  -51.904  55.389 0.0000000000
40497  -25.758  -55.561  55.238 0.0000000000
54307  -27.856  -43.669  51.870 0.0000000000
45382  -16.622  -51.778  55.443 0.0000000000
71867  -46.009  -29.018  33.801 0.0000000000
70733  -47.621  -29.892  34.645 0.0000000000
56589  -35.793  -41.533  50.299 0.0000000000
59094  -36.315  -39.800  43.641 0.0000000000
59079  -36.473  -39.803  44.688 0.0000000000
46588  -17.792  -50.437  49.635 0.0000000000
46608  -18.129  -50.349  48.628 0.0000000000
45530  -22.183  -51.553  48.826 0.0000000000
45517  -23.101  -52.148  49.846 0.0000000000
44293  -23.435  -52.735  50.571 0.0000000000
44308  -23.651  -52.652  50.096 0.0000000000
56635  -29.537  -41.640  46.845 0.0000000000
57809  -28.931  -41.171  47.662 0.0000000000
56624  -29.530  -41.700  47.805 0.0000000000
56612  -30.182  -41.969  48.778 0.0000000000
55492  -34.976  -42.585  50.291 0.0000000000
54319  -34.428  -43.013  50.946 0.0000000000
56577  -35.151  -41.642  51.539 0.0000000000
47649  -16.809  -49.838  49.185 0.0000000000
71763  -38.734  -30.449  42.819 0.0000000000
71746  -39.760  -30.517  43.646 0.0000000000
71764  -39.746  -30.493  43.031 0.0000000000
70608  -43.205  -30.379  43.112 0.0000000000
71751  -44.487  -29.615  44.213 0.0000000000
71769  -44.435  -30.180  43.504 0.0000000000
75361  -48.191  -25.097  31.515 0.0000000000
75330  -49.130  -25.540  33.096 0.0000000000
75352  -48.992  -24.892  32.588 0.0000000000
74089  -53.837  -26.411  38.691 0.0000000000
75377  -43.379  -25.507  29.192 0.0000000000
81007  -43.631  -20.503  30.393 0.0000000000
43062  -5.330  -53.843  53.609 0.0000000000
41785  -4.732  -54.495  53.608 0.0000000000
40526  -4.296  -55.108  53.982 0.0000000000
40505  -4.665  -54.862  54.714 0.0000000000
44145  -7.615  -53.160  60.866 0.0000000000
44139  -7.645  -52.862  62.068 0.0000000000
40401  -2.832  -55.990  59.692 0.0000000000
60167  -38.726  -38.286  49.520 0.0000000000
65900  -39.518  -33.594  46.457 0.0000000000
65899  -39.074  -32.917  46.603 0.0000000000
65892  -39.183  -32.794  47.030 0.0000000000
67076  -38.723  -32.574  46.086 0.0000000000
67075  -38.415  -32.319  45.655 0.0000000000
67087  -38.017  -32.666  45.239 0.0000000000
70674  -33.401  -30.318  38.611 0.0000000000
70659  -34.004  -30.235  39.674 0.0000000000
70690  -34.557  -30.291  37.824 0.0000000000
70689  -33.486  -30.492  37.573 0.0000000000
45410  -21.445  -52.299  54.765 0.0000000000
45388  -21.631  -52.484  55.572 0.0000000000
44227  -22.104  -52.675  55.846 0.0000000000
45553  -26.772  -51.404  47.481 0.0000000000
45554  -27.340  -51.016  47.767 0.0000000000
45520  -27.027  -51.994  49.062 0.0000000000
46613  -27.585  -50.684  48.444 0.0000000000
55529  -25.811  -42.493  47.046 0.0000000000
53259  -26.512  -44.195  47.132 0.0000000000
54372  -26.561  -43.905  47.676 0.0000000000
48777  -27.707  -48.789  52.244 0.0000000000
46522  -27.250  -50.757  52.379 0.0000000000
46509  -27.488  -50.548  53.376 0.0000000000
55439  -31.715  -42.916  55.567 0.0000000000
45378  -12.652  -51.755  55.501 0.0000000000
67211  -43.286  -33.577  36.220 0.0000000000
66031  -43.475  -33.754  36.979 0.0000000000
67212  -44.379  -33.324  36.774 0.0000000000
70652  -48.292  -29.570  40.741 0.0000000000
70638  -48.181  -29.614  41.688 0.0000000000
70614  -48.457  -29.271  42.114 0.0000000000
72914  -49.255  -28.613  42.660 0.0000000000
74048  -52.308  -27.263  40.521 0.0000000000
74055  -51.703  -26.915  40.363 0.0000000000
83084  -45.369  -18.172  27.952 0.0000000000
84113  -49.871  -17.358  26.734 0.0000000000
85212  -50.289  -16.852  26.688 0.0000000000
85233  -53.466  -15.572  23.788 0.0000000000
86356  -53.559  -15.064  24.331 0.0000000000
87421  -54.935  -14.141  24.699 0.0000000000
86357  -54.724  -14.502  23.981 0.0000000000
55533  -35.058  -42.713  47.114 0.0000000000
56649  -34.898  -42.222  44.336 0.0000000000
57853  -28.898  -40.654  43.365 0.0000000000
55583  -30.908  -42.640  44.710 0.0000000000
56660  -30.263  -42.140  45.108 0.0000000000
56648  -30.212  -42.128  46.139 0.0000000000
55545  -31.456  -43.111  47.026 0.0000000000
55559  -31.514  -43.080  46.044 0.0000000000
55547  -33.591  -43.478  46.365 0.0000000000
54394  -33.165  -43.652  46.951 0.0000000000
55532  -34.413  -43.335  47.469 0.0000000000
55516  -34.230  -43.532  48.498 0.0000000000
69496  -38.739  -30.926  40.481 0.0000000000
70650  -39.029  -30.743  41.040 0.0000000000
69524  -39.182  -31.549  40.145 0.0000000000
68327  -40.457  -32.380  40.026 0.0000000000
68307  -40.842  -31.909  40.613 0.0000000000
68308  -41.789  -31.882  40.599 0.0000000000
78823  -49.933  -22.932  31.137 0.0000000000
77661  -49.821  -23.512  32.147 0.0000000000
77662  -50.170  -23.118  32.409 0.0000000000
78784  -52.525  -22.606  35.968 0.0000000000
77618  -52.984  -23.200  36.906 0.0000000000
78777  -53.133  -22.383  36.818 0.0000000000
83021  -52.157  -18.206  32.258 0.0000000000
83022  -52.674  -17.701  33.020 0.0000000000
83036  -51.489  -17.707  31.579 0.0000000000
44250  -7.065  -52.729  53.728 0.0000000000
44261  -6.269  -52.889  53.164 0.0000000000
43063  -5.884  -53.392  53.743 0.0000000000
43053  -6.183  -53.554  54.508 0.0000000000
61417  -39.309  -37.069  45.894 0.0000000000
61401  -39.421  -37.019  46.874 0.0000000000
62584  -39.529  -36.506  44.879 0.0000000000
64806  -38.894  -34.856  43.467 0.0000000000
64796  -39.478  -34.859  44.599 0.0000000000
64795  -38.923  -34.432  44.235 0.0000000000
64786  -39.095  -34.159  45.007 0.0000000000
65934  -38.340  -34.151  43.851 0.0000000000
65945  -36.875  -33.280  42.893 0.0000000000
65946  -37.514  -33.976  42.893 0.0000000000
67147  -34.585  -32.972  39.882 0.0000000000
67146  -33.981  -32.409  39.678 0.0000000000
68323  -33.346  -31.518  39.255 0.0000000000
67145  -33.442  -32.074  39.224 0.0000000000
43042  -23.876  -54.302  55.176 0.0000000000
43026  -23.659  -54.014  56.219 0.0000000000
43027  -24.187  -54.562  55.837 0.0000000000
40475  -25.792  -55.658  56.333 0.0000000000
40454  -25.407  -55.758  57.113 0.0000000000
40435  -27.162  -56.304  56.807 0.0000000000
40436  -28.078  -56.136  56.501 0.0000000000
48887  -27.289  -48.376  45.691 0.0000000000
50026  -27.380  -47.634  45.644 0.0000000000
54326  -27.485  -43.548  49.726 0.0000000000
50988  -28.041  -46.711  52.522 0.0000000000
50972  -27.890  -46.880  53.598 0.0000000000
50944  -27.916  -46.871  55.175 0.0000000000
47628  -14.629  -49.962  50.020 0.0000000000
47627  -13.895  -50.105  49.985 0.0000000000
46507  -14.689  -51.063  53.072 0.0000000000
45402  -14.230  -51.571  54.608 0.0000000000
45344  -16.856  -51.878  57.291 0.0000000000
45343  -15.913  -51.828  57.375 0.0000000000
68401  -45.765  -32.081  35.500 0.0000000000
68402  -46.718  -31.533  35.635 0.0000000000
69582  -48.250  -30.528  36.475 0.0000000000
69565  -47.730  -31.074  37.028 0.0000000000
69566  -48.187  -30.497  37.482 0.0000000000
70680  -48.290  -29.829  38.722 0.0000000000
71811  -48.707  -29.230  38.662 0.0000000000
85249  -53.616  -16.120  22.380 0.0000000000
85242  -55.099  -15.827  22.960 0.0000000000
45274  -9.612  -52.107  62.046 0.0000000000
57743  -35.666  -39.989  53.193 0.0000000000
58975  -36.073  -39.789  52.711 0.0000000000
57771  -36.707  -40.517  50.424 0.0000000000
59002  -36.906  -40.052  50.993 0.0000000000
57772  -37.395  -39.966  49.971 0.0000000000
59017  -38.283  -39.034  49.503 0.0000000000
59016  -37.780  -39.597  49.446 0.0000000000
56627  -36.032  -41.286  47.113 0.0000000000
57810  -36.435  -40.501  47.280 0.0000000000
60211  -37.034  -38.963  46.076 0.0000000000
59050  -36.946  -39.198  46.805 0.0000000000
60197  -37.789  -38.737  47.479 0.0000000000
60213  -38.170  -38.140  46.654 0.0000000000
60228  -37.974  -38.068  45.898 0.0000000000
61439  -37.846  -37.806  43.382 0.0000000000
45468  -18.125  -51.089  51.710 0.0000000000
45469  -19.104  -51.420  51.716 0.0000000000
45451  -20.365  -51.726  52.760 0.0000000000
46609  -19.105  -50.718  48.536 0.0000000000
45496  -22.244  -51.990  50.999 0.0000000000
45495  -20.969  -51.578  50.848 0.0000000000
45472  -22.056  -52.070  52.217 0.0000000000
44264  -22.622  -52.641  52.562 0.0000000000
44253  -22.607  -52.776  53.501 0.0000000000
44254  -23.162  -53.257  52.853 0.0000000000
43073  -24.086  -54.148  52.313 0.0000000000
43064  -23.769  -54.053  53.114 0.0000000000
43065  -24.243  -54.406  52.695 0.0000000000
40534  -24.994  -55.136  53.905 0.0000000000
41794  -25.311  -55.117  52.933 0.0000000000
60234  -24.814  -38.860  44.078 0.0000000000
59071  -24.498  -39.614  44.351 0.0000000000
59055  -24.898  -39.787  45.121 0.0000000000
57816  -25.012  -40.725  45.603 0.0000000000
57817  -25.491  -40.515  46.178 0.0000000000
59074  -27.355  -39.420  44.291 0.0000000000
59088  -26.771  -39.088  43.898 0.0000000000
59058  -27.205  -39.610  45.412 0.0000000000
57807  -27.310  -40.388  47.198 0.0000000000
59044  -26.496  -39.868  46.312 0.0000000000
57806  -26.462  -40.450  47.094 0.0000000000
57793  -26.208  -40.961  47.552 0.0000000000
57780  -27.827  -41.362  49.251 0.0000000000
57767  -28.200  -41.657  49.736 0.0000000000
56584  -28.431  -42.136  50.677 0.0000000000
56573  -28.681  -42.019  51.123 0.0000000000
57769  -29.020  -41.713  50.420 0.0000000000
56587  -30.694  -42.155  50.574 0.0000000000
56575  -30.140  -41.908  51.372 0.0000000000
56564  -30.978  -42.364  52.006 0.0000000000
55461  -30.770  -42.358  53.053 0.0000000000
55472  -31.341  -42.757  52.305 0.0000000000
54374  -32.190  -43.507  48.173 0.0000000000
54356  -31.970  -43.341  49.009 0.0000000000
54340  -32.277  -43.481  49.740 0.0000000000
54310  -33.550  -43.084  52.525 0.0000000000
54317  -32.791  -43.491  51.502 0.0000000000
54300  -32.991  -43.248  53.257 0.0000000000
54291  -33.412  -42.666  53.748 0.0000000000
55453  -33.439  -42.365  54.378 0.0000000000
55463  -33.740  -42.385  53.425 0.0000000000
57749  -35.145  -40.906  52.712 0.0000000000
56555  -34.599  -41.162  53.539 0.0000000000
57742  -35.190  -40.418  53.608 0.0000000000
48812  -14.961  -49.039  48.664 0.0000000000
46538  -16.365  -50.522  51.502 0.0000000000
70525  -40.297  -30.754  47.246 0.0000000000
70509  -41.056  -30.272  48.462 0.0000000000
70526  -40.871  -30.424  47.601 0.0000000000
71685  -41.673  -29.892  46.695 0.0000000000
71671  -42.749  -29.141  47.317 0.0000000000
71686  -42.659  -29.194  46.292 0.0000000000
71785  -40.421  -30.617  42.591 0.0000000000
71765  -40.762  -30.431  43.301 0.0000000000
72904  -43.130  -29.335  44.831 0.0000000000
72888  -42.738  -29.383  44.894 0.0000000000
72856  -43.320  -28.765  46.021 0.0000000000
72857  -44.154  -28.234  46.429 0.0000000000
72873  -44.864  -28.109  45.942 0.0000000000
72874  -45.991  -27.552  46.068 0.0000000000
74165  -47.024  -27.084  32.843 0.0000000000
73010  -48.435  -28.134  33.920 0.0000000000
73035  -48.627  -27.372  33.509 0.0000000000
74131  -51.039  -26.295  35.305 0.0000000000
73012  -50.455  -27.021  34.626 0.0000000000
74117  -51.066  -26.565  36.486 0.0000000000
74103  -50.974  -26.762  37.654 0.0000000000
74104  -51.597  -26.089  37.420 0.0000000000
76474  -51.514  -24.395  34.786 0.0000000000
75312  -51.526  -25.120  35.254 0.0000000000
75242  -53.031  -25.399  38.413 0.0000000000
38037  0.300  -57.792  56.061 0.0000000000
38046  0.317  -57.758  54.950 0.0000000000
36762  0.732  -58.426  55.272 0.0000000000
68414  -39.479  -32.949  33.765 0.0000000000
67242  -40.603  -33.125  34.401 0.0000000000
68415  -40.019  -32.774  33.718 0.0000000000
68435  -41.254  -31.592  33.073 0.0000000000
69608  -42.109  -31.555  33.406 0.0000000000
69609  -43.065  -31.332  33.673 0.0000000000
69627  -42.762  -30.890  33.029 0.0000000000
70770  -42.609  -29.614  32.129 0.0000000000
70771  -43.448  -29.272  32.385 0.0000000000
71892  -44.117  -29.054  32.764 0.0000000000
71911  -43.087  -28.877  31.827 0.0000000000
73070  -44.484  -27.866  31.375 0.0000000000
73086  -44.510  -27.311  30.449 0.0000000000
73071  -45.431  -27.402  31.434 0.0000000000
74207  -45.156  -27.129  30.761 0.0000000000
75378  -44.403  -25.559  29.306 0.0000000000
75365  -45.990  -26.136  30.049 0.0000000000
75379  -45.622  -25.744  29.647 0.0000000000
75380  -46.664  -25.140  29.735 0.0000000000
77678  -44.671  -22.997  30.046 0.0000000000
77695  -46.376  -23.326  29.586 0.0000000000
76529  -46.936  -24.249  29.496 0.0000000000
77697  -48.326  -23.692  29.821 0.0000000000
78847  -46.448  -22.592  29.832 0.0000000000
79894  -45.224  -20.984  30.978 0.0000000000
79909  -46.383  -21.510  30.431 0.0000000000
81010  -47.358  -20.964  30.063 0.0000000000
81011  -48.254  -20.667  29.702 0.0000000000
80996  -46.480  -20.613  30.603 0.0000000000
82021  -46.595  -19.676  30.481 0.0000000000
82020  -45.697  -19.744  30.726 0.0000000000
83070  -43.728  -18.856  28.797 0.0000000000
83083  -44.310  -18.661  27.957 0.0000000000
40525  -3.690  -55.545  53.607 0.0000000000
44193  -8.482  -52.880  57.162 0.0000000000
44209  -8.278  -52.886  56.237 0.0000000000
44192  -7.874  -53.220  56.731 0.0000000000
43002  -7.402  -53.686  57.935 0.0000000000
43001  -6.771  -54.045  58.166 0.0000000000
41737  -6.400  -54.191  56.687 0.0000000000
41719  -6.166  -54.494  58.269 0.0000000000
42975  -6.371  -53.651  61.981 0.0000000000
41716  -4.091  -55.260  59.077 0.0000000000
41705  -4.568  -54.898  59.649 0.0000000000
41717  -4.637  -55.035  58.605 0.0000000000
41725  -4.859  -54.994  57.580 0.0000000000
40441  -4.188  -55.406  57.705 0.0000000000
40440  -3.536  -55.716  57.890 0.0000000000
39276  -2.125  -56.324  57.607 0.0000000000
39277  -2.604  -56.055  57.448 0.0000000000
39289  -1.832  -56.517  56.477 0.0000000000
39248  -0.922  -57.390  59.094 0.0000000000
67019  -40.792  -32.949  52.543 0.0000000000
68165  -41.084  -32.370  52.241 0.0000000000
68179  -40.226  -32.188  51.795 0.0000000000
60125  -37.441  -38.162  52.884 0.0000000000
60113  -37.161  -38.253  53.632 0.0000000000
61313  -38.241  -37.056  52.603 0.0000000000
62477  -38.655  -36.354  52.547 0.0000000000
63608  -39.101  -35.405  52.078 0.0000000000
62545  -39.789  -36.246  47.982 0.0000000000
61360  -39.360  -36.558  49.156 0.0000000000
62532  -39.662  -36.087  48.747 0.0000000000
63616  -39.345  -34.825  50.537 0.0000000000
64745  -39.324  -34.377  50.850 0.0000000000
64744  -39.362  -34.483  51.597 0.0000000000
65865  -39.396  -33.794  51.168 0.0000000000
65864  -39.629  -33.523  51.755 0.0000000000
67045  -39.407  -32.580  50.150 0.0000000000
68209  -39.492  -31.773  49.458 0.0000000000
69361  -39.892  -31.379  49.893 0.0000000000
69389  -39.543  -31.449  47.515 0.0000000000
69419  -37.625  -31.374  44.336 0.0000000000
69411  -38.665  -31.381  45.102 0.0000000000
69434  -37.394  -30.880  43.598 0.0000000000
70585  -37.803  -30.583  43.270 0.0000000000
70604  -36.927  -30.618  42.329 0.0000000000
67118  -35.516  -32.156  42.183 0.0000000000
68277  -35.936  -31.820  42.781 0.0000000000
68291  -35.154  -31.611  41.756 0.0000000000
70661  -35.317  -29.831  39.503 0.0000000000
70646  -35.429  -29.991  40.377 0.0000000000
70647  -36.040  -29.949  40.269 0.0000000000
71794  -36.496  -30.266  40.879 0.0000000000
70663  -37.175  -30.467  39.847 0.0000000000
69562  -35.503  -31.335  37.611 0.0000000000
69564  -36.722  -31.371  38.386 0.0000000000
69563  -36.312  -31.339  38.025 0.0000000000
68368  -36.075  -32.158  37.452 0.0000000000
66004  -34.213  -33.783  38.013 0.0000000000
67187  -33.089  -33.044  37.872 0.0000000000
69540  -32.185  -31.300  37.614 0.0000000000
69558  -31.817  -31.083  37.044 0.0000000000
70704  -33.224  -30.916  36.765 0.0000000000
69577  -32.805  -31.124  36.088 0.0000000000
45407  -19.019  -51.950  54.460 0.0000000000
45384  -18.495  -52.029  55.349 0.0000000000
45385  -19.379  -52.143  55.331 0.0000000000
45349  -20.951  -52.408  56.619 0.0000000000
43012  -23.538  -53.992  57.240 0.0000000000
45564  -25.266  -51.297  46.612 0.0000000000
44324  -25.270  -52.658  48.901 0.0000000000
44310  -25.018  -53.067  49.571 0.0000000000
43084  -26.479  -54.072  51.069 0.0000000000
43085  -27.008  -54.059  51.481 0.0000000000
41831  -26.670  -54.683  51.892 0.0000000000
54420  -25.637  -43.279  44.694 0.0000000000
52207  -27.009  -45.225  46.735 0.0000000000
52220  -27.138  -45.842  46.100 0.0000000000
49994  -27.976  -47.167  47.243 0.0000000000
52148  -28.408  -45.905  49.675 0.0000000000
52165  -28.281  -45.869  48.973 0.0000000000
51028  -28.520  -46.625  49.893 0.0000000000
48819  -28.315  -48.178  49.392 0.0000000000
48818  -27.936  -49.185  49.585 0.0000000000
44266  -27.630  -52.702  52.730 0.0000000000
41795  -27.580  -54.545  53.437 0.0000000000
41776  -27.929  -54.243  54.273 0.0000000000
43028  -28.736  -53.799  55.098 0.0000000000
43029  -29.154  -53.755  55.299 0.0000000000
46490  -28.087  -49.947  54.582 0.0000000000
46483  -28.401  -49.939  54.913 0.0000000000
56551  -28.935  -42.214  53.096 0.0000000000
45464  -9.186  -51.818  51.302 0.0000000000
47644  -12.371  -50.180  49.072 0.0000000000
46586  -12.623  -50.504  49.755 0.0000000000
46557  -11.359  -51.142  50.263 0.0000000000
46556  -10.343  -51.359  50.199 0.0000000000
45443  -10.440  -51.810  52.299 0.0000000000
45420  -9.798  -51.984  53.085 0.0000000000
45398  -10.024  -51.966  54.085 0.0000000000
45358  -14.264  -51.836  56.487 0.0000000000
45341  -13.944  -51.879  57.488 0.0000000000
45326  -14.694  -51.786  58.436 0.0000000000
71623  -42.884  -29.785  50.346 0.0000000000
64884  -40.138  -34.472  37.171 0.0000000000
65990  -40.030  -33.957  38.307 0.0000000000
66008  -40.662  -34.427  37.412 0.0000000000
67175  -43.377  -33.116  38.670 0.0000000000
67174  -42.503  -33.317  38.863 0.0000000000
68330  -43.329  -32.268  39.809 0.0000000000
68310  -43.820  -31.868  40.403 0.0000000000
68371  -46.399  -32.108  37.483 0.0000000000
68370  -45.848  -32.331  37.902 0.0000000000
68353  -46.304  -31.781  38.522 0.0000000000
69477  -46.713  -30.724  41.521 0.0000000000
69476  -45.913  -31.024  41.797 0.0000000000
70611  -45.978  -30.492  42.646 0.0000000000
70588  -46.296  -29.809  43.488 0.0000000000
72905  -48.219  -28.672  43.939 0.0000000000
72893  -47.774  -28.353  44.648 0.0000000000
72894  -48.682  -28.429  44.526 0.0000000000
71833  -49.782  -28.612  36.181 0.0000000000
70718  -49.377  -29.113  35.682 0.0000000000
71821  -49.672  -28.382  37.324 0.0000000000
72944  -50.286  -27.476  40.111 0.0000000000
72954  -49.570  -28.085  39.081 0.0000000000
72943  -49.769  -27.931  39.850 0.0000000000
71805  -49.190  -28.492  39.549 0.0000000000
72925  -50.233  -27.828  41.293 0.0000000000
83031  -46.640  -18.883  30.317 0.0000000000
83032  -47.551  -18.573  30.285 0.0000000000
83050  -46.373  -18.331  30.083 0.0000000000
85191  -46.205  -17.290  28.823 0.0000000000
84078  -46.645  -17.284  29.518 0.0000000000
85172  -47.297  -17.112  29.735 0.0000000000
85173  -48.080  -16.873  30.004 0.0000000000
85183  -47.778  -16.637  29.400 0.0000000000
83085  -46.489  -18.453  27.661 0.0000000000
83086  -47.662  -18.674  27.141 0.0000000000
85202  -48.667  -16.821  27.962 0.0000000000
85201  -47.961  -17.216  28.076 0.0000000000
85194  -48.415  -16.610  28.408 0.0000000000
86317  -48.654  -16.396  28.693 0.0000000000
86307  -50.064  -15.879  29.354 0.0000000000
86318  -49.973  -15.957  28.589 0.0000000000
86329  -51.450  -15.346  27.277 0.0000000000
87395  -50.949  -15.452  27.983 0.0000000000
87386  -52.162  -14.731  28.587 0.0000000000
88389  -52.987  -14.369  29.208 0.0000000000
87397  -52.609  -14.475  27.661 0.0000000000
84128  -52.348  -16.700  24.723 0.0000000000
84127  -51.638  -17.251  25.323 0.0000000000
83117  -51.146  -17.768  24.969 0.0000000000
84115  -51.366  -16.661  26.051 0.0000000000
85222  -51.942  -16.206  25.691 0.0000000000
87412  -53.552  -14.381  25.455 0.0000000000
87411  -52.913  -14.565  26.175 0.0000000000
88421  -53.437  -14.192  26.318 0.0000000000
88406  -53.913  -13.654  27.271 0.0000000000
88407  -54.669  -13.793  27.061 0.0000000000
86368  -56.320  -15.453  23.772 0.0000000000
55549  -35.102  -42.475  46.000 0.0000000000
55562  -34.404  -42.787  45.074 0.0000000000
56671  -29.545  -41.316  43.609 0.0000000000
55571  -31.603  -42.995  45.119 0.0000000000
55560  -32.382  -43.371  45.749 0.0000000000
55561  -33.407  -43.303  45.508 0.0000000000
68349  -38.509  -32.160  39.067 0.0000000000
68325  -38.942  -31.937  39.610 0.0000000000
68350  -39.084  -32.347  39.374 0.0000000000
67148  -39.670  -32.703  39.433 0.0000000000
67150  -40.979  -32.985  39.610 0.0000000000
78838  -50.295  -21.995  30.472 0.0000000000
79886  -50.888  -21.936  32.291 0.0000000000
79877  -51.379  -21.824  33.269 0.0000000000
80967  -52.323  -20.497  34.623 0.0000000000
80978  -52.344  -19.855  33.617 0.0000000000
81994  -52.708  -19.447  34.703 0.0000000000
80988  -52.433  -19.323  32.991 0.0000000000
82026  -51.624  -18.867  31.471 0.0000000000
45462  -7.468  -51.819  51.026 0.0000000000
45439  -7.035  -52.011  51.568 0.0000000000
62594  -39.200  -36.379  43.553 0.0000000000
62595  -39.466  -36.287  44.156 0.0000000000
63699  -39.151  -35.568  43.364 0.0000000000
64821  -38.502  -34.786  42.842 0.0000000000
64820  -38.033  -34.688  42.347 0.0000000000
64819  -37.218  -34.128  42.164 0.0000000000
65963  -36.309  -34.069  40.871 0.0000000000
65971  -35.143  -33.524  39.719 0.0000000000
41755  -24.748  -55.032  55.275 0.0000000000
41738  -24.620  -54.938  56.249 0.0000000000
41739  -25.190  -55.334  55.882 0.0000000000
40455  -26.498  -55.917  56.802 0.0000000000
40477  -27.840  -55.525  55.767 0.0000000000
55490  -27.680  -42.723  50.087 0.0000000000
52116  -27.949  -45.735  53.151 0.0000000000
46508  -15.313  -51.093  53.253 0.0000000000
45403  -15.187  -51.546  54.608 0.0000000000
45381  -15.661  -51.708  55.494 0.0000000000
69612  -45.796  -30.524  34.410 0.0000000000
69594  -46.238  -31.170  34.980 0.0000000000
69613  -46.750  -30.485  34.690 0.0000000000
69597  -48.136  -30.513  35.849 0.0000000000
70705  -48.739  -29.962  36.907 0.0000000000
57760  -35.854  -40.711  51.652 0.0000000000
58989  -36.005  -40.131  52.169 0.0000000000
57770  -35.986  -40.984  50.859 0.0000000000
57783  -36.820  -40.598  49.299 0.0000000000
59063  -36.494  -39.928  45.575 0.0000000000
60226  -36.839  -39.131  45.209 0.0000000000
60227  -37.541  -38.379  45.366 0.0000000000
46563  -17.032  -50.345  50.416 0.0000000000
46540  -18.011  -50.906  51.218 0.0000000000
46564  -18.160  -50.796  50.569 0.0000000000
46565  -19.180  -50.969  50.215 0.0000000000
46591  -20.581  -51.076  49.033 0.0000000000
45529  -21.260  -51.316  49.183 0.0000000000
44292  -22.936  -52.474  51.006 0.0000000000
44265  -23.167  -53.062  51.973 0.0000000000
44275  -23.247  -52.884  51.247 0.0000000000
43081  -23.632  -53.382  51.400 0.0000000000
43082  -24.297  -53.967  51.518 0.0000000000
57832  -28.990  -40.822  45.580 0.0000000000
57830  -27.551  -39.853  45.870 0.0000000000
57820  -28.216  -40.468  46.456 0.0000000000
57796  -28.304  -40.964  48.520 0.0000000000
57782  -29.114  -41.567  49.546 0.0000000000
56597  -29.734  -41.770  49.319 0.0000000000
56598  -30.230  -41.947  49.543 0.0000000000
55503  -31.085  -42.516  49.735 0.0000000000
54342  -33.857  -43.602  49.521 0.0000000000
54330  -34.223  -43.300  50.376 0.0000000000
54318  -33.766  -43.273  51.507 0.0000000000
55483  -34.011  -42.912  52.048 0.0000000000
56565  -34.070  -42.062  53.031 0.0000000000
55474  -34.586  -42.105  52.072 0.0000000000
57759  -35.130  -41.203  52.117 0.0000000000
47668  -15.588  -49.112  48.656 0.0000000000
47631  -16.860  -50.084  49.788 0.0000000000
71723  -39.691  -30.627  44.439 0.0000000000
70554  -40.349  -30.603  45.916 0.0000000000
71724  -40.828  -30.309  44.549 0.0000000000
70631  -41.893  -30.709  42.343 0.0000000000
71766  -41.880  -30.153  43.617 0.0000000000
70607  -42.314  -30.389  43.050 0.0000000000
71750  -43.398  -29.485  44.494 0.0000000000
71727  -43.655  -29.232  44.843 0.0000000000
72890  -44.470  -28.612  45.265 0.0000000000
71728  -44.087  -29.133  44.822 0.0000000000
71729  -45.015  -28.874  44.767 0.0000000000
71730  -46.038  -28.635  44.686 0.0000000000
74192  -48.035  -26.209  32.850 0.0000000000
73036  -49.361  -26.939  33.617 0.0000000000
74167  -48.685  -26.303  33.161 0.0000000000
74169  -50.129  -26.181  33.838 0.0000000000
76466  -52.472  -23.775  36.283 0.0000000000
76459  -52.585  -24.378  37.011 0.0000000000
76433  -53.514  -24.922  38.327 0.0000000000
86286  -52.124  -15.378  31.098 0.0000000000
70769  -41.513  -30.193  32.110 0.0000000000
74229  -42.885  -26.315  29.250 0.0000000000
74230  -43.815  -26.326  29.404 0.0000000000
76526  -43.877  -24.651  29.253 0.0000000000
78833  -44.047  -22.195  30.330 0.0000000000
78834  -45.071  -22.208  30.423 0.0000000000
78835  -45.984  -22.247  30.228 0.0000000000
79907  -44.541  -21.184  30.718 0.0000000000
81008  -44.324  -20.318  30.688 0.0000000000
82034  -44.776  -19.724  30.672 0.0000000000
82033  -43.917  -19.724  30.241 0.0000000000
82052  -43.319  -19.391  29.547 0.0000000000
44156  -8.558  -52.788  60.308 0.0000000000
44155  -7.871  -53.234  59.639 0.0000000000
42990  -7.167  -53.626  59.906 0.0000000000
42989  -6.510  -53.889  60.142 0.0000000000
42980  -5.078  -54.352  61.467 0.0000000000
41704  -3.806  -55.194  59.805 0.0000000000
40420  -3.479  -55.661  58.843 0.0000000000
40419  -2.774  -55.920  58.954 0.0000000000
40438  -2.306  -56.182  58.452 0.0000000000
39262  -1.755  -56.589  58.483 0.0000000000
39249  -1.569  -56.881  59.091 0.0000000000
60151  -37.963  -38.813  51.232 0.0000000000
60137  -37.993  -38.217  51.820 0.0000000000
60138  -38.483  -37.727  51.312 0.0000000000
61345  -38.816  -37.068  50.850 0.0000000000
64771  -40.174  -34.745  47.460 0.0000000000
64762  -40.190  -34.899  47.849 0.0000000000
64761  -40.077  -34.393  48.175 0.0000000000
65885  -39.708  -33.473  48.775 0.0000000000
67046  -39.351  -33.151  49.940 0.0000000000
67061  -39.327  -32.743  48.388 0.0000000000
67060  -39.212  -32.224  47.923 0.0000000000
68224  -39.197  -31.867  47.101 0.0000000000
68235  -39.031  -31.831  46.354 0.0000000000
68234  -38.690  -31.922  45.845 0.0000000000
68248  -37.895  -31.998  45.085 0.0000000000
69418  -37.035  -31.420  43.896 0.0000000000
68305  -34.114  -31.563  40.442 0.0000000000
69495  -34.370  -30.833  40.655 0.0000000000
69494  -34.044  -30.453  40.028 0.0000000000
70660  -34.471  -29.933  39.550 0.0000000000
70676  -35.480  -30.015  38.590 0.0000000000
70691  -35.261  -30.535  37.898 0.0000000000
69561  -34.759  -30.922  37.470 0.0000000000
45386  -20.203  -52.191  55.348 0.0000000000
45387  -20.947  -52.246  55.413 0.0000000000
45366  -21.154  -52.380  56.046 0.0000000000
40432  -24.394  -55.792  58.049 0.0000000000
41715  -23.876  -55.361  58.365 0.0000000000
47695  -26.250  -50.149  45.748 0.0000000000
46649  -25.775  -50.686  46.027 0.0000000000
45565  -26.271  -51.186  46.758 0.0000000000
44311  -26.106  -53.099  49.661 0.0000000000
45519  -26.504  -52.447  49.053 0.0000000000
44312  -26.817  -52.547  49.616 0.0000000000
55556  -25.428  -42.741  45.388 0.0000000000
54408  -25.812  -43.516  45.414 0.0000000000
54391  -26.012  -43.575  46.421 0.0000000000
53276  -26.727  -44.751  46.843 0.0000000000
51072  -27.977  -46.173  47.840 0.0000000000
49921  -28.307  -47.235  51.009 0.0000000000
49942  -28.420  -47.455  50.195 0.0000000000
49941  -28.149  -47.892  50.812 0.0000000000
48795  -27.873  -48.845  50.942 0.0000000000
46541  -27.258  -50.998  51.265 0.0000000000
44255  -27.875  -52.389  53.674 0.0000000000
44242  -28.245  -52.098  54.298 0.0000000000
44230  -28.586  -51.936  54.580 0.0000000000
46534  -12.632  -50.951  51.271 0.0000000000
46533  -11.682  -51.281  51.259 0.0000000000
45399  -11.035  -51.801  54.353 0.0000000000
45312  -15.475  -51.616  59.342 0.0000000000
66029  -41.514  -34.264  36.664 0.0000000000
66009  -41.837  -34.232  37.488 0.0000000000
66010  -42.821  -33.927  37.553 0.0000000000
66011  -43.644  -33.544  37.697 0.0000000000
67176  -44.175  -32.824  38.614 0.0000000000
69548  -47.343  -30.950  38.474 0.0000000000
69547  -46.556  -31.352  38.964 0.0000000000
69527  -47.180  -30.671  39.915 0.0000000000
69505  -47.239  -30.547  40.863 0.0000000000
70637  -47.504  -30.055  41.994 0.0000000000
70612  -46.985  -30.033  42.748 0.0000000000
70613  -47.898  -29.489  42.661 0.0000000000
71755  -48.354  -28.865  43.509 0.0000000000
72895  -49.394  -28.568  44.468 0.0000000000
72968  -50.235  -27.465  37.898 0.0000000000
74068  -50.933  -27.049  39.986 0.0000000000
74045  -51.142  -27.228  41.094 0.0000000000
84076  -45.210  -17.933  29.504 0.0000000000
84068  -45.845  -18.114  29.875 0.0000000000
83072  -45.405  -17.694  28.614 0.0000000000
84099  -45.790  -17.581  28.442 0.0000000000
85203  -49.893  -16.543  27.232 0.0000000000
85204  -50.493  -16.020  27.066 0.0000000000
86336  -50.861  -15.823  26.973 0.0000000000
86355  -52.953  -15.691  24.781 0.0000000000
86347  -53.373  -14.775  25.013 0.0000000000
87413  -54.419  -14.016  25.349 0.0000000000
85244  -56.741  -16.408  23.642 0.0000000000
55505  -35.322  -42.524  49.116 0.0000000000
56600  -35.866  -41.829  49.076 0.0000000000
56613  -35.649  -42.122  47.935 0.0000000000
56638  -35.931  -41.309  46.296 0.0000000000
56637  -35.662  -41.704  45.646 0.0000000000
57822  -35.989  -41.014  45.705 0.0000000000
57833  -35.909  -41.081  44.963 0.0000000000
47671  -17.971  -49.991  47.749 0.0000000000
46626  -20.344  -50.819  47.409 0.0000000000
46627  -21.370  -50.960  47.256 0.0000000000
45549  -22.685  -51.566  48.035 0.0000000000
59089  -27.429  -39.522  43.209 0.0000000000
59075  -27.904  -39.764  43.757 0.0000000000
57842  -29.002  -40.705  44.454 0.0000000000
56647  -29.592  -41.547  45.821 0.0000000000
56636  -30.157  -42.134  47.106 0.0000000000
55544  -30.698  -42.599  47.461 0.0000000000
54392  -31.736  -43.287  47.735 0.0000000000
54375  -32.909  -43.720  47.913 0.0000000000
54409  -32.599  -43.539  46.484 0.0000000000
54358  -33.414  -43.715  48.684 0.0000000000
70628  -39.023  -30.496  41.915 0.0000000000
70629  -39.664  -30.770  41.708 0.0000000000
69471  -40.578  -31.096  41.524 0.0000000000
68306  -39.956  -31.795  40.453 0.0000000000
69498  -40.338  -31.373  40.994 0.0000000000
69472  -41.526  -31.092  41.703 0.0000000000
69473  -42.501  -31.098  41.815 0.0000000000
69474  -43.508  -31.148  41.914 0.0000000000
76511  -49.087  -24.089  31.503 0.0000000000
76486  -49.634  -24.650  33.038 0.0000000000
77648  -49.932  -23.777  32.832 0.0000000000
77636  -51.053  -23.919  33.973 0.0000000000
78804  -50.969  -22.510  33.198 0.0000000000
77637  -51.556  -23.416  34.476 0.0000000000
77625  -52.085  -23.436  35.500 0.0000000000
77609  -53.351  -23.712  37.717 0.0000000000
76447  -53.758  -24.212  38.110 0.0000000000
82002  -52.642  -18.965  33.880 0.0000000000
84043  -52.188  -17.276  32.251 0.0000000000
84056  -51.551  -16.790  31.625 0.0000000000
44273  -6.434  -52.373  51.344 0.0000000000
43071  -5.606  -53.383  52.812 0.0000000000
61386  -38.985  -37.688  47.683 0.0000000000
61387  -39.443  -36.968  47.826 0.0000000000
62559  -39.859  -36.327  47.146 0.0000000000
63649  -40.038  -35.752  47.457 0.0000000000
63686  -39.799  -35.546  45.110 0.0000000000
63674  -40.048  -35.318  45.902 0.0000000000
63662  -40.223  -34.924  46.985 0.0000000000
64777  -40.006  -34.570  46.395 0.0000000000
65909  -39.454  -34.006  45.731 0.0000000000
65919  -37.912  -33.082  44.838 0.0000000000
67112  -37.091  -32.821  43.999 0.0000000000
65933  -37.502  -33.343  43.785 0.0000000000
67119  -35.959  -32.447  42.521 0.0000000000
67127  -35.217  -32.332  41.574 0.0000000000
65955  -36.297  -33.463  41.757 0.0000000000
65954  -35.667  -33.021  41.551 0.0000000000
67135  -34.551  -32.106  40.811 0.0000000000
68324  -33.751  -31.617  39.886 0.0000000000
69520  -33.037  -30.892  38.911 0.0000000000
69541  -32.707  -30.840  38.238 0.0000000000
44240  -22.601  -52.885  54.436 0.0000000000
44228  -22.539  -52.906  55.374 0.0000000000
44213  -23.147  -53.488  55.762 0.0000000000
41729  -24.435  -54.952  57.192 0.0000000000
48885  -26.199  -48.762  44.314 0.0000000000
47716  -26.956  -49.002  45.637 0.0000000000
47697  -27.481  -49.225  46.531 0.0000000000
46651  -27.527  -49.896  47.004 0.0000000000
54337  -26.570  -43.278  48.288 0.0000000000
54354  -26.743  -43.879  48.080 0.0000000000
53235  -27.558  -44.452  49.166 0.0000000000
52147  -28.182  -45.319  50.233 0.0000000000
53215  -27.961  -44.757  50.752 0.0000000000
52133  -28.239  -45.619  51.049 0.0000000000
48757  -27.646  -48.819  53.333 0.0000000000
48713  -27.808  -48.672  54.660 0.0000000000
50957  -27.826  -47.104  54.454 0.0000000000
49855  -27.809  -47.814  54.915 0.0000000000
48696  -28.005  -48.475  55.214 0.0000000000
47645  -13.298  -49.981  49.378 0.0000000000
46517  -13.779  -50.901  52.130 0.0000000000
46535  -13.523  -50.757  51.353 0.0000000000
45401  -13.246  -51.596  54.506 0.0000000000
45359  -15.258  -51.812  56.453 0.0000000000
45327  -15.672  -51.730  58.350 0.0000000000
67227  -45.024  -32.784  35.818 0.0000000000
67228  -45.655  -32.630  35.926 0.0000000000
67214  -46.138  -32.431  36.942 0.0000000000
68372  -47.071  -31.638  37.292 0.0000000000
68390  -47.234  -31.451  36.341 0.0000000000
70666  -48.250  -29.611  39.758 0.0000000000
71797  -48.775  -28.993  40.190 0.0000000000
82084  -45.026  -18.948  26.659 0.0000000000
82073  -45.715  -18.969  27.275 0.0000000000
82085  -45.978  -18.991  26.553 0.0000000000
82086  -46.706  -19.005  26.472 0.0000000000
86366  -54.382  -15.200  23.483 0.0000000000
85252  -56.612  -16.744  22.908 0.0000000000
45375  -9.379  -52.288  54.563 0.0000000000
44239  -8.688  -52.539  54.151 0.0000000000
44210  -9.012  -52.506  56.576 0.0000000000
44157  -9.309  -52.419  60.763 0.0000000000
58990  -36.681  -39.856  51.745 0.0000000000
58991  -37.427  -39.032  51.743 0.0000000000
59004  -38.388  -38.844  50.090 0.0000000000
60182  -38.588  -38.463  48.539 0.0000000000
56601  -36.357  -41.147  49.164 0.0000000000
57799  -37.052  -40.063  48.707 0.0000000000
59037  -36.787  -39.784  47.406 0.0000000000
59026  -37.021  -39.771  48.083 0.0000000000
59027  -37.571  -39.473  48.425 0.0000000000
60181  -38.063  -38.795  48.169 0.0000000000
61416  -38.678  -37.610  45.720 0.0000000000
61429  -39.161  -37.134  45.239 0.0000000000
61427  -38.052  -37.775  44.374 0.0000000000
61428  -38.929  -37.211  44.553 0.0000000000
62613  -38.663  -36.638  42.602 0.0000000000
45429  -18.697  -51.716  53.551 0.0000000000
45430  -19.649  -51.803  53.606 0.0000000000
45431  -20.539  -51.895  53.720 0.0000000000
45432  -21.343  -52.074  53.901 0.0000000000
46566  -19.711  -51.078  50.088 0.0000000000
45514  -19.995  -51.141  50.018 0.0000000000
45515  -20.606  -51.275  49.872 0.0000000000
45433  -22.028  -52.418  54.135 0.0000000000
43055  -23.609  -54.079  54.141 0.0000000000
41774  -24.146  -54.568  54.236 0.0000000000
41775  -24.661  -54.948  54.332 0.0000000000
40515  -25.253  -55.298  54.506 0.0000000000
40516  -25.901  -55.511  54.242 0.0000000000
59070  -24.117  -39.871  43.991 0.0000000000
56633  -24.784  -41.152  45.220 0.0000000000
56634  -25.149  -41.538  45.851 0.0000000000
55528  -25.618  -42.072  46.775 0.0000000000
60236  -26.173  -38.956  44.475 0.0000000000
60219  -25.738  -39.132  45.013 0.0000000000
59057  -26.204  -39.454  45.506 0.0000000000
59043  -25.836  -39.857  46.129 0.0000000000
57805  -25.968  -40.774  46.964 0.0000000000
56609  -25.985  -41.282  47.358 0.0000000000
56623  -25.909  -41.714  47.315 0.0000000000
55500  -26.626  -42.579  48.542 0.0000000000
55501  -27.128  -42.594  49.282 0.0000000000
57779  -27.178  -41.212  48.877 0.0000000000
56596  -27.493  -41.895  49.370 0.0000000000
55470  -28.059  -42.822  52.099 0.0000000000
55459  -28.493  -42.790  53.083 0.0000000000
56560  -28.478  -42.337  52.073 0.0000000000
56561  -28.830  -41.970  52.084 0.0000000000
56562  -29.488  -41.899  52.231 0.0000000000
56585  -29.570  -41.775  50.065 0.0000000000
56553  -30.093  -42.036  53.500 0.0000000000
55450  -30.446  -42.519  54.201 0.0000000000
55451  -31.628  -42.933  54.357 0.0000000000
55515  -31.054  -42.620  48.824 0.0000000000
54339  -31.645  -43.047  49.791 0.0000000000
54328  -32.555  -43.527  50.586 0.0000000000
54316  -31.989  -43.224  51.470 0.0000000000
54299  -32.251  -43.205  53.286 0.0000000000
54289  -32.490  -43.115  53.919 0.0000000000
55440  -32.881  -42.476  55.741 0.0000000000
56554  -34.034  -41.804  53.580 0.0000000000
56545  -34.653  -40.873  54.091 0.0000000000
48811  -14.359  -49.275  48.819 0.0000000000
47629  -15.496  -49.899  49.991 0.0000000000
47648  -15.953  -49.605  49.226 0.0000000000
70496  -41.357  -30.084  49.373 0.0000000000
70543  -41.219  -30.238  47.175 0.0000000000
71670  -42.143  -29.616  47.946 0.0000000000
71650  -42.827  -29.259  49.073 0.0000000000
71725  -41.748  -29.829  44.620 0.0000000000
72887  -42.278  -29.521  44.806 0.0000000000
71706  -42.698  -29.224  45.636 0.0000000000
72844  -43.461  -28.631  46.850 0.0000000000
72845  -44.237  -28.037  47.308 0.0000000000
71895  -46.602  -28.384  33.651 0.0000000000
71869  -47.896  -28.722  34.065 0.0000000000
73009  -47.952  -28.228  33.871 0.0000000000
71871  -49.396  -28.529  34.712 0.0000000000
71849  -50.055  -28.182  35.854 0.0000000000
72981  -50.501  -27.372  36.868 0.0000000000
74069  -51.691  -26.624  39.419 0.0000000000
74056  -52.285  -26.922  40.208 0.0000000000
75311  -51.066  -25.433  34.607 0.0000000000
74118  -51.651  -25.812  36.596 0.0000000000
75283  -52.326  -24.976  37.151 0.0000000000
75262  -52.078  -25.445  37.258 0.0000000000
75241  -52.241  -25.731  38.038 0.0000000000
75218  -52.396  -26.194  38.869 0.0000000000
38047  -0.520  -57.195  54.943 0.0000000000
66005  -37.833  -33.860  37.081 0.0000000000
66006  -38.765  -34.179  37.285 0.0000000000
66026  -38.573  -34.217  36.364 0.0000000000
66027  -39.651  -34.352  36.598 0.0000000000
66042  -39.346  -33.914  35.431 0.0000000000
66043  -40.350  -33.963  35.787 0.0000000000
66044  -41.344  -33.934  35.962 0.0000000000
67225  -42.475  -33.378  35.505 0.0000000000
67244  -42.360  -32.825  34.815 0.0000000000
68416  -41.233  -32.330  33.766 0.0000000000
68399  -43.289  -32.571  34.913 0.0000000000
68418  -43.620  -31.725  34.319 0.0000000000
69610  -43.917  -30.787  33.716 0.0000000000
70750  -42.359  -30.363  32.561 0.0000000000
70729  -43.985  -30.340  33.443 0.0000000000
69611  -44.823  -30.610  34.126 0.0000000000
70731  -45.310  -29.775  33.852 0.0000000000
70753  -45.280  -29.042  33.481 0.0000000000
71893  -44.904  -28.758  32.992 0.0000000000
71931  -43.591  -28.380  31.519 0.0000000000
71913  -44.603  -28.348  32.302 0.0000000000
71894  -45.675  -28.362  33.179 0.0000000000
73033  -46.340  -27.813  33.033 0.0000000000
73053  -46.352  -27.340  32.424 0.0000000000
74190  -46.824  -26.835  32.059 0.0000000000
74218  -44.946  -26.821  30.076 0.0000000000
74220  -46.232  -26.538  30.691 0.0000000000
74210  -47.139  -26.412  31.749 0.0000000000
75360  -47.464  -25.870  31.362 0.0000000000
76509  -47.980  -24.974  30.737 0.0000000000
77693  -44.303  -23.787  29.562 0.0000000000
76528  -45.995  -24.478  29.434 0.0000000000
76515  -47.838  -24.690  30.046 0.0000000000
76516  -48.335  -24.377  30.267 0.0000000000
77681  -48.803  -23.910  30.393 0.0000000000
77682  -49.264  -23.409  30.470 0.0000000000
78850  -48.969  -22.827  29.816 0.0000000000
78836  -46.637  -22.122  30.006 0.0000000000
79924  -48.560  -22.224  29.609 0.0000000000
79912  -49.284  -21.736  29.711 0.0000000000
79913  -50.327  -21.016  30.125 0.0000000000
81012  -49.359  -20.190  29.864 0.0000000000
82036  -50.021  -19.725  30.208 0.0000000000
80998  -48.202  -19.757  29.948 0.0000000000
83030  -46.127  -19.302  30.447 0.0000000000
83049  -45.702  -18.877  30.300 0.0000000000
83047  -44.369  -19.350  30.259 0.0000000000
83048  -44.808  -18.989  30.226 0.0000000000
44224  -7.771  -52.980  55.445 0.0000000000
44237  -7.008  -53.023  54.803 0.0000000000
43010  -7.407  -53.626  57.015 0.0000000000
43025  -7.393  -53.472  56.229 0.0000000000
43054  -6.611  -53.461  54.921 0.0000000000
43039  -6.329  -53.843  55.349 0.0000000000
41748  -5.742  -54.229  55.459 0.0000000000
41747  -5.134  -54.621  55.589 0.0000000000
42982  -6.483  -53.713  61.059 0.0000000000
42995  -6.068  -54.286  59.646 0.0000000000
42987  -5.192  -54.280  60.850 0.0000000000
42988  -5.767  -54.160  60.405 0.0000000000
41707  -5.993  -54.562  59.008 0.0000000000
41718  -5.464  -54.782  58.396 0.0000000000
41735  -5.015  -54.866  56.593 0.0000000000
40483  -4.446  -55.114  55.740 0.0000000000
40482  -3.671  -55.636  55.964 0.0000000000
40461  -3.043  -55.909  57.289 0.0000000000
40481  -3.127  -55.879  56.539 0.0000000000
39287  -0.099  -57.344  56.224 0.0000000000
39260  -0.021  -57.574  57.731 0.0000000000
68166  -41.529  -32.398  52.173 0.0000000000
69303  -40.923  -31.864  51.850 0.0000000000
61279  -37.717  -37.995  54.328 0.0000000000
61329  -37.999  -37.605  52.446 0.0000000000
62519  -39.062  -36.503  50.188 0.0000000000
62505  -39.019  -36.136  50.698 0.0000000000
63632  -39.837  -35.294  49.030 0.0000000000
63625  -39.441  -35.250  50.061 0.0000000000
64738  -39.513  -34.552  52.569 0.0000000000
65857  -39.891  -33.665  52.436 0.0000000000
67030  -39.916  -32.871  51.937 0.0000000000
67038  -39.714  -32.426  51.277 0.0000000000
68193  -39.995  -31.987  51.551 0.0000000000
68192  -39.919  -31.687  51.048 0.0000000000
69349  -39.997  -31.470  50.682 0.0000000000
69376  -40.185  -30.866  48.701 0.0000000000
70507  -39.955  -30.990  47.899 0.0000000000
69401  -39.108  -31.621  46.137 0.0000000000
70540  -39.408  -31.171  45.731 0.0000000000
70552  -39.062  -31.059  44.856 0.0000000000
71722  -39.002  -30.628  44.042 0.0000000000
71782  -37.889  -30.398  42.043 0.0000000000
67100  -36.920  -32.258  44.064 0.0000000000
69449  -36.212  -31.219  42.487 0.0000000000
70625  -34.971  -30.661  40.994 0.0000000000
70626  -35.753  -30.519  41.174 0.0000000000
70627  -36.446  -30.645  41.760 0.0000000000
71781  -36.856  -30.453  41.688 0.0000000000
71795  -37.358  -30.344  41.342 0.0000000000
71796  -38.001  -30.381  41.702 0.0000000000
70664  -38.063  -30.715  40.067 0.0000000000
69522  -37.607  -31.010  39.431 0.0000000000
70677  -36.416  -30.383  38.977 0.0000000000
69545  -37.168  -31.382  38.756 0.0000000000
69546  -37.885  -31.577  39.053 0.0000000000
68348  -37.605  -32.221  38.490 0.0000000000
67189  -37.151  -32.889  37.664 0.0000000000
63761  -36.609  -35.392  39.378 0.0000000000
65988  -35.177  -34.041  38.831 0.0000000000
65987  -34.407  -33.382  38.910 0.0000000000
67168  -33.770  -32.842  38.911 0.0000000000
67166  -32.652  -32.140  38.097 0.0000000000
67167  -33.155  -32.300  38.591 0.0000000000
68346  -32.533  -31.695  38.099 0.0000000000
70688  -32.530  -30.802  37.456 0.0000000000
70687  -31.947  -30.853  36.968 0.0000000000
69579  -34.430  -31.394  36.901 0.0000000000
69592  -33.020  -31.426  35.849 0.0000000000
68385  -34.151  -31.958  36.127 0.0000000000
68386  -35.277  -31.976  36.934 0.0000000000
68387  -35.792  -32.365  37.028 0.0000000000
67209  -37.053  -33.583  36.795 0.0000000000
45363  -18.955  -52.191  56.195 0.0000000000
45364  -19.790  -52.272  56.146 0.0000000000
44212  -22.561  -52.942  56.296 0.0000000000
44197  -22.473  -53.146  57.541 0.0000000000
46628  -22.501  -51.170  47.186 0.0000000000
45518  -23.887  -52.373  49.125 0.0000000000
44309  -24.128  -52.785  49.780 0.0000000000
43115  -24.639  -53.292  50.178 0.0000000000
43083  -24.814  -54.160  51.300 0.0000000000
43104  -25.971  -53.884  50.670 0.0000000000
41853  -25.743  -54.239  51.107 0.0000000000
41811  -25.401  -54.899  52.259 0.0000000000
40553  -25.763  -55.200  52.758 0.0000000000
40554  -26.300  -55.293  52.950 0.0000000000
40537  -27.027  -55.233  53.557 0.0000000000
52232  -26.633  -45.370  44.639 0.0000000000
52219  -26.733  -45.040  45.851 0.0000000000
51106  -26.983  -46.065  45.272 0.0000000000
48872  -27.703  -48.092  46.401 0.0000000000
47685  -27.796  -49.399  47.599 0.0000000000
53248  -27.215  -44.518  48.283 0.0000000000
51058  -28.116  -45.954  48.357 0.0000000000
49972  -28.437  -47.162  48.473 0.0000000000
49958  -28.517  -47.321  49.277 0.0000000000
48842  -28.074  -48.792  48.531 0.0000000000
47672  -27.822  -49.784  48.480 0.0000000000
46592  -27.451  -51.144  49.378 0.0000000000
45473  -27.309  -52.052  50.931 0.0000000000
44276  -27.404  -52.965  51.655 0.0000000000
40499  -27.945  -54.958  54.966 0.0000000000
41740  -28.441  -54.741  55.360 0.0000000000
40478  -28.515  -55.232  55.815 0.0000000000
45390  -28.294  -50.924  54.439 0.0000000000
45419  -8.858  -52.158  52.922 0.0000000000
46585  -11.891  -50.720  49.591 0.0000000000
46555  -9.381  -51.297  49.930 0.0000000000
45465  -10.154  -51.735  51.298 0.0000000000
45311  -14.472  -51.645  59.439 0.0000000000
65989  -39.003  -33.727  38.083 0.0000000000
67172  -40.513  -33.414  38.989 0.0000000000
65992  -42.171  -33.878  38.297 0.0000000000
67151  -41.952  -32.916  39.523 0.0000000000
68329  -42.351  -32.312  39.966 0.0000000000
68309  -42.773  -31.848  40.523 0.0000000000
69501  -43.164  -31.471  41.163 0.0000000000
67193  -45.219  -32.814  37.613 0.0000000000
67177  -44.773  -32.767  38.279 0.0000000000
68351  -44.683  -32.528  38.713 0.0000000000
69526  -46.361  -31.272  39.696 0.0000000000
68312  -45.478  -31.643  40.147 0.0000000000
68311  -44.888  -31.801  40.259 0.0000000000
69475  -44.693  -31.081  42.103 0.0000000000
70634  -44.294  -30.723  42.647 0.0000000000
70587  -45.270  -30.071  43.534 0.0000000000
70589  -47.242  -29.472  43.412 0.0000000000
71731  -46.954  -28.571  44.540 0.0000000000
70734  -48.478  -29.321  34.651 0.0000000000
70693  -49.020  -29.254  37.550 0.0000000000
72967  -49.721  -27.985  38.384 0.0000000000
70681  -48.737  -29.363  38.247 0.0000000000
72915  -49.856  -28.327  42.244 0.0000000000
71772  -49.299  -28.577  42.086 0.0000000000
72907  -49.641  -28.575  43.437 0.0000000000
82024  -49.305  -19.137  30.219 0.0000000000
83034  -49.538  -18.259  30.506 0.0000000000
84069  -46.778  -17.659  29.926 0.0000000000
84052  -47.702  -17.779  30.289 0.0000000000
84053  -48.658  -17.632  30.455 0.0000000000
84054  -49.686  -17.421  30.652 0.0000000000
85160  -49.929  -16.682  30.541 0.0000000000
84089  -46.752  -17.311  28.461 0.0000000000
86316  -48.023  -16.424  28.994 0.0000000000
85174  -49.045  -16.492  30.038 0.0000000000
86284  -50.554  -16.073  30.473 0.0000000000
86285  -51.326  -15.738  30.826 0.0000000000
86298  -51.664  -15.314  30.527 0.0000000000
87362  -51.668  -15.113  30.049 0.0000000000
86319  -50.623  -15.646  28.167 0.0000000000
87373  -51.325  -15.243  29.418 0.0000000000
87363  -52.236  -14.945  30.339 0.0000000000
87364  -52.923  -14.800  30.267 0.0000000000
83104  -50.542  -17.886  25.944 0.0000000000
84114  -50.707  -17.342  26.231 0.0000000000
85214  -51.480  -16.009  26.168 0.0000000000
86337  -51.642  -15.454  26.659 0.0000000000
86338  -52.427  -14.959  26.330 0.0000000000
87405  -52.397  -14.687  26.891 0.0000000000
88405  -53.259  -14.078  27.766 0.0000000000
85234  -56.919  -16.318  24.430 0.0000000000
40402  -3.263  -55.714  59.526 0.0000000000
40418  -2.297  -56.186  59.024 0.0000000000
40536  -26.358  -55.421  53.626 0.0000000000
40555  -26.706  -55.256  53.167 0.0000000000
41692  -5.099  -54.574  60.236 0.0000000000
41722  -24.191  -55.098  57.997 0.0000000000
41726  -5.625  -54.730  57.443 0.0000000000
41727  -6.303  -54.378  57.381 0.0000000000
41754  -24.333  -54.725  54.766 0.0000000000
41756  -25.220  -55.332  55.472 0.0000000000
41766  -5.805  -53.917  54.823 0.0000000000
41793  -24.608  -54.822  53.265 0.0000000000
41812  -26.255  -55.027  52.255 0.0000000000
41828  -24.735  -54.285  51.562 0.0000000000
41829  -25.245  -54.386  51.404 0.0000000000
41852  -25.508  -54.102  50.989 0.0000000000
42983  -6.978  -53.579  60.626 0.0000000000
43005  -23.388  -54.102  57.951 0.0000000000
43009  -6.841  -53.953  57.260 0.0000000000
43023  -6.194  -54.121  56.050 0.0000000000
43040  -6.996  -53.493  55.512 0.0000000000
43056  -28.143  -53.188  54.290 0.0000000000
43101  -23.598  -53.092  50.965 0.0000000000
43103  -24.984  -53.897  50.803 0.0000000000
43105  -26.627  -53.730  50.795 0.0000000000
43114  -24.211  -53.070  50.224 0.0000000000
44138  -6.993  -53.297  61.623 0.0000000000
44147  -9.382  -52.305  61.399 0.0000000000
44167  -8.571  -52.837  59.198 0.0000000000
44179  -7.946  -53.261  57.606 0.0000000000
44194  -9.180  -52.448  57.634 0.0000000000
44208  -7.738  -53.157  56.086 0.0000000000
44223  -7.300  -53.207  55.372 0.0000000000
44236  -6.541  -53.272  54.569 0.0000000000
44294  -23.915  -52.911  50.263 0.0000000000
44323  -24.545  -52.651  49.118 0.0000000000
44325  -25.991  -52.533  48.757 0.0000000000
45389  -22.076  -52.631  55.447 0.0000000000
45412  -27.877  -51.289  53.865 0.0000000000
45492  -18.286  -50.975  51.123 0.0000000000
45494  -19.812  -51.326  50.668 0.0000000000
45535  -27.214  -51.455  48.358 0.0000000000
45566  -26.811  -51.026  46.959 0.0000000000
46612  -21.963  -51.321  47.901 0.0000000000
46630  -24.365  -51.219  46.530 0.0000000000
46631  -27.137  -50.894  47.214 0.0000000000
46667  -25.788  -50.218  45.488 0.0000000000
47548  -28.288  -48.997  55.167 0.0000000000
47579  -27.843  -49.457  54.398 0.0000000000
47593  -27.596  -49.636  53.736 0.0000000000
47696  -26.748  -49.708  45.843 0.0000000000
48865  -28.309  -47.698  48.121 0.0000000000
49995  -28.238  -47.433  47.872 0.0000000000
51059  -28.299  -46.343  48.469 0.0000000000
51090  -27.586  -46.198  46.788 0.0000000000
51107  -27.322  -46.668  45.846 0.0000000000
52134  -28.431  -45.990  50.327 0.0000000000
52180  -27.854  -45.435  48.542 0.0000000000
52181  -28.174  -45.894  48.593 0.0000000000
53260  -26.767  -44.448  47.382 0.0000000000
53275  -26.500  -44.367  46.677 0.0000000000
53288  -26.262  -44.209  45.879 0.0000000000
54290  -33.081  -42.966  53.920 0.0000000000
54309  -32.922  -43.400  52.434 0.0000000000
54341  -33.030  -43.745  49.655 0.0000000000
54355  -31.476  -42.946  49.145 0.0000000000
54371  -26.326  -43.696  47.289 0.0000000000
54395  -33.873  -43.515  46.953 0.0000000000
54407  -25.641  -43.188  45.170 0.0000000000
54421  -25.864  -43.963  44.392 0.0000000000
55471  -30.866  -42.337  52.462 0.0000000000
55473  -34.071  -42.478  52.569 0.0000000000
55491  -31.247  -42.641  50.580 0.0000000000
55502  -30.715  -42.274  49.384 0.0000000000
55513  -26.237  -42.885  47.898 0.0000000000
55530  -30.614  -42.437  48.312 0.0000000000
55531  -31.185  -42.894  47.944 0.0000000000
55542  -25.489  -42.231  46.365 0.0000000000
55546  -32.042  -43.397  46.468 0.0000000000
55557  -25.636  -43.088  45.636 0.0000000000
56574  -29.321  -41.835  51.092 0.0000000000
56576  -30.828  -42.237  51.398 0.0000000000
56588  -35.101  -42.084  50.909 0.0000000000
56599  -30.585  -42.118  49.928 0.0000000000
56611  -29.602  -41.725  48.671 0.0000000000
57757  -28.770  -41.851  50.644 0.0000000000
57768  -28.567  -41.818  50.209 0.0000000000
57829  -25.022  -40.174  45.573 0.0000000000
57831  -28.157  -40.107  45.368 0.0000000000
59033  -26.892  -40.039  46.773 0.0000000000
59034  -27.220  -40.045  46.673 0.0000000000
59045  -27.149  -39.876  46.256 0.0000000000
59056  -25.422  -39.697  45.541 0.0000000000
59090  -27.889  -39.816  43.229 0.0000000000
60220  -26.201  -39.131  44.990 0.0000000000
61298  -37.671  -37.723  53.733 0.0000000000
62506  -39.189  -35.948  50.196 0.0000000000
63624  -39.182  -35.670  50.485 0.0000000000
63640  -40.199  -35.080  47.679 0.0000000000
63650  -40.170  -35.236  47.392 0.0000000000
63661  -40.137  -35.502  46.744 0.0000000000
63716  -38.695  -35.480  42.561 0.0000000000
64750  -39.498  -34.334  50.192 0.0000000000
64778  -40.140  -34.586  46.995 0.0000000000
64807  -39.255  -34.917  44.054 0.0000000000
64885  -40.364  -34.493  37.026 0.0000000000
64897  -39.892  -34.477  37.042 0.0000000000
64898  -40.116  -34.472  36.897 0.0000000000
65878  -39.551  -33.613  49.711 0.0000000000
65908  -38.651  -33.194  45.527 0.0000000000
65932  -36.977  -33.095  43.477 0.0000000000
65991  -41.128  -34.073  38.344 0.0000000000
65994  -43.494  -33.406  38.218 0.0000000000
66012  -44.086  -33.420  37.360 0.0000000000
66032  -43.911  -33.536  37.193 0.0000000000
66045  -41.988  -33.930  36.141 0.0000000000
67031  -40.079  -32.521  51.888 0.0000000000
67039  -39.942  -32.389  51.721 0.0000000000
67054  -39.365  -32.948  49.340 0.0000000000
67068  -39.059  -32.435  46.974 0.0000000000
67069  -39.217  -32.597  47.715 0.0000000000
67088  -38.399  -32.661  45.637 0.0000000000
67101  -37.287  -32.475  44.407 0.0000000000
67126  -34.745  -31.986  41.274 0.0000000000
67149  -40.073  -32.835  39.520 0.0000000000
67153  -43.647  -32.623  39.160 0.0000000000
67191  -43.827  -33.237  38.208 0.0000000000
67210  -42.793  -33.684  36.058 0.0000000000
67213  -45.630  -32.713  36.589 0.0000000000
67222  -39.569  -33.582  34.947 0.0000000000
67224  -41.100  -33.461  35.217 0.0000000000
68163  -40.425  -32.274  51.963 0.0000000000
68164  -40.680  -32.327  52.105 0.0000000000
68180  -42.058  -32.090  51.839 0.0000000000
68223  -38.965  -32.022  46.485 0.0000000000
68257  -36.916  -31.818  43.983 0.0000000000
68266  -36.328  -31.836  43.242 0.0000000000
68276  -35.624  -31.716  42.279 0.0000000000
68304  -33.794  -31.042  39.983 0.0000000000
68332  -45.632  -31.788  39.503 0.0000000000
68333  -46.222  -31.525  39.174 0.0000000000
68347  -32.926  -31.678  38.699 0.0000000000
68367  -35.603  -31.819  37.351 0.0000000000
68384  -33.633  -31.736  36.032 0.0000000000
68388  -45.962  -32.487  36.060 0.0000000000
68398  -42.671  -32.760  34.867 0.0000000000
68403  -47.320  -31.072  35.704 0.0000000000
68419  -44.424  -31.308  34.356 0.0000000000
69302  -40.523  -31.934  51.779 0.0000000000
69304  -41.420  -32.141  52.051 0.0000000000
69337  -40.013  -31.477  50.950 0.0000000000
69338  -40.252  -31.429  51.044 0.0000000000
69362  -40.215  -30.946  49.457 0.0000000000
69400  -38.777  -31.723  45.725 0.0000000000
69432  -36.396  -31.304  42.868 0.0000000000
69433  -36.752  -31.264  43.292 0.0000000000
69450  -36.644  -30.919  42.611 0.0000000000
69451  -44.929  -30.847  42.452 0.0000000000
69468  -34.856  -30.950  41.130 0.0000000000
69469  -35.443  -31.082  41.613 0.0000000000
69470  -40.005  -31.071  41.292 0.0000000000
69478  -47.219  -30.399  41.529 0.0000000000
69525  -45.768  -31.525  40.033 0.0000000000
69542  -33.142  -30.598  38.786 0.0000000000
69544  -36.588  -30.953  38.591 0.0000000000
69595  -47.057  -30.935  35.155 0.0000000000
69596  -47.765  -30.524  35.354 0.0000000000
69614  -47.310  -30.471  34.947 0.0000000000
69626  -41.754  -30.893  32.660 0.0000000000
70508  -40.472  -30.640  48.190 0.0000000000
70527  -41.459  -30.076  47.780 0.0000000000
70542  -40.795  -30.442  46.589 0.0000000000
70553  -39.839  -30.765  45.290 0.0000000000
70565  -37.985  -30.773  43.956 0.0000000000
70566  -38.773  -30.741  44.176 0.0000000000
70567  -39.337  -30.812  44.652 0.0000000000
70586  -38.289  -30.624  43.698 0.0000000000
70603  -36.255  -30.837  41.961 0.0000000000
70605  -37.382  -30.603  42.789 0.0000000000
70609  -44.009  -30.441  43.067 0.0000000000
70610  -44.844  -30.595  42.810 0.0000000000
70630  -40.882  -30.830  42.180 0.0000000000
70635  -46.370  -30.690  42.032 0.0000000000
70644  -34.225  -30.281  39.989 0.0000000000
70665  -47.764  -30.120  40.302 0.0000000000
70716  -48.039  -30.170  35.132 0.0000000000
70730  -44.364  -30.159  33.587 0.0000000000
70749  -41.879  -30.477  32.449 0.0000000000
70752  -44.598  -29.470  33.299 0.0000000000
71684  -41.102  -30.255  46.266 0.0000000000
71703  -40.121  -30.614  45.048 0.0000000000
71726  -42.188  -29.648  44.559 0.0000000000
71744  -38.057  -30.479  43.095 0.0000000000
71754  -47.689  -28.931  43.908 0.0000000000
71761  -37.174  -30.512  42.185 0.0000000000
71767  -42.808  -29.981  43.737 0.0000000000
71770  -48.140  -29.106  43.258 0.0000000000
71771  -48.704  -28.955  42.669 0.0000000000
71793  -35.988  -30.096  40.610 0.0000000000
71798  -49.378  -28.374  40.512 0.0000000000
71822  -50.095  -27.777  37.132 0.0000000000
71848  -49.795  -28.421  35.259 0.0000000000
71870  -48.870  -28.647  34.383 0.0000000000
71896  -47.232  -28.468  33.878 0.0000000000
71914  -45.142  -28.297  32.752 0.0000000000
71932  -44.102  -28.292  31.858 0.0000000000
72870  -42.403  -29.397  45.122 0.0000000000
72889  -43.552  -29.099  45.083 0.0000000000
72903  -42.911  -29.440  44.665 0.0000000000
72918  -51.855  -28.326  41.578 0.0000000000
72927  -51.367  -27.755  41.362 0.0000000000
72929  -52.593  -27.509  40.477 0.0000000000
72935  -49.962  -27.781  40.678 0.0000000000
72936  -50.584  -27.385  40.754 0.0000000000
72994  -50.067  -28.019  34.997 0.0000000000
73032  -45.809  -27.978  32.906 0.0000000000
73052  -45.470  -27.846  32.342 0.0000000000
74046  -51.365  -27.217  40.990 0.0000000000
74054  -51.130  -27.107  40.850 0.0000000000
74145  -50.555  -26.226  34.286 0.0000000000
74168  -49.615  -26.213  33.518 0.0000000000
74189  -46.069  -27.090  31.781 0.0000000000
74191  -47.565  -26.366  32.318 0.0000000000
74209  -46.666  -26.529  31.229 0.0000000000
74219  -45.737  -26.521  30.249 0.0000000000
74232  -45.265  -26.380  29.855 0.0000000000
75198  -52.339  -26.600  39.673 0.0000000000
75263  -52.587  -25.052  37.698 0.0000000000
75282  -52.036  -25.036  36.617 0.0000000000
75299  -51.337  -25.620  35.224 0.0000000000
75329  -48.633  -25.775  32.986 0.0000000000
75350  -47.750  -25.937  32.073 0.0000000000
75359  -46.902  -26.160  30.987 0.0000000000
75381  -47.318  -24.743  29.790 0.0000000000
76446  -53.168  -24.569  38.081 0.0000000000
76458  -52.200  -24.653  36.520 0.0000000000
76473  -50.886  -24.715  34.062 0.0000000000
76502  -49.384  -24.124  32.220 0.0000000000
76510  -48.652  -24.469  31.018 0.0000000000
76531  -48.078  -24.262  29.901 0.0000000000
77626  -52.527  -23.255  36.153 0.0000000000
77650  -51.186  -23.345  33.886 0.0000000000
77669  -49.109  -23.864  30.942 0.0000000000
77671  -49.971  -23.148  31.869 0.0000000000
77680  -46.104  -22.757  29.901 0.0000000000
77696  -47.444  -23.485  29.532 0.0000000000
77698  -48.887  -23.481  30.062 0.0000000000
78816  -50.617  -22.588  32.613 0.0000000000
78837  -49.792  -22.770  30.548 0.0000000000
78848  -47.144  -22.587  29.632 0.0000000000
79893  -44.883  -20.909  30.967 0.0000000000
79895  -45.881  -21.076  30.902 0.0000000000
79910  -47.185  -21.710  29.929 0.0000000000
79923  -47.816  -22.166  29.587 0.0000000000
79925  -48.973  -22.265  29.660 0.0000000000
80994  -44.912  -20.527  30.959 0.0000000000
80999  -48.788  -19.467  29.977 0.0000000000
81009  -46.863  -21.193  30.299 0.0000000000
82019  -45.229  -20.107  30.940 0.0000000000
82022  -47.403  -19.338  30.266 0.0000000000
82037  -50.425  -19.906  30.432 0.0000000000
84051  -46.981  -18.204  30.168 0.0000000000
84070  -47.597  -17.313  30.069 0.0000000000
84086  -45.388  -17.629  29.045 0.0000000000
84087  -45.846  -17.370  28.852 0.0000000000
84088  -46.204  -17.354  28.580 0.0000000000
85159  -48.839  -17.041  30.371 0.0000000000
85175  -49.859  -16.273  30.171 0.0000000000
85181  -46.337  -17.233  29.139 0.0000000000
85182  -47.028  -17.022  29.261 0.0000000000
86296  -50.269  -15.896  29.966 0.0000000000
86297  -51.038  -15.527  30.170 0.0000000000
86305  -48.297  -16.392  29.235 0.0000000000
86306  -49.097  -16.239  29.354 0.0000000000
86308  -50.657  -15.626  29.634 0.0000000000
86326  -48.753  -16.509  28.304 0.0000000000
87375  -52.697  -14.608  29.745 0.0000000000
87384  -50.373  -15.693  28.918 0.0000000000
87385  -50.949  -15.428  28.565 0.0000000000
87387  -52.813  -14.353  28.124 0.0000000000
87396  -51.636  -15.111  27.702 0.0000000000
87419  -53.640  -14.563  24.829 0.0000000000
88388  -52.634  -14.542  29.417 0.0000000000
88395  -52.618  -14.489  29.084 0.0000000000
88396  -53.050  -14.248  28.530 0.0000000000
88413  -53.174  -14.043  26.989 0.0000000000
88414  -53.768  -13.846  26.608 0.0000000000
88415  -54.328  -13.810  26.547 0.0000000000
