#!ascii label  , from subject mmSR20151113 vox2ras=TkReg
1678
101815  -39.672  -0.143  23.243 0.0000000000
98717  -52.003  -3.181  11.212 0.0000000000
108056  -45.936  6.820  31.221 0.0000000000
96409  -48.220  -5.171  18.325 0.0000000000
97419  -48.479  -4.500  27.969 0.0000000000
106253  -46.738  3.854  15.723 0.0000000000
112024  -47.861  10.273  21.174 0.0000000000
119153  -41.622  19.377  16.716 0.0000000000
100756  -38.958  -1.827  29.773 0.0000000000
98622  -44.158  -3.559  20.094 0.0000000000
101879  -45.684  -0.778  15.976 0.0000000000
104288  -42.760  2.025  19.309 0.0000000000
115887  -47.890  15.233  31.181 0.0000000000
110006  -49.663  8.340  27.664 0.0000000000
113678  -44.847  11.875  26.322 0.0000000000
114447  -41.828  13.325  20.514 0.0000000000
117506  -46.217  17.742  22.003 0.0000000000
102788  -50.819  0.814  8.561 0.0000000000
105140  -36.100  3.707  28.242 0.0000000000
107146  -41.273  5.202  25.820 0.0000000000
100817  -51.727  -0.932  21.938 0.0000000000
97458  -49.166  -4.449  23.747 0.0000000000
95318  -43.160  -6.467  23.491 0.0000000000
96294  -41.844  -5.127  27.473 0.0000000000
103532  -49.732  0.794  11.895 0.0000000000
107263  -50.199  6.084  10.742 0.0000000000
106201  -46.476  4.648  23.523 0.0000000000
108204  -50.261  7.268  18.741 0.0000000000
111095  -50.872  10.178  14.415 0.0000000000
115230  -47.508  14.202  15.671 0.0000000000
116812  -41.698  16.600  12.595 0.0000000000
99723  -41.036  -2.299  20.991 0.0000000000
101843  -42.816  -0.503  19.278 0.0000000000
102684  -41.216  0.469  21.574 0.0000000000
115911  -46.458  15.708  27.808 0.0000000000
114407  -47.199  13.601  28.003 0.0000000000
115917  -46.404  15.514  25.725 0.0000000000
115171  -44.724  14.710  24.524 0.0000000000
99839  -51.592  -1.876  9.328 0.0000000000
108065  -34.555  6.045  30.455 0.0000000000
107085  -37.310  5.083  31.341 0.0000000000
97440  -48.856  -4.506  25.736 0.0000000000
96333  -46.120  -5.667  24.190 0.0000000000
96314  -46.370  -5.974  26.141 0.0000000000
98571  -40.623  -3.435  28.347 0.0000000000
97435  -35.433  -4.108  25.573 0.0000000000
102663  -34.269  0.312  26.257 0.0000000000
100777  -32.031  -1.544  27.424 0.0000000000
98674  -48.850  -3.814  16.558 0.0000000000
104316  -46.087  2.223  15.895 0.0000000000
102733  -46.741  0.376  13.790 0.0000000000
105238  -47.118  3.068  12.806 0.0000000000
105255  -50.053  3.638  10.321 0.0000000000
107243  -48.054  5.279  13.551 0.0000000000
108108  -43.769  6.352  29.124 0.0000000000
106178  -44.146  4.421  25.185 0.0000000000
108124  -46.308  6.444  27.889 0.0000000000
111011  -48.770  8.781  24.155 0.0000000000
109087  -50.522  7.665  23.646 0.0000000000
111050  -50.438  9.236  21.125 0.0000000000
110087  -51.306  8.207  16.439 0.0000000000
112076  -49.973  10.925  17.872 0.0000000000
112997  -49.701  12.225  15.227 0.0000000000
113733  -47.783  12.416  18.140 0.0000000000
117525  -40.724  17.024  19.529 0.0000000000
115973  -41.837  15.221  16.999 0.0000000000
117557  -40.535  17.690  15.206 0.0000000000
118392  -39.628  18.792  12.338 0.0000000000
119177  -40.065  20.046  13.692 0.0000000000
97495  -45.948  -5.010  19.726 0.0000000000
98672  -46.733  -4.115  16.780 0.0000000000
100850  -44.753  -1.747  18.346 0.0000000000
102704  -44.825  0.424  17.566 0.0000000000
105201  -44.656  3.010  17.786 0.0000000000
111948  -47.439  10.308  31.448 0.0000000000
108078  -49.745  6.822  30.343 0.0000000000
111965  -48.442  10.619  30.316 0.0000000000
110995  -46.470  9.557  27.811 0.0000000000
111015  -45.463  9.666  23.326 0.0000000000
112929  -44.462  11.368  20.637 0.0000000000
112008  -42.708  11.278  23.740 0.0000000000
115933  -42.398  15.924  22.886 0.0000000000
118339  -43.499  18.866  19.866 0.0000000000
105266  -48.903  3.613  8.842 0.0000000000
104259  -38.276  2.027  24.745 0.0000000000
104261  -40.555  2.322  24.334 0.0000000000
106166  -38.307  4.885  27.654 0.0000000000
107115  -40.629  4.972  30.163 0.0000000000
108052  -42.841  6.577  31.892 0.0000000000
110958  -42.444  9.213  29.305 0.0000000000
110949  -45.510  9.406  30.969 0.0000000000
98625  -50.467  -2.559  20.678 0.0000000000
98610  -50.413  -2.803  22.540 0.0000000000
97485  -49.043  -4.863  20.788 0.0000000000
96369  -46.061  -5.229  21.631 0.0000000000
96365  -43.339  -5.153  21.661 0.0000000000
98541  -45.993  -3.801  30.311 0.0000000000
99655  -42.114  -1.836  29.489 0.0000000000
98561  -43.786  -3.451  28.986 0.0000000000
96281  -44.632  -5.667  28.320 0.0000000000
95285  -42.922  -6.395  26.529 0.0000000000
100808  -38.290  -1.656  23.682 0.0000000000
99805  -51.673  -2.362  13.053 0.0000000000
99794  -47.435  -2.248  14.749 0.0000000000
101896  -49.812  -0.599  13.216 0.0000000000
101907  -52.422  -0.700  11.659 0.0000000000
103555  -51.916  1.250  9.554 0.0000000000
105263  -50.657  3.655  9.189 0.0000000000
108298  -50.586  6.783  9.235 0.0000000000
104263  -42.994  2.624  23.945 0.0000000000
106204  -44.460  4.061  21.883 0.0000000000
107188  -45.572  5.646  19.849 0.0000000000
108143  -49.118  6.325  25.751 0.0000000000
108159  -48.374  6.285  21.455 0.0000000000
108214  -47.918  6.102  17.587 0.0000000000
108248  -50.706  6.922  14.885 0.0000000000
109180  -51.060  7.684  12.633 0.0000000000
111135  -50.134  9.791  10.338 0.0000000000
114476  -44.526  13.486  17.838 0.0000000000
116003  -44.837  15.692  14.103 0.0000000000
114529  -42.975  14.315  12.244 0.0000000000
115251  -39.528  15.064  12.750 0.0000000000
116800  -38.041  16.441  14.741 0.0000000000
100820  -40.506  -1.602  21.779 0.0000000000
101835  -41.166  -0.398  20.965 0.0000000000
102683  -40.776  0.010  22.064 0.0000000000
115915  -46.348  15.623  26.711 0.0000000000
116731  -46.825  16.515  24.497 0.0000000000
98731  -52.231  -2.253  10.445 0.0000000000
97429  -48.638  -4.487  26.800 0.0000000000
97438  -47.559  -5.352  25.932 0.0000000000
96300  -47.284  -5.468  27.257 0.0000000000
97407  -33.709  -4.083  26.912 0.0000000000
98579  -33.686  -3.229  26.476 0.0000000000
98645  -49.189  -4.144  18.148 0.0000000000
97537  -48.458  -4.308  16.999 0.0000000000
105211  -46.290  3.249  16.118 0.0000000000
104322  -46.324  2.260  14.875 0.0000000000
105222  -46.685  3.239  14.572 0.0000000000
105231  -47.211  3.824  13.186 0.0000000000
106262  -47.167  4.283  14.916 0.0000000000
108095  -44.593  6.386  30.087 0.0000000000
108123  -45.259  6.489  27.921 0.0000000000
108097  -46.571  6.803  29.780 0.0000000000
111023  -47.759  9.500  22.526 0.0000000000
111024  -48.894  9.365  22.626 0.0000000000
112041  -49.338  10.337  20.609 0.0000000000
112058  -50.207  10.040  19.093 0.0000000000
112056  -48.851  10.880  20.011 0.0000000000
112966  -48.655  11.832  18.379 0.0000000000
112950  -47.563  11.639  19.283 0.0000000000
118359  -40.928  18.005  18.406 0.0000000000
117541  -40.584  17.352  17.799 0.0000000000
119152  -40.832  18.912  16.616 0.0000000000
119170  -40.387  19.587  14.365 0.0000000000
119882  -40.910  20.067  15.033 0.0000000000
98623  -44.589  -3.717  20.022 0.0000000000
98644  -45.376  -3.578  18.684 0.0000000000
99733  -44.631  -2.702  19.134 0.0000000000
102690  -42.534  0.547  19.369 0.0000000000
101850  -44.015  -0.395  18.460 0.0000000000
103479  -43.436  1.496  18.535 0.0000000000
104300  -44.475  2.019  17.771 0.0000000000
104290  -43.935  2.282  18.190 0.0000000000
113629  -48.043  12.414  31.586 0.0000000000
111956  -48.466  10.424  30.926 0.0000000000
113636  -49.033  12.576  30.681 0.0000000000
113675  -46.466  12.686  27.141 0.0000000000
112886  -47.007  11.366  28.142 0.0000000000
111993  -45.431  10.445  27.065 0.0000000000
111005  -45.928  8.850  25.890 0.0000000000
112002  -44.441  10.372  26.109 0.0000000000
112010  -43.869  10.245  23.750 0.0000000000
112908  -43.619  11.286  25.303 0.0000000000
116743  -45.223  16.632  22.948 0.0000000000
115926  -43.532  15.654  23.511 0.0000000000
117491  -44.801  17.199  22.498 0.0000000000
117503  -43.133  17.532  21.764 0.0000000000
118329  -45.584  18.865  20.602 0.0000000000
103560  -49.840  1.989  8.533 0.0000000000
106168  -36.848  3.828  26.908 0.0000000000
105145  -37.684  4.022  26.379 0.0000000000
106160  -37.111  4.165  28.740 0.0000000000
108069  -38.758  6.327  31.020 0.0000000000
106137  -38.570  4.611  30.992 0.0000000000
108049  -39.889  5.877  31.429 0.0000000000
107106  -41.590  5.221  31.363 0.0000000000
109015  -41.044  7.210  31.374 0.0000000000
111975  -42.113  10.647  28.222 0.0000000000
110960  -44.482  9.473  30.167 0.0000000000
112871  -44.616  11.350  29.446 0.0000000000
113634  -45.952  12.171  30.612 0.0000000000
114388  -44.774  13.424  30.079 0.0000000000
100829  -51.209  -1.450  20.307 0.0000000000
100822  -51.170  -1.397  21.239 0.0000000000
98604  -50.345  -2.909  23.520 0.0000000000
98603  -49.834  -3.709  23.630 0.0000000000
97476  -49.567  -4.323  21.732 0.0000000000
97464  -48.582  -5.056  22.805 0.0000000000
96371  -47.959  -5.440  21.805 0.0000000000
96360  -47.647  -5.421  22.762 0.0000000000
96331  -44.901  -5.878  23.619 0.0000000000
96344  -45.090  -5.667  23.203 0.0000000000
95326  -43.443  -6.030  22.791 0.0000000000
99653  -40.536  -1.846  29.430 0.0000000000
98559  -41.979  -3.075  28.443 0.0000000000
97395  -42.595  -3.855  28.206 0.0000000000
97397  -44.132  -4.562  28.781 0.0000000000
96295  -42.584  -5.242  27.512 0.0000000000
95275  -43.628  -6.269  27.022 0.0000000000
96311  -42.248  -5.835  27.072 0.0000000000
102670  -36.779  0.344  24.830 0.0000000000
101804  -36.070  -0.602  25.092 0.0000000000
98696  -51.250  -3.529  14.136 0.0000000000
100883  -46.025  -2.002  15.601 0.0000000000
99784  -46.950  -2.807  15.360 0.0000000000
100884  -46.743  -1.720  14.761 0.0000000000
102750  -48.658  0.639  12.463 0.0000000000
101895  -48.887  -0.455  13.215 0.0000000000
101904  -50.121  -0.158  12.702 0.0000000000
101898  -51.389  -0.782  12.913 0.0000000000
102753  -51.348  0.253  11.950 0.0000000000
102765  -52.514  0.182  10.508 0.0000000000
103540  -51.163  1.290  10.815 0.0000000000
106293  -50.294  4.642  10.127 0.0000000000
105256  -50.570  3.602  9.715 0.0000000000
106301  -50.494  4.722  9.557 0.0000000000
106306  -50.468  4.734  9.073 0.0000000000
107271  -50.811  6.378  9.929 0.0000000000
106175  -40.665  4.256  25.199 0.0000000000
104262  -41.799  2.263  23.937 0.0000000000
106176  -42.028  4.409  25.214 0.0000000000
106189  -45.459  4.146  24.389 0.0000000000
105169  -44.886  3.673  23.458 0.0000000000
106206  -45.662  4.551  22.619 0.0000000000
107187  -44.687  5.118  19.998 0.0000000000
107167  -46.128  5.050  22.225 0.0000000000
109075  -50.853  7.338  29.024 0.0000000000
108127  -49.239  6.472  27.721 0.0000000000
108129  -50.590  6.914  27.157 0.0000000000
108175  -50.344  7.408  20.713 0.0000000000
108156  -49.942  6.936  22.393 0.0000000000
108189  -49.444  6.971  19.604 0.0000000000
108188  -48.382  6.610  19.358 0.0000000000
108203  -49.123  6.765  18.491 0.0000000000
108226  -48.980  6.279  16.243 0.0000000000
108228  -50.663  7.020  16.932 0.0000000000
111096  -51.125  9.109  14.931 0.0000000000
110102  -51.263  8.357  14.397 0.0000000000
111105  -51.090  9.339  13.824 0.0000000000
110129  -51.045  8.578  11.138 0.0000000000
111123  -50.895  9.401  11.716 0.0000000000
111121  -49.707  9.954  11.054 0.0000000000
111104  -50.749  10.513  13.287 0.0000000000
113774  -48.388  13.128  15.545 0.0000000000
113005  -49.627  12.130  14.420 0.0000000000
113697  -43.102  11.955  21.089 0.0000000000
113729  -44.144  12.720  19.102 0.0000000000
114458  -42.620  13.278  19.546 0.0000000000
115989  -42.073  16.150  14.440 0.0000000000
115982  -42.868  15.162  16.086 0.0000000000
116001  -42.892  16.092  13.724 0.0000000000
115277  -44.008  15.349  11.739 0.0000000000
116832  -42.137  16.086  11.253 0.0000000000
115253  -41.279  14.263  12.322 0.0000000000
116820  -40.622  16.064  11.573 0.0000000000
119175  -38.747  19.549  12.768 0.0000000000
117568  -38.491  17.575  13.001 0.0000000000
118379  -37.668  18.418  14.471 0.0000000000
116793  -37.657  16.447  15.616 0.0000000000
98620  -42.792  -3.370  20.270 0.0000000000
99731  -43.553  -2.379  19.509 0.0000000000
100828  -41.855  -1.837  20.155 0.0000000000
101841  -41.634  -0.412  20.281 0.0000000000
103473  -41.930  1.420  20.859 0.0000000000
114390  -48.568  13.517  29.417 0.0000000000
115154  -46.974  14.857  28.482 0.0000000000
114420  -46.412  13.763  27.016 0.0000000000
114423  -45.749  13.811  26.143 0.0000000000
114427  -44.858  13.522  25.544 0.0000000000
115172  -45.454  14.554  25.027 0.0000000000
116736  -46.149  16.151  23.526 0.0000000000
101941  -51.205  0.007  8.562 0.0000000000
105109  -34.856  4.094  31.245 0.0000000000
105120  -36.303  3.971  30.955 0.0000000000
107101  -35.964  5.564  31.063 0.0000000000
97450  -49.041  -4.495  24.779 0.0000000000
96347  -47.323  -5.441  23.595 0.0000000000
97449  -48.120  -5.033  24.900 0.0000000000
96322  -46.337  -5.808  25.117 0.0000000000
95298  -45.120  -6.294  25.004 0.0000000000
99670  -39.316  -2.452  28.949 0.0000000000
97413  -39.404  -4.603  28.036 0.0000000000
98587  -35.932  -3.712  25.149 0.0000000000
100799  -35.699  -1.631  25.141 0.0000000000
99693  -34.705  -2.426  25.752 0.0000000000
101793  -33.040  -0.690  26.773 0.0000000000
102724  -45.961  0.252  15.542 0.0000000000
102725  -46.354  0.291  14.640 0.0000000000
103514  -46.380  1.301  14.228 0.0000000000
103522  -47.001  1.292  13.243 0.0000000000
104339  -48.276  1.833  11.942 0.0000000000
104348  -49.885  2.079  10.989 0.0000000000
105247  -48.201  3.569  11.657 0.0000000000
106283  -48.550  4.647  11.610 0.0000000000
107254  -49.340  6.110  12.004 0.0000000000
108132  -42.500  6.283  27.174 0.0000000000
107147  -42.495  5.133  25.746 0.0000000000
108133  -43.576  6.241  27.091 0.0000000000
107138  -45.109  5.445  26.350 0.0000000000
107151  -46.593  4.955  25.492 0.0000000000
110020  -49.168  8.482  25.757 0.0000000000
110015  -50.358  7.949  26.132 0.0000000000
110031  -49.685  8.674  23.985 0.0000000000
110036  -50.530  8.366  22.419 0.0000000000
109116  -50.773  7.848  20.057 0.0000000000
109132  -51.031  7.811  17.809 0.0000000000
110071  -50.957  8.437  18.397 0.0000000000
111079  -50.761  9.567  16.507 0.0000000000
112084  -50.493  10.617  16.002 0.0000000000
112097  -50.628  11.223  14.077 0.0000000000
112978  -50.150  11.325  16.378 0.0000000000
113748  -49.196  12.465  16.399 0.0000000000
114480  -47.848  13.431  16.717 0.0000000000
115184  -40.796  14.930  20.510 0.0000000000
115202  -41.788  14.261  18.955 0.0000000000
115958  -40.827  15.450  18.885 0.0000000000
115972  -41.100  15.985  16.564 0.0000000000
116794  -40.905  17.099  14.459 0.0000000000
117570  -40.096  17.821  12.426 0.0000000000
117564  -40.398  17.878  13.778 0.0000000000
119176  -39.513  19.608  12.917 0.0000000000
119907  -39.069  20.571  13.099 0.0000000000
96399  -47.118  -5.399  18.924 0.0000000000
97535  -47.214  -4.660  17.344 0.0000000000
97521  -46.096  -4.595  18.195 0.0000000000
99762  -45.478  -2.880  17.597 0.0000000000
100877  -45.502  -1.823  16.661 0.0000000000
100849  -44.301  -1.378  18.577 0.0000000000
100867  -44.765  -1.106  18.077 0.0000000000
102705  -45.248  0.357  17.029 0.0000000000
103497  -45.599  1.180  16.619 0.0000000000
104308  -45.663  2.215  16.694 0.0000000000
106245  -45.767  3.764  17.009 0.0000000000
109946  -47.345  8.312  31.924 0.0000000000
109041  -47.516  7.076  31.014 0.0000000000
109947  -48.553  8.371  31.818 0.0000000000
109959  -49.917  8.384  30.659 0.0000000000
109974  -48.999  8.910  29.698 0.0000000000
113647  -48.596  12.326  29.221 0.0000000000
111979  -47.705  10.781  29.119 0.0000000000
110005  -48.537  8.601  27.901 0.0000000000
110018  -47.146  8.570  26.300 0.0000000000
111016  -46.965  9.219  23.386 0.0000000000
111022  -46.461  9.756  22.320 0.0000000000
112038  -46.255  10.614  20.724 0.0000000000
112016  -44.903  10.100  22.466 0.0000000000
112019  -43.375  10.802  22.302 0.0000000000
113693  -42.156  12.148  22.242 0.0000000000
113687  -43.423  12.830  24.902 0.0000000000
114436  -42.323  13.706  23.896 0.0000000000
115181  -41.291  14.299  22.242 0.0000000000
116752  -41.350  16.368  21.468 0.0000000000
118338  -42.511  18.483  19.883 0.0000000000
119128  -42.924  19.221  18.428 0.0000000000
102673  -39.010  0.783  23.960 0.0000000000
103462  -40.276  1.018  23.580 0.0000000000
104256  -39.104  2.969  24.961 0.0000000000
106174  -39.375  4.456  25.736 0.0000000000
107129  -39.621  5.561  27.846 0.0000000000
106154  -37.929  4.365  29.602 0.0000000000
107113  -39.421  4.911  29.194 0.0000000000
108105  -40.901  5.710  28.637 0.0000000000
108093  -42.183  5.441  30.001 0.0000000000
107118  -43.008  5.597  31.360 0.0000000000
108054  -44.469  6.707  31.516 0.0000000000
109970  -41.365  8.480  29.640 0.0000000000
109955  -43.112  8.223  30.616 0.0000000000
109956  -44.125  8.275  30.919 0.0000000000
110939  -45.936  8.759  31.499 0.0000000000
111947  -46.739  10.436  31.252 0.0000000000
113628  -47.202  12.243  31.453 0.0000000000
115109  -46.151  15.006  31.878 0.0000000000
99734  -50.088  -2.808  19.109 0.0000000000
97497  -49.710  -3.882  19.797 0.0000000000
100810  -51.253  -1.442  23.231 0.0000000000
100816  -51.231  -1.443  22.213 0.0000000000
98616  -50.460  -2.690  21.569 0.0000000000
97486  -49.678  -4.137  20.733 0.0000000000
96389  -48.450  -5.168  19.875 0.0000000000
96388  -47.624  -5.417  19.868 0.0000000000
97484  -45.674  -4.841  20.553 0.0000000000
97473  -44.881  -4.672  21.187 0.0000000000
96358  -45.930  -5.430  22.595 0.0000000000
96367  -44.736  -5.096  21.855 0.0000000000
97471  -43.635  -4.614  21.151 0.0000000000
97479  -42.560  -4.023  20.705 0.0000000000
100761  -43.613  -1.627  30.207 0.0000000000
99672  -41.406  -2.235  29.014 0.0000000000
99673  -42.522  -2.423  28.975 0.0000000000
99657  -44.095  -2.406  29.693 0.0000000000
97379  -44.547  -3.967  29.359 0.0000000000
97380  -45.507  -4.381  29.665 0.0000000000
96283  -46.801  -5.521  28.039 0.0000000000
96298  -45.325  -6.274  27.040 0.0000000000
95286  -43.927  -6.542  26.172 0.0000000000
95296  -43.373  -6.739  25.368 0.0000000000
101814  -39.060  -0.707  23.451 0.0000000000
102672  -38.247  0.452  24.227 0.0000000000
103453  -37.414  1.554  24.899 0.0000000000
104250  -35.980  2.720  26.302 0.0000000000
105134  -35.274  3.514  29.063 0.0000000000
97563  -51.531  -4.475  13.325 0.0000000000
98702  -51.574  -3.428  13.123 0.0000000000
98708  -51.909  -3.165  12.169 0.0000000000
98684  -47.153  -3.580  16.008 0.0000000000
99785  -48.018  -2.817  15.114 0.0000000000
101886  -46.926  -0.680  14.133 0.0000000000
100891  -48.281  -1.430  14.094 0.0000000000
100893  -50.050  -1.591  14.066 0.0000000000
100903  -51.183  -1.402  13.408 0.0000000000
100904  -51.861  -1.415  12.709 0.0000000000
99812  -52.460  -1.987  11.522 0.0000000000
100917  -52.522  -1.021  10.554 0.0000000000
101930  -52.395  -0.046  9.534 0.0000000000
103562  -51.257  1.523  8.784 0.0000000000
104356  -50.797  2.340  10.274 0.0000000000
104364  -51.032  2.655  9.428 0.0000000000
104370  -50.903  2.595  8.862 0.0000000000
105268  -50.390  3.689  8.803 0.0000000000
106305  -49.995  4.697  8.706 0.0000000000
108297  -49.796  6.804  8.905 0.0000000000
103460  -41.437  1.697  23.481 0.0000000000
103465  -42.236  1.828  22.479 0.0000000000
104275  -42.701  2.384  21.544 0.0000000000
105158  -43.554  3.163  24.286 0.0000000000
104272  -43.625  2.851  22.685 0.0000000000
105174  -42.911  3.092  20.548 0.0000000000
106218  -43.701  4.127  19.842 0.0000000000
106229  -45.044  4.867  18.558 0.0000000000
107206  -46.144  5.168  17.787 0.0000000000
108112  -48.133  6.535  28.861 0.0000000000
107141  -47.865  6.090  26.387 0.0000000000
107156  -47.211  5.052  24.781 0.0000000000
108148  -49.835  6.644  24.398 0.0000000000
108151  -49.043  6.283  23.722 0.0000000000
107168  -47.556  5.730  21.962 0.0000000000
107177  -46.619  5.832  20.825 0.0000000000
107198  -46.839  5.776  18.245 0.0000000000
107217  -47.092  5.131  16.719 0.0000000000
107219  -48.379  5.809  15.890 0.0000000000
108264  -50.345  6.961  12.847 0.0000000000
108239  -51.162  7.281  15.633 0.0000000000
109170  -50.791  7.304  13.325 0.0000000000
108272  -50.756  7.108  11.386 0.0000000000
109197  -50.999  7.758  10.496 0.0000000000
109206  -50.471  8.187  9.537 0.0000000000
113012  -50.319  11.925  13.579 0.0000000000
113715  -45.725  12.156  19.174 0.0000000000
114469  -45.966  13.086  17.862 0.0000000000
115228  -46.431  14.298  16.229 0.0000000000
115217  -43.108  14.593  16.915 0.0000000000
115226  -44.215  14.731  16.034 0.0000000000
116005  -46.394  15.272  14.594 0.0000000000
115257  -45.972  15.173  13.260 0.0000000000
114521  -43.950  14.139  12.872 0.0000000000
113780  -43.588  13.052  14.596 0.0000000000
117569  -39.276  17.483  12.478 0.0000000000
115999  -38.663  15.598  13.508 0.0000000000
119868  -43.337  20.278  15.537 0.0000000000
119884  -42.631  20.586  14.745 0.0000000000
120662  -41.071  21.798  13.460 0.0000000000
121410  -39.833  22.021  13.559 0.0000000000
121398  -37.713  21.858  14.300 0.0000000000
101828  -40.405  -0.739  22.231 0.0000000000
102677  -40.247  0.384  23.143 0.0000000000
98718  -52.351  -2.533  10.988 0.0000000000
98574  -48.926  -3.799  28.365 0.0000000000
98581  -49.020  -3.934  27.583 0.0000000000
97418  -47.921  -5.074  27.516 0.0000000000
97408  -34.604  -4.692  27.156 0.0000000000
96410  -48.692  -4.849  18.453 0.0000000000
98658  -49.135  -4.000  17.570 0.0000000000
97524  -48.617  -4.675  17.797 0.0000000000
105216  -46.479  3.088  15.414 0.0000000000
106254  -47.159  4.624  15.918 0.0000000000
108074  -45.459  6.586  30.806 0.0000000000
108096  -45.604  6.745  29.948 0.0000000000
109062  -46.183  6.802  30.448 0.0000000000
111033  -47.388  9.899  21.758 0.0000000000
111034  -48.404  9.823  21.813 0.0000000000
112025  -48.735  10.217  21.179 0.0000000000
112057  -49.623  10.583  19.640 0.0000000000
112951  -48.628  11.355  19.287 0.0000000000
112933  -48.168  11.154  19.819 0.0000000000
119140  -41.818  19.146  17.599 0.0000000000
118368  -40.707  18.296  17.292 0.0000000000
119162  -40.725  19.340  15.626 0.0000000000
119163  -41.628  19.923  15.726 0.0000000000
98629  -44.407  -3.124  19.589 0.0000000000
98628  -43.988  -2.944  19.691 0.0000000000
103476  -42.468  1.551  19.605 0.0000000000
102693  -43.093  0.844  18.838 0.0000000000
103478  -42.872  1.499  19.047 0.0000000000
104289  -43.200  2.471  18.922 0.0000000000
115111  -48.166  14.414  31.599 0.0000000000
113630  -48.685  12.470  31.278 0.0000000000
115121  -48.945  14.068  31.112 0.0000000000
113674  -45.903  11.911  26.996 0.0000000000
112901  -45.769  11.290  27.170 0.0000000000
112906  -45.307  11.488  26.747 0.0000000000
111998  -45.074  10.629  26.713 0.0000000000
112905  -44.727  11.160  26.401 0.0000000000
112001  -43.879  10.674  25.483 0.0000000000
112909  -44.218  11.441  25.894 0.0000000000
117492  -45.823  17.153  22.527 0.0000000000
117505  -45.197  17.735  21.993 0.0000000000
117504  -44.197  17.682  21.955 0.0000000000
118314  -45.430  18.294  21.379 0.0000000000
101940  -50.292  -0.099  8.462 0.0000000000
102787  -49.816  0.928  8.579 0.0000000000
106164  -36.824  4.011  27.535 0.0000000000
109032  -38.896  7.137  30.472 0.0000000000
108048  -39.167  5.560  31.348 0.0000000000
108070  -40.058  6.677  31.245 0.0000000000
108071  -40.633  6.947  31.395 0.0000000000
109034  -40.479  7.385  30.918 0.0000000000
113645  -44.471  12.465  29.431 0.0000000000
112872  -45.314  11.580  29.975 0.0000000000
100823  -51.706  -0.893  20.946 0.0000000000
97465  -49.374  -4.415  22.741 0.0000000000
95309  -44.725  -6.199  24.164 0.0000000000
95319  -44.105  -6.158  23.371 0.0000000000
95325  -42.547  -6.143  22.740 0.0000000000
99652  -39.594  -1.957  29.382 0.0000000000
97415  -41.485  -4.347  27.804 0.0000000000
97416  -42.258  -4.469  27.798 0.0000000000
97417  -42.985  -4.686  27.908 0.0000000000
96310  -41.406  -5.827  27.002 0.0000000000
99702  -37.087  -2.547  24.295 0.0000000000
100801  -37.015  -1.674  24.419 0.0000000000
100800  -36.370  -1.564  24.784 0.0000000000
99797  -49.830  -2.047  14.550 0.0000000000
101880  -46.203  -0.777  15.052 0.0000000000
102751  -49.448  0.383  12.348 0.0000000000
102743  -48.891  0.105  12.738 0.0000000000
102752  -50.393  0.415  12.056 0.0000000000
102763  -51.583  0.596  11.275 0.0000000000
102762  -50.940  0.742  11.502 0.0000000000
107269  -50.071  5.411  10.528 0.0000000000
107270  -50.550  5.793  10.170 0.0000000000
106185  -41.710  3.680  24.764 0.0000000000
106195  -46.153  4.337  23.838 0.0000000000
106194  -45.484  4.046  23.621 0.0000000000
106200  -46.080  4.550  23.106 0.0000000000
107166  -45.525  4.906  21.866 0.0000000000
107162  -46.399  4.881  22.858 0.0000000000
109995  -50.449  8.090  28.645 0.0000000000
108115  -50.724  6.821  28.236 0.0000000000
109081  -50.565  7.431  26.720 0.0000000000
108190  -50.351  7.388  19.863 0.0000000000
108174  -49.748  7.002  20.632 0.0000000000
108216  -49.967  6.816  17.656 0.0000000000
111113  -51.036  9.448  12.717 0.0000000000
111112  -50.557  10.233  12.220 0.0000000000
114502  -48.101  13.489  15.657 0.0000000000
113773  -47.976  13.387  15.414 0.0000000000
114514  -47.223  14.275  14.903 0.0000000000
113700  -42.598  12.553  20.742 0.0000000000
113712  -42.947  12.660  20.106 0.0000000000
116803  -41.471  16.609  13.815 0.0000000000
116000  -42.154  16.326  13.313 0.0000000000
116024  -42.971  16.327  12.114 0.0000000000
116813  -42.270  16.458  12.424 0.0000000000
116831  -41.365  15.913  11.282 0.0000000000
116811  -40.737  16.750  12.209 0.0000000000
119174  -38.184  19.849  13.346 0.0000000000
119169  -38.185  19.204  13.182 0.0000000000
99725  -42.355  -2.519  20.064 0.0000000000
102689  -41.951  0.274  19.932 0.0000000000
102686  -41.673  0.685  20.628 0.0000000000
115138  -47.412  15.143  29.489 0.0000000000
115159  -46.501  14.666  27.441 0.0000000000
115164  -46.188  14.554  26.376 0.0000000000
114424  -46.089  13.848  26.537 0.0000000000
115163  -46.124  14.541  26.086 0.0000000000
115166  -45.728  14.433  25.595 0.0000000000
115167  -46.130  14.840  25.567 0.0000000000
117485  -47.414  17.121  23.938 0.0000000000
115930  -46.510  15.888  24.156 0.0000000000
116745  -46.541  16.603  23.297 0.0000000000
98746  -51.128  -2.638  9.691 0.0000000000
100949  -51.488  -0.580  8.714 0.0000000000
107082  -34.635  5.023  31.336 0.0000000000
105110  -35.370  4.237  31.272 0.0000000000
107100  -35.052  5.532  30.990 0.0000000000
98588  -49.639  -3.682  25.767 0.0000000000
97439  -48.120  -4.978  25.868 0.0000000000
96323  -47.027  -5.593  25.559 0.0000000000
96313  -45.658  -6.222  25.647 0.0000000000
96305  -36.664  -5.357  26.018 0.0000000000
97427  -36.147  -5.018  26.008 0.0000000000
97436  -36.305  -4.542  25.392 0.0000000000
98586  -35.468  -3.265  25.290 0.0000000000
98585  -34.842  -3.227  25.624 0.0000000000
100784  -33.269  -1.533  26.597 0.0000000000
100783  -32.644  -1.555  26.990 0.0000000000
103505  -45.876  1.165  16.014 0.0000000000
103506  -46.126  1.262  15.204 0.0000000000
104330  -46.554  2.285  13.886 0.0000000000
104337  -46.965  2.336  13.028 0.0000000000
103529  -47.335  1.819  12.730 0.0000000000
104338  -47.671  2.406  12.261 0.0000000000
104347  -48.731  2.518  11.390 0.0000000000
104346  -47.973  2.991  11.824 0.0000000000
106274  -47.801  4.600  12.670 0.0000000000
106275  -48.251  5.085  12.334 0.0000000000
107261  -49.028  5.520  11.631 0.0000000000
107253  -48.680  5.624  12.328 0.0000000000
108121  -43.077  6.478  28.095 0.0000000000
108135  -45.672  5.971  27.066 0.0000000000
107139  -46.101  5.460  26.299 0.0000000000
110026  -48.466  8.610  25.031 0.0000000000
110027  -49.395  8.617  24.712 0.0000000000
111012  -49.314  8.731  24.081 0.0000000000
111036  -50.307  8.927  22.028 0.0000000000
110043  -50.651  8.491  21.505 0.0000000000
109106  -50.758  7.984  20.999 0.0000000000
110055  -50.741  8.589  20.541 0.0000000000
110064  -50.816  8.547  19.478 0.0000000000
112068  -50.314  10.073  18.214 0.0000000000
112077  -50.381  10.500  17.120 0.0000000000
113734  -48.394  12.393  17.706 0.0000000000
112976  -48.972  12.052  17.665 0.0000000000
113746  -47.864  12.920  17.399 0.0000000000
116762  -40.729  16.263  20.328 0.0000000000
115949  -40.657  15.613  19.943 0.0000000000
116769  -40.644  16.503  19.530 0.0000000000
117549  -40.531  17.487  16.556 0.0000000000
116781  -40.653  16.594  17.141 0.0000000000
116787  -40.872  16.701  15.846 0.0000000000
119908  -39.756  20.650  13.432 0.0000000000
97511  -46.315  -5.100  18.854 0.0000000000
97510  -45.743  -4.457  18.830 0.0000000000
99746  -44.987  -2.563  18.544 0.0000000000
100868  -45.121  -1.592  17.685 0.0000000000
100835  -43.258  -1.393  19.234 0.0000000000
100836  -43.823  -1.727  19.045 0.0000000000
100848  -43.778  -1.077  18.821 0.0000000000
102695  -44.312  0.459  18.036 0.0000000000
101863  -44.547  -0.408  18.049 0.0000000000
101864  -44.975  -0.481  17.558 0.0000000000
103489  -45.216  1.278  17.177 0.0000000000
104301  -45.038  2.161  17.372 0.0000000000
105202  -45.374  3.136  17.146 0.0000000000
110941  -47.882  9.325  31.762 0.0000000000
109022  -47.995  7.602  31.642 0.0000000000
112864  -48.651  11.585  30.772 0.0000000000
110943  -49.389  8.760  30.961 0.0000000000
110951  -48.877  9.339  30.537 0.0000000000
109958  -49.473  8.717  30.335 0.0000000000
110963  -48.224  9.761  29.575 0.0000000000
114408  -47.895  13.527  28.753 0.0000000000
113661  -47.993  12.822  28.569 0.0000000000
111995  -46.550  10.659  28.036 0.0000000000
111978  -47.149  10.728  28.564 0.0000000000
110979  -46.804  10.145  28.370 0.0000000000
109992  -47.586  9.242  28.591 0.0000000000
110003  -46.736  9.064  27.743 0.0000000000
110012  -47.780  8.579  27.072 0.0000000000
110011  -46.647  8.861  27.191 0.0000000000
111004  -45.007  9.351  25.733 0.0000000000
111009  -46.127  8.900  24.710 0.0000000000
112017  -45.617  9.992  22.067 0.0000000000
112009  -43.184  10.793  23.901 0.0000000000
112015  -43.927  10.359  22.748 0.0000000000
112014  -42.981  10.847  23.096 0.0000000000
112921  -42.562  11.689  22.113 0.0000000000
112918  -42.243  11.661  22.819 0.0000000000
114432  -44.696  13.999  25.133 0.0000000000
114426  -44.228  13.164  25.309 0.0000000000
114431  -43.960  13.816  24.836 0.0000000000
115934  -42.922  15.874  23.179 0.0000000000
115176  -42.669  14.563  23.811 0.0000000000
115925  -42.543  15.404  23.275 0.0000000000
115175  -41.863  14.852  23.075 0.0000000000
115932  -41.627  15.644  22.372 0.0000000000
115940  -40.994  15.205  21.475 0.0000000000
116740  -42.242  16.490  22.319 0.0000000000
118327  -43.430  18.406  20.741 0.0000000000
118326  -42.438  18.089  20.598 0.0000000000
118350  -42.532  18.879  18.960 0.0000000000
118351  -43.567  19.149  19.051 0.0000000000
104363  -48.649  2.616  8.976 0.0000000000
106304  -49.146  4.637  8.778 0.0000000000
104260  -39.336  2.409  24.672 0.0000000000
104255  -38.532  2.826  25.070 0.0000000000
106170  -38.347  4.566  26.543 0.0000000000
106173  -38.676  4.070  25.772 0.0000000000
106171  -39.089  4.845  26.278 0.0000000000
107144  -39.431  4.963  26.168 0.0000000000
107133  -39.282  5.265  26.780 0.0000000000
106135  -36.731  4.568  31.241 0.0000000000
106153  -37.046  4.108  29.994 0.0000000000
106145  -37.795  4.352  30.543 0.0000000000
107104  -39.902  4.761  30.561 0.0000000000
106147  -39.314  4.669  30.074 0.0000000000
107114  -39.871  4.916  29.686 0.0000000000
107123  -39.832  5.276  28.805 0.0000000000
107124  -40.617  5.330  29.201 0.0000000000
108106  -41.517  5.696  29.105 0.0000000000
107125  -41.169  5.226  29.774 0.0000000000
107090  -42.520  6.048  31.970 0.0000000000
107107  -42.393  5.558  31.653 0.0000000000
107108  -43.035  5.925  31.813 0.0000000000
108072  -43.712  5.995  31.469 0.0000000000
108053  -43.514  6.546  31.741 0.0000000000
110977  -42.636  9.969  28.872 0.0000000000
109991  -40.739  8.911  28.985 0.0000000000
110957  -41.899  8.945  29.355 0.0000000000
109953  -41.840  8.253  30.099 0.0000000000
109972  -42.882  8.700  29.840 0.0000000000
110948  -44.789  8.889  30.758 0.0000000000
109944  -45.290  8.232  31.443 0.0000000000
110950  -46.266  9.911  31.220 0.0000000000
114377  -45.915  13.355  30.958 0.0000000000
112863  -46.561  11.474  30.996 0.0000000000
113635  -46.503  12.508  31.114 0.0000000000
114368  -46.503  14.054  31.673 0.0000000000
115119  -45.649  14.465  31.348 0.0000000000
100837  -51.412  -1.523  19.498 0.0000000000
98632  -50.503  -2.442  20.128 0.0000000000
99735  -50.645  -2.242  19.583 0.0000000000
98631  -50.109  -3.031  19.704 0.0000000000
97513  -49.668  -3.668  19.197 0.0000000000
99710  -50.756  -2.107  23.407 0.0000000000
99715  -50.762  -2.037  22.410 0.0000000000
97496  -49.150  -4.614  19.818 0.0000000000
96378  -48.233  -5.352  20.821 0.0000000000
96370  -47.003  -5.517  21.747 0.0000000000
96376  -46.438  -5.267  20.731 0.0000000000
97474  -45.391  -4.824  21.140 0.0000000000
96346  -46.487  -5.551  23.489 0.0000000000
96356  -44.555  -5.499  22.552 0.0000000000
96357  -45.243  -5.425  22.563 0.0000000000
96366  -44.071  -5.102  21.799 0.0000000000
97472  -44.286  -4.629  21.198 0.0000000000
97470  -42.880  -4.621  21.100 0.0000000000
97371  -47.105  -4.025  30.429 0.0000000000
100759  -41.644  -1.544  30.011 0.0000000000
100760  -42.601  -1.525  30.090 0.0000000000
99656  -43.101  -1.947  29.487 0.0000000000
98557  -40.032  -3.031  28.575 0.0000000000
99671  -40.312  -2.321  28.945 0.0000000000
98558  -40.956  -2.896  28.549 0.0000000000
98560  -42.977  -3.189  28.618 0.0000000000
99674  -43.408  -2.659  29.129 0.0000000000
99675  -43.878  -2.865  29.278 0.0000000000
98539  -44.236  -3.142  29.419 0.0000000000
97398  -45.072  -5.038  29.031 0.0000000000
97399  -46.220  -5.231  29.006 0.0000000000
96282  -45.770  -5.754  28.183 0.0000000000
95276  -44.375  -6.399  26.797 0.0000000000
95295  -42.333  -6.728  25.455 0.0000000000
99708  -38.387  -2.574  23.527 0.0000000000
98602  -39.055  -3.505  23.031 0.0000000000
99709  -38.946  -2.600  23.117 0.0000000000
100809  -38.902  -1.746  23.280 0.0000000000
102675  -38.775  0.069  23.814 0.0000000000
101813  -38.057  -0.683  24.066 0.0000000000
103455  -37.252  0.995  24.755 0.0000000000
101796  -34.420  -0.665  26.018 0.0000000000
101797  -35.216  -0.643  25.569 0.0000000000
102666  -34.842  0.040  25.876 0.0000000000
105138  -34.068  2.819  27.932 0.0000000000
105139  -35.087  3.188  27.756 0.0000000000
105133  -34.291  3.207  28.768 0.0000000000
105127  -34.445  3.470  29.834 0.0000000000
97557  -51.472  -4.788  14.488 0.0000000000
99799  -51.302  -2.766  13.678 0.0000000000
97536  -47.734  -4.564  17.085 0.0000000000
101893  -47.151  -0.161  13.636 0.0000000000
100900  -48.731  -1.019  13.704 0.0000000000
100892  -49.222  -1.516  14.115 0.0000000000
100901  -49.493  -1.052  13.655 0.0000000000
100902  -50.318  -1.132  13.613 0.0000000000
101906  -51.941  -0.463  12.241 0.0000000000
100910  -52.398  -1.325  12.030 0.0000000000
99811  -52.188  -2.182  12.232 0.0000000000
99818  -52.469  -1.806  10.817 0.0000000000
100911  -52.525  -1.212  11.283 0.0000000000
103548  -52.315  0.803  10.100 0.0000000000
102771  -52.492  0.446  10.015 0.0000000000
102779  -52.208  0.691  9.554 0.0000000000
102790  -51.912  0.684  9.084 0.0000000000
103563  -51.753  1.194  9.081 0.0000000000
104355  -49.641  2.885  10.721 0.0000000000
107287  -50.275  5.765  8.927 0.0000000000
107286  -49.431  5.710  8.812 0.0000000000
103463  -40.903  1.173  23.303 0.0000000000
103459  -40.813  1.653  23.790 0.0000000000
104267  -42.633  2.219  23.174 0.0000000000
104266  -41.915  1.894  23.406 0.0000000000
103468  -42.274  1.833  21.826 0.0000000000
104271  -42.798  2.333  22.276 0.0000000000
107148  -43.588  5.042  25.723 0.0000000000
106177  -43.153  4.403  25.230 0.0000000000
106187  -43.787  3.893  24.704 0.0000000000
105172  -44.323  3.590  22.380 0.0000000000
105168  -44.402  3.362  22.967 0.0000000000
105171  -43.835  3.409  21.989 0.0000000000
105175  -43.243  3.298  21.086 0.0000000000
106203  -43.882  3.901  21.372 0.0000000000
106227  -43.629  3.859  19.489 0.0000000000
106208  -43.670  4.049  20.622 0.0000000000
107196  -44.994  5.177  19.153 0.0000000000
107197  -45.739  5.410  18.595 0.0000000000
108077  -48.868  6.879  30.599 0.0000000000
108098  -47.803  6.804  30.047 0.0000000000
108099  -48.993  6.632  29.719 0.0000000000
108139  -49.103  6.472  26.702 0.0000000000
108138  -48.419  6.398  27.019 0.0000000000
107153  -48.358  6.131  26.008 0.0000000000
107152  -47.524  5.617  25.664 0.0000000000
107157  -48.193  5.834  25.164 0.0000000000
109085  -50.459  7.581  24.608 0.0000000000
108145  -50.346  7.045  25.040 0.0000000000
108149  -50.363  7.120  24.029 0.0000000000
108160  -49.252  6.669  21.621 0.0000000000
108155  -49.194  6.437  22.704 0.0000000000
107169  -48.551  6.182  22.143 0.0000000000
107164  -48.268  5.819  22.964 0.0000000000
107178  -47.765  6.200  20.978 0.0000000000
108202  -47.892  6.293  18.318 0.0000000000
108187  -47.548  6.361  19.160 0.0000000000
107199  -47.426  5.849  17.702 0.0000000000
107208  -47.685  5.731  17.060 0.0000000000
107218  -47.614  5.345  16.275 0.0000000000
107209  -48.275  5.924  16.557 0.0000000000
108237  -49.665  6.526  15.423 0.0000000000
108247  -49.951  6.609  14.325 0.0000000000
108257  -50.526  6.919  13.842 0.0000000000
109143  -51.258  7.847  16.996 0.0000000000
109142  -51.047  7.451  17.031 0.0000000000
109152  -51.239  7.565  16.145 0.0000000000
110110  -51.206  8.478  13.256 0.0000000000
109171  -51.147  7.718  13.816 0.0000000000
109179  -50.664  7.210  12.466 0.0000000000
109189  -51.051  7.636  11.470 0.0000000000
111136  -50.680  9.345  10.928 0.0000000000
110140  -50.669  8.742  10.248 0.0000000000
110139  -50.327  9.250  9.979 0.0000000000
110158  -49.915  8.905  9.222 0.0000000000
112117  -49.757  9.884  9.817 0.0000000000
112998  -50.314  11.780  14.674 0.0000000000
113006  -50.350  11.929  13.913 0.0000000000
113004  -48.704  11.994  14.499 0.0000000000
113010  -49.467  11.863  13.845 0.0000000000
112930  -45.497  11.134  20.312 0.0000000000
112931  -46.440  11.090  20.091 0.0000000000
112947  -44.908  11.641  20.017 0.0000000000
114467  -44.027  13.232  18.477 0.0000000000
113730  -44.909  12.674  18.828 0.0000000000
114477  -45.290  13.533  17.509 0.0000000000
114478  -46.233  13.593  17.214 0.0000000000
115219  -45.655  13.955  16.818 0.0000000000
115966  -41.437  15.025  18.191 0.0000000000
115209  -42.240  14.625  17.730 0.0000000000
115216  -42.381  14.825  17.138 0.0000000000
115991  -43.991  15.243  15.110 0.0000000000
115983  -43.598  14.949  15.862 0.0000000000
115992  -45.099  15.242  14.829 0.0000000000
115238  -45.240  14.838  15.425 0.0000000000
116004  -45.734  15.567  14.290 0.0000000000
116017  -46.212  15.399  13.903 0.0000000000
116016  -45.494  15.794  13.310 0.0000000000
115265  -43.075  14.685  11.633 0.0000000000
114510  -43.745  13.552  13.768 0.0000000000
114520  -42.901  13.909  12.980 0.0000000000
114519  -41.898  13.875  12.947 0.0000000000
115252  -40.191  14.663  12.552 0.0000000000
114518  -40.913  13.917  13.117 0.0000000000
114517  -40.198  14.020  13.346 0.0000000000
115246  -39.773  14.258  13.349 0.0000000000
118393  -39.915  18.496  12.414 0.0000000000
117575  -39.436  18.233  12.243 0.0000000000
116801  -38.371  16.501  13.726 0.0000000000
115998  -38.275  15.553  14.371 0.0000000000
119911  -42.947  21.656  13.614 0.0000000000
119896  -41.785  20.817  14.134 0.0000000000
120663  -42.093  22.030  13.430 0.0000000000
121401  -40.392  22.548  14.102 0.0000000000
121399  -38.291  22.056  14.181 0.0000000000
100826  -40.858  -1.839  21.231 0.0000000000
100827  -41.298  -1.467  20.640 0.0000000000
100821  -40.911  -1.179  21.252 0.0000000000
101829  -40.810  -0.573  21.648 0.0000000000
102681  -41.103  0.711  22.349 0.0000000000
116727  -46.520  16.547  25.907 0.0000000000
115921  -46.321  15.475  24.750 0.0000000000
116730  -46.642  16.163  25.173 0.0000000000
99826  -51.964  -2.247  9.999 0.0000000000
108087  -34.988  6.496  29.829 0.0000000000
98582  -49.416  -3.559  26.927 0.0000000000
97428  -47.812  -5.190  26.610 0.0000000000
96315  -47.120  -5.614  26.422 0.0000000000
96299  -46.476  -5.845  27.181 0.0000000000
97425  -34.580  -4.092  26.081 0.0000000000
98580  -34.275  -3.215  26.016 0.0000000000
97424  -34.030  -3.706  26.354 0.0000000000
98646  -49.654  -3.484  18.578 0.0000000000
105230  -46.843  3.123  13.581 0.0000000000
105223  -47.009  3.832  14.028 0.0000000000
106268  -47.487  4.527  13.826 0.0000000000
107234  -47.894  5.237  14.507 0.0000000000
108122  -44.178  6.534  27.998 0.0000000000
108109  -44.858  6.686  28.981 0.0000000000
108110  -45.932  6.727  28.868 0.0000000000
111017  -48.260  9.109  23.405 0.0000000000
111018  -49.263  8.941  23.511 0.0000000000
111035  -49.552  9.618  21.635 0.0000000000
111049  -50.057  9.880  20.793 0.0000000000
111060  -50.397  9.547  19.997 0.0000000000
111059  -49.941  10.155  20.299 0.0000000000
112067  -49.827  10.719  18.655 0.0000000000
112967  -49.382  11.402  18.094 0.0000000000
112952  -49.252  11.200  18.841 0.0000000000
113717  -47.376  12.162  18.682 0.0000000000
118348  -41.048  17.862  18.991 0.0000000000
117534  -40.728  17.298  19.011 0.0000000000
118375  -40.488  18.389  15.996 0.0000000000
118381  -40.341  18.627  14.648 0.0000000000
119895  -40.845  20.413  14.306 0.0000000000
97494  -45.394  -4.291  19.604 0.0000000000
98630  -44.914  -3.449  19.441 0.0000000000
99745  -44.561  -2.152  18.751 0.0000000000
101849  -43.442  -0.454  18.857 0.0000000000
102691  -43.096  0.183  18.943 0.0000000000
102694  -43.636  0.494  18.501 0.0000000000
103480  -44.076  1.341  18.069 0.0000000000
103488  -44.673  1.284  17.649 0.0000000000
105191  -43.955  3.266  18.468 0.0000000000
112857  -47.762  11.340  31.407 0.0000000000
111949  -48.118  10.338  31.352 0.0000000000
112858  -48.327  11.457  31.251 0.0000000000
112874  -48.739  11.742  29.997 0.0000000000
113660  -47.212  12.258  27.927 0.0000000000
112902  -46.395  11.534  27.548 0.0000000000
110994  -45.575  9.929  27.207 0.0000000000
111000  -45.892  9.181  26.818 0.0000000000
110999  -45.089  9.877  26.660 0.0000000000
111008  -44.555  9.653  24.427 0.0000000000
111014  -44.588  9.890  23.670 0.0000000000
111007  -43.921  9.974  24.682 0.0000000000
112005  -43.517  10.583  24.666 0.0000000000
112912  -43.171  11.714  24.778 0.0000000000
116735  -45.428  16.084  23.419 0.0000000000
115178  -44.238  14.887  24.261 0.0000000000
116734  -44.556  16.130  23.333 0.0000000000
116733  -43.935  16.250  23.206 0.0000000000
116741  -43.243  16.419  22.893 0.0000000000
117489  -42.816  16.956  22.255 0.0000000000
118313  -44.424  18.205  21.409 0.0000000000
118328  -44.492  18.703  20.670 0.0000000000
103554  -49.136  1.743  8.690 0.0000000000
104368  -49.425  2.730  8.665 0.0000000000
105144  -37.122  3.690  26.426 0.0000000000
105149  -37.941  3.566  25.761 0.0000000000
106169  -37.362  4.177  26.871 0.0000000000
106165  -37.622  4.474  27.646 0.0000000000
106161  -38.077  4.557  28.558 0.0000000000
107103  -37.778  5.620  31.116 0.0000000000
107086  -38.406  5.216  31.320 0.0000000000
107087  -39.593  5.007  31.278 0.0000000000
107105  -40.690  4.904  31.018 0.0000000000
107088  -40.761  5.487  31.497 0.0000000000
108050  -40.983  6.448  31.656 0.0000000000
109016  -41.746  7.206  31.558 0.0000000000
110978  -43.146  10.164  28.965 0.0000000000
110959  -43.388  9.620  29.394 0.0000000000
111962  -44.104  10.548  29.347 0.0000000000
111963  -44.913  10.538  29.854 0.0000000000
110961  -45.118  9.969  30.326 0.0000000000
111954  -45.521  10.515  30.374 0.0000000000
113646  -45.308  12.756  30.229 0.0000000000
99727  -50.730  -1.963  20.563 0.0000000000
98609  -49.969  -3.623  22.645 0.0000000000
97475  -48.847  -5.014  21.794 0.0000000000
96359  -46.728  -5.511  22.652 0.0000000000
96332  -45.367  -5.809  23.960 0.0000000000
96345  -45.720  -5.600  23.333 0.0000000000
96342  -44.223  -5.790  22.864 0.0000000000
96355  -43.799  -5.567  22.390 0.0000000000
96364  -42.592  -5.124  21.595 0.0000000000
96354  -42.948  -5.638  22.156 0.0000000000
97394  -40.230  -3.577  28.345 0.0000000000
98572  -41.269  -3.598  28.194 0.0000000000
98573  -41.939  -3.833  28.072 0.0000000000
97396  -43.356  -4.109  28.448 0.0000000000
96280  -43.698  -5.147  28.182 0.0000000000
96297  -44.110  -6.097  27.630 0.0000000000
96296  -43.282  -5.625  27.543 0.0000000000
96312  -42.835  -5.857  27.210 0.0000000000
95284  -41.866  -6.349  26.331 0.0000000000
97455  -38.624  -4.414  23.527 0.0000000000
99707  -37.743  -2.560  23.899 0.0000000000
100807  -37.592  -1.704  24.061 0.0000000000
101812  -37.465  -1.171  24.288 0.0000000000
101805  -37.139  -0.632  24.553 0.0000000000
102668  -36.062  0.487  25.191 0.0000000000
99798  -50.705  -2.386  14.262 0.0000000000
99804  -51.146  -2.112  13.698 0.0000000000
99776  -45.970  -2.987  16.458 0.0000000000
99777  -46.585  -3.275  16.039 0.0000000000
99783  -46.332  -2.787  15.814 0.0000000000
103523  -47.563  0.766  12.968 0.0000000000
102741  -47.357  0.312  13.312 0.0000000000
102742  -48.123  0.261  12.918 0.0000000000
101903  -49.423  -0.168  12.838 0.0000000000
101897  -50.658  -0.656  13.158 0.0000000000
101905  -51.005  -0.189  12.578 0.0000000000
101914  -52.276  -0.178  11.533 0.0000000000
102754  -51.941  0.162  11.646 0.0000000000
103541  -51.760  0.868  10.815 0.0000000000
103547  -51.920  1.182  10.256 0.0000000000
107279  -50.606  5.912  9.498 0.0000000000
108289  -50.765  6.632  9.584 0.0000000000
106184  -40.966  3.570  24.777 0.0000000000
105156  -41.293  3.000  24.537 0.0000000000
105157  -42.398  3.025  24.425 0.0000000000
106179  -45.072  4.398  25.136 0.0000000000
106188  -44.624  4.057  24.644 0.0000000000
105165  -44.930  3.728  23.987 0.0000000000
106199  -45.243  4.047  22.912 0.0000000000
106198  -44.745  3.907  22.469 0.0000000000
106209  -44.351  4.515  21.108 0.0000000000
106205  -45.217  4.541  22.127 0.0000000000
107176  -45.226  5.110  21.184 0.0000000000
108079  -50.372  6.852  30.005 0.0000000000
108113  -49.168  6.495  28.710 0.0000000000
108114  -50.053  6.556  28.504 0.0000000000
108128  -50.047  6.591  27.480 0.0000000000
108140  -49.958  6.602  26.451 0.0000000000
108157  -50.400  7.449  22.139 0.0000000000
108153  -50.413  7.238  23.055 0.0000000000
108161  -50.078  7.182  21.469 0.0000000000
108173  -48.678  6.580  20.529 0.0000000000
108215  -48.720  6.357  17.310 0.0000000000
108227  -49.854  6.654  16.593 0.0000000000
108238  -50.786  6.977  15.952 0.0000000000
111088  -51.094  8.892  15.959 0.0000000000
110094  -51.316  8.235  15.494 0.0000000000
110119  -51.188  8.525  12.142 0.0000000000
111122  -50.342  9.947  11.327 0.0000000000
113760  -49.169  12.627  15.771 0.0000000000
113786  -49.324  12.371  14.962 0.0000000000
113785  -48.810  12.513  14.994 0.0000000000
112928  -43.669  11.586  21.016 0.0000000000
113702  -44.246  11.956  20.036 0.0000000000
113713  -43.653  12.542  19.672 0.0000000000
114459  -43.486  13.004  19.093 0.0000000000
114466  -43.157  13.413  18.806 0.0000000000
115981  -41.803  15.887  15.741 0.0000000000
115990  -42.913  15.761  14.887 0.0000000000
116002  -43.823  15.851  13.996 0.0000000000
116027  -44.812  15.851  12.476 0.0000000000
116824  -43.589  16.142  11.965 0.0000000000
116036  -43.425  15.657  11.543 0.0000000000
115254  -41.839  14.147  12.311 0.0000000000
115273  -41.464  15.197  11.308 0.0000000000
116023  -40.735  15.427  11.512 0.0000000000
116819  -40.047  15.869  11.830 0.0000000000
119181  -39.301  19.176  12.453 0.0000000000
118391  -39.032  18.781  12.266 0.0000000000
118385  -38.474  18.619  12.720 0.0000000000
118380  -38.019  18.456  13.495 0.0000000000
117563  -38.048  17.464  14.060 0.0000000000
117562  -37.716  17.420  15.037 0.0000000000
118374  -37.353  18.363  15.384 0.0000000000
98621  -43.537  -3.317  20.068 0.0000000000
99726  -43.037  -2.755  19.861 0.0000000000
99730  -42.927  -2.106  19.627 0.0000000000
100834  -42.455  -1.423  19.710 0.0000000000
100833  -41.848  -1.126  20.054 0.0000000000
101842  -42.179  -0.445  19.732 0.0000000000
102687  -42.094  0.964  19.937 0.0000000000
103474  -42.215  1.672  20.379 0.0000000000
115120  -48.413  14.683  30.819 0.0000000000
115155  -47.739  14.208  29.013 0.0000000000
113680  -46.063  13.326  26.638 0.0000000000
113679  -45.529  12.619  26.467 0.0000000000
113683  -44.647  12.603  25.880 0.0000000000
113684  -45.217  13.313  25.939 0.0000000000
114433  -44.817  13.956  25.217 0.0000000000
115920  -45.610  15.221  24.362 0.0000000000
115929  -46.206  15.750  24.016 0.0000000000
115928  -45.583  15.619  23.854 0.0000000000
116744  -46.099  16.598  23.044 0.0000000000
117507  -47.023  17.936  21.987 0.0000000000
105128  -35.445  3.679  30.158 0.0000000000
105135  -36.234  3.781  29.479 0.0000000000
105119  -35.659  3.922  31.036 0.0000000000
106134  -35.864  4.476  31.308 0.0000000000
107084  -36.381  5.049  31.361 0.0000000000
108066  -35.500  6.020  30.512 0.0000000000
108067  -36.466  6.034  30.586 0.0000000000
107102  -36.898  5.559  31.069 0.0000000000
98595  -49.737  -3.780  24.612 0.0000000000
97457  -48.252  -5.076  23.843 0.0000000000
96335  -47.705  -5.281  24.222 0.0000000000
96334  -47.103  -5.487  24.542 0.0000000000
97448  -47.604  -5.303  25.340 0.0000000000
96321  -45.678  -5.993  24.708 0.0000000000
95310  -45.254  -6.065  24.449 0.0000000000
95308  -43.789  -6.587  24.310 0.0000000000
99669  -38.336  -2.731  29.054 0.0000000000
98556  -39.023  -3.159  28.658 0.0000000000
97393  -39.674  -3.739  28.376 0.0000000000
97392  -38.739  -4.010  28.465 0.0000000000
97414  -40.483  -4.185  28.012 0.0000000000
98592  -36.027  -3.071  24.912 0.0000000000
99700  -35.850  -2.409  24.964 0.0000000000
99694  -35.277  -2.443  25.364 0.0000000000
100792  -35.172  -1.643  25.504 0.0000000000
100791  -34.595  -1.556  25.878 0.0000000000
99688  -34.115  -2.398  26.152 0.0000000000
100785  -33.932  -1.530  26.252 0.0000000000
101794  -33.712  -0.633  26.397 0.0000000000
103530  -47.900  1.255  12.492 0.0000000000
103531  -49.007  1.269  11.871 0.0000000000
103539  -50.138  1.253  11.417 0.0000000000
103538  -49.419  1.755  11.379 0.0000000000
104354  -49.078  3.152  10.946 0.0000000000
105239  -47.596  3.532  12.284 0.0000000000
105248  -48.760  3.611  11.169 0.0000000000
105254  -49.325  3.679  10.764 0.0000000000
106292  -49.480  4.671  10.746 0.0000000000
107262  -49.622  5.833  11.185 0.0000000000
108270  -49.788  6.363  11.775 0.0000000000
108131  -41.592  6.147  27.336 0.0000000000
107136  -43.018  5.767  26.337 0.0000000000
107137  -44.090  5.609  26.328 0.0000000000
108134  -44.643  6.078  27.076 0.0000000000
107149  -44.598  4.916  25.735 0.0000000000
107150  -45.577  4.856  25.698 0.0000000000
106180  -45.952  4.482  25.055 0.0000000000
107155  -46.694  4.710  24.947 0.0000000000
110014  -49.825  8.298  26.522 0.0000000000
110021  -49.944  8.359  25.462 0.0000000000
110028  -50.058  8.434  24.511 0.0000000000
110029  -50.434  8.103  24.137 0.0000000000
111019  -49.763  8.782  23.482 0.0000000000
110035  -50.315  8.569  22.940 0.0000000000
109089  -50.581  7.788  22.735 0.0000000000
109095  -50.646  7.924  21.855 0.0000000000
108191  -50.546  7.574  20.335 0.0000000000
109124  -50.558  7.541  19.282 0.0000000000
108205  -50.767  7.517  18.320 0.0000000000
109125  -50.831  7.781  18.962 0.0000000000
110078  -51.107  8.314  17.611 0.0000000000
111066  -50.613  9.256  18.817 0.0000000000
111072  -50.813  9.126  17.615 0.0000000000
111080  -51.088  8.703  16.837 0.0000000000
111087  -50.807  9.851  15.465 0.0000000000
112091  -50.627  10.912  15.015 0.0000000000
112988  -50.248  11.546  15.556 0.0000000000
112987  -49.751  12.056  16.076 0.0000000000
112977  -49.615  11.731  17.092 0.0000000000
113759  -48.711  13.058  16.143 0.0000000000
114481  -48.261  13.366  16.336 0.0000000000
114490  -47.811  13.930  16.074 0.0000000000
115185  -41.066  14.156  21.088 0.0000000000
114457  -41.825  13.736  19.764 0.0000000000
115191  -40.961  14.834  19.566 0.0000000000
115959  -41.235  14.872  18.772 0.0000000000
116776  -40.586  16.465  18.347 0.0000000000
115965  -40.905  15.707  17.677 0.0000000000
115980  -41.214  16.192  15.988 0.0000000000
116795  -41.370  16.445  15.023 0.0000000000
116802  -40.876  17.166  13.146 0.0000000000
118387  -40.048  18.899  13.128 0.0000000000
118386  -39.705  19.098  12.617 0.0000000000
119906  -38.471  20.317  13.254 0.0000000000
119894  -38.477  20.940  13.428 0.0000000000
96408  -47.529  -5.302  18.317 0.0000000000
97523  -47.677  -5.023  17.693 0.0000000000
97522  -46.793  -4.936  17.883 0.0000000000
98671  -45.947  -3.676  17.233 0.0000000000
98656  -45.716  -3.950  17.984 0.0000000000
99732  -44.194  -2.343  19.191 0.0000000000
101872  -45.323  -0.654  16.876 0.0000000000
102715  -45.582  0.277  16.340 0.0000000000
104315  -45.826  1.704  16.326 0.0000000000
104309  -46.003  2.742  16.334 0.0000000000
105210  -45.896  3.255  16.614 0.0000000000
106246  -46.440  4.310  16.678 0.0000000000
109021  -46.537  7.332  31.525 0.0000000000
109040  -46.398  6.894  30.979 0.0000000000
109042  -48.593  7.215  31.170 0.0000000000
109043  -49.501  7.190  31.036 0.0000000000
110942  -48.716  9.208  31.271 0.0000000000
109948  -49.608  8.209  31.343 0.0000000000
109044  -50.250  7.313  30.665 0.0000000000
109976  -50.515  7.818  30.017 0.0000000000
109975  -49.897  8.433  29.737 0.0000000000
109994  -49.349  8.567  28.772 0.0000000000
114391  -49.056  13.496  30.060 0.0000000000
113648  -49.083  12.853  29.956 0.0000000000
112887  -47.738  11.671  28.676 0.0000000000
111964  -48.195  10.780  29.657 0.0000000000
110981  -47.917  9.506  29.075 0.0000000000
109993  -48.145  9.099  28.849 0.0000000000
110013  -48.905  8.474  26.824 0.0000000000
110019  -48.168  8.524  26.041 0.0000000000
110025  -47.369  8.562  25.324 0.0000000000
110024  -46.572  8.646  25.723 0.0000000000
111010  -47.679  8.769  24.289 0.0000000000
111032  -46.736  10.006  21.678 0.0000000000
112039  -47.217  10.652  20.582 0.0000000000
112022  -46.070  10.201  21.487 0.0000000000
112021  -45.092  10.353  21.650 0.0000000000
112036  -44.582  10.796  21.232 0.0000000000
112011  -44.543  10.052  23.187 0.0000000000
112020  -44.120  10.610  21.844 0.0000000000
112923  -43.993  11.114  21.238 0.0000000000
112922  -43.242  11.359  21.656 0.0000000000
113696  -42.492  12.177  21.581 0.0000000000
113699  -42.006  12.814  21.275 0.0000000000
113682  -43.819  12.174  25.404 0.0000000000
113686  -42.681  12.462  24.371 0.0000000000
115169  -43.265  14.403  24.224 0.0000000000
114430  -42.971  13.664  24.392 0.0000000000
113690  -42.192  12.986  23.898 0.0000000000
113692  -41.746  12.537  22.751 0.0000000000
114439  -41.511  13.285  22.383 0.0000000000
114442  -41.466  13.386  21.585 0.0000000000
115939  -40.793  15.782  20.795 0.0000000000
116763  -41.019  16.682  20.653 0.0000000000
117502  -42.119  16.978  21.754 0.0000000000
117516  -41.559  17.113  21.042 0.0000000000
117526  -41.042  17.242  20.010 0.0000000000
118349  -41.586  18.290  19.117 0.0000000000
118361  -42.261  19.126  18.164 0.0000000000
102676  -39.550  0.420  23.582 0.0000000000
103458  -39.774  1.432  24.047 0.0000000000
105154  -39.426  3.063  24.898 0.0000000000
105150  -39.116  3.545  25.230 0.0000000000
105151  -39.809  3.926  25.169 0.0000000000
107145  -40.062  5.112  26.013 0.0000000000
107134  -40.587  5.814  26.998 0.0000000000
106146  -38.632  4.503  30.267 0.0000000000
106155  -38.845  4.650  29.286 0.0000000000
107122  -39.193  5.096  28.545 0.0000000000
107130  -40.381  5.780  28.285 0.0000000000
108119  -41.103  6.094  28.085 0.0000000000
108120  -42.032  6.269  28.148 0.0000000000
108107  -42.649  6.013  29.139 0.0000000000
107116  -41.478  5.089  30.491 0.0000000000
107117  -42.381  5.274  30.956 0.0000000000
108094  -43.380  5.805  30.430 0.0000000000
108073  -44.536  6.245  31.038 0.0000000000
108055  -45.390  6.791  31.364 0.0000000000
109035  -41.488  7.810  30.699 0.0000000000
109036  -42.414  7.743  31.100 0.0000000000
109037  -43.238  7.687  31.279 0.0000000000
109973  -43.639  8.805  30.133 0.0000000000
109038  -43.774  7.634  31.408 0.0000000000
109019  -44.328  7.485  31.540 0.0000000000
109020  -45.382  7.404  31.593 0.0000000000
109945  -46.211  8.181  31.718 0.0000000000
110940  -46.675  9.329  31.603 0.0000000000
111955  -46.130  10.478  30.857 0.0000000000
112856  -47.194  11.167  31.280 0.0000000000
114369  -47.487  13.507  31.742 0.0000000000
115875  -47.431  15.258  31.588 0.0000000000
116669  -45.597  15.794  31.449 0.0000000000
97512  -49.208  -4.332  18.815 0.0000000000
99720  -50.742  -1.970  21.450 0.0000000000
98615  -50.096  -3.506  21.652 0.0000000000
98624  -50.146  -3.317  20.677 0.0000000000
96401  -48.619  -4.963  19.026 0.0000000000
96400  -47.928  -5.323  19.030 0.0000000000
96387  -46.757  -5.367  19.814 0.0000000000
96377  -47.321  -5.476  20.804 0.0000000000
97483  -45.018  -4.300  20.362 0.0000000000
97482  -44.458  -4.196  20.556 0.0000000000
96368  -45.364  -5.141  21.834 0.0000000000
97481  -43.894  -4.079  20.595 0.0000000000
97480  -43.229  -4.031  20.609 0.0000000000
98619  -42.035  -3.468  20.555 0.0000000000
99719  -40.993  -2.948  21.067 0.0000000000
99718  -40.592  -2.633  21.508 0.0000000000
100815  -39.938  -1.658  22.418 0.0000000000
97401  -48.401  -4.312  28.920 0.0000000000
100745  -44.119  -1.413  31.025 0.0000000000
99636  -44.502  -1.897  30.471 0.0000000000
99658  -44.859  -2.496  30.277 0.0000000000
98540  -44.932  -3.273  29.914 0.0000000000
97381  -46.667  -4.655  29.777 0.0000000000
97400  -47.538  -5.060  28.660 0.0000000000
95287  -44.821  -6.461  25.980 0.0000000000
95297  -44.331  -6.541  25.167 0.0000000000
95307  -42.771  -6.781  24.423 0.0000000000
95283  -40.911  -6.338  26.246 0.0000000000
95293  -40.352  -6.534  25.322 0.0000000000
95294  -41.321  -6.619  25.403 0.0000000000
95306  -41.715  -6.777  24.448 0.0000000000
95317  -42.150  -6.553  23.525 0.0000000000
100814  -39.390  -1.746  22.885 0.0000000000
104258  -37.752  1.804  24.838 0.0000000000
102671  -37.512  0.388  24.542 0.0000000000
104254  -37.449  2.333  25.229 0.0000000000
105143  -36.155  3.288  26.854 0.0000000000
101803  -35.545  -1.132  25.329 0.0000000000
101798  -35.690  -0.067  25.352 0.0000000000
105142  -35.389  2.953  27.014 0.0000000000
105118  -34.684  3.720  30.748 0.0000000000
106132  -34.280  4.474  31.339 0.0000000000
105117  -33.631  3.520  30.520 0.0000000000
107081  -33.724  5.004  31.345 0.0000000000
107099  -34.135  5.529  30.949 0.0000000000
97571  -51.521  -4.120  12.372 0.0000000000
98709  -52.230  -2.645  11.633 0.0000000000
98673  -47.787  -4.074  16.416 0.0000000000
98685  -47.913  -3.486  15.734 0.0000000000
100890  -47.494  -1.567  14.330 0.0000000000
101894  -47.843  -0.562  13.565 0.0000000000
99796  -49.003  -2.041  14.584 0.0000000000
100894  -50.677  -1.716  13.829 0.0000000000
99827  -52.295  -1.640  10.055 0.0000000000
101921  -52.583  -0.260  10.242 0.0000000000
100924  -52.431  -0.801  9.887 0.0000000000
100936  -52.260  -0.649  9.450 0.0000000000
101942  -51.919  0.008  8.975 0.0000000000
102789  -51.538  0.719  8.805 0.0000000000
104349  -50.524  1.743  10.857 0.0000000000
103546  -51.394  1.663  10.335 0.0000000000
104365  -51.525  1.879  9.753 0.0000000000
104371  -51.481  1.877  9.196 0.0000000000
103561  -50.529  1.779  8.566 0.0000000000
104369  -50.189  2.757  8.590 0.0000000000
105267  -49.720  3.681  8.655 0.0000000000
102678  -40.895  0.774  22.864 0.0000000000
103464  -41.631  1.453  22.915 0.0000000000
103467  -41.672  1.319  22.090 0.0000000000
103470  -41.773  1.317  21.348 0.0000000000
103471  -42.278  1.863  21.128 0.0000000000
104278  -42.682  2.586  20.772 0.0000000000
106186  -42.794  3.745  24.755 0.0000000000
104264  -43.559  2.823  23.951 0.0000000000
105164  -44.266  3.247  23.743 0.0000000000
105163  -43.825  2.940  23.914 0.0000000000
104268  -43.655  2.819  23.508 0.0000000000
104276  -43.214  2.837  21.831 0.0000000000
104279  -42.950  2.789  21.329 0.0000000000
105180  -42.760  2.945  20.280 0.0000000000
104282  -43.068  2.996  19.444 0.0000000000
105190  -43.490  3.438  19.179 0.0000000000
106235  -44.536  3.767  18.196 0.0000000000
106219  -44.128  4.605  20.200 0.0000000000
106228  -44.259  4.348  19.005 0.0000000000
106236  -45.356  4.312  17.724 0.0000000000
106237  -46.185  4.772  17.353 0.0000000000
109063  -46.891  6.913  30.482 0.0000000000
108111  -47.018  6.606  28.883 0.0000000000
108125  -47.340  6.418  27.896 0.0000000000
108126  -48.333  6.411  27.867 0.0000000000
108137  -47.590  6.225  27.040 0.0000000000
108136  -46.659  6.047  27.033 0.0000000000
107140  -47.033  5.728  26.280 0.0000000000
107159  -47.182  4.967  24.056 0.0000000000
108141  -50.463  6.957  26.083 0.0000000000
108144  -49.879  6.595  25.424 0.0000000000
108152  -49.882  6.745  23.383 0.0000000000
108147  -49.036  6.221  24.760 0.0000000000
107160  -48.011  5.566  24.093 0.0000000000
107163  -46.980  5.086  23.198 0.0000000000
108172  -47.582  6.414  20.049 0.0000000000
107189  -46.671  6.110  19.336 0.0000000000
107207  -46.801  5.287  17.324 0.0000000000
106247  -47.062  4.859  16.384 0.0000000000
107225  -47.755  5.250  15.434 0.0000000000
108236  -48.909  6.189  15.667 0.0000000000
108263  -49.855  6.554  12.413 0.0000000000
108271  -50.322  6.717  11.579 0.0000000000
108217  -50.709  7.275  17.760 0.0000000000
108249  -51.065  7.144  15.377 0.0000000000
109161  -51.189  7.526  15.005 0.0000000000
108279  -50.454  6.406  10.707 0.0000000000
108280  -50.747  6.850  10.656 0.0000000000
108290  -50.960  6.972  9.904 0.0000000000
108299  -50.819  7.109  9.557 0.0000000000
109207  -50.692  7.899  9.755 0.0000000000
109219  -50.654  7.407  9.431 0.0000000000
109218  -50.211  7.951  9.188 0.0000000000
112103  -50.354  11.553  13.415 0.0000000000
113011  -50.023  11.999  13.623 0.0000000000
112102  -49.716  11.510  13.257 0.0000000000
112949  -46.578  11.623  19.512 0.0000000000
113716  -46.648  12.139  18.900 0.0000000000
113714  -44.744  12.203  19.512 0.0000000000
113731  -45.839  12.622  18.520 0.0000000000
113732  -46.792  12.649  18.214 0.0000000000
114479  -47.122  13.434  17.125 0.0000000000
114488  -46.664  13.857  16.737 0.0000000000
115229  -47.217  14.392  15.884 0.0000000000
115203  -42.643  13.693  18.844 0.0000000000
115210  -43.115  13.877  18.074 0.0000000000
115211  -43.980  13.620  17.875 0.0000000000
115225  -43.424  14.832  16.234 0.0000000000
115218  -44.380  13.991  17.138 0.0000000000
115227  -45.348  14.427  16.180 0.0000000000
115239  -46.083  14.757  15.526 0.0000000000
115995  -46.901  14.918  15.208 0.0000000000
115247  -46.708  14.913  14.376 0.0000000000
114524  -46.356  14.812  13.834 0.0000000000
114523  -45.879  14.532  13.514 0.0000000000
115268  -45.246  15.418  12.518 0.0000000000
114522  -45.052  14.298  13.168 0.0000000000
114511  -44.788  13.648  13.815 0.0000000000
114508  -41.639  13.513  13.961 0.0000000000
116810  -39.787  16.483  12.152 0.0000000000
116011  -39.776  15.494  12.238 0.0000000000
117574  -38.860  18.115  12.337 0.0000000000
116809  -38.950  16.531  12.894 0.0000000000
116010  -39.262  15.613  12.810 0.0000000000
115988  -37.737  15.349  15.490 0.0000000000
118316  -47.491  18.581  21.473 0.0000000000
119119  -44.963  19.257  19.237 0.0000000000
118352  -44.296  19.264  18.948 0.0000000000
119129  -43.666  19.352  18.304 0.0000000000
119141  -42.685  19.363  17.580 0.0000000000
119154  -42.779  19.802  16.412 0.0000000000
119885  -43.725  20.698  14.688 0.0000000000
119164  -42.389  20.240  15.478 0.0000000000
119883  -41.667  20.398  14.892 0.0000000000
119909  -40.749  21.021  13.741 0.0000000000
121412  -41.262  22.352  13.657 0.0000000000
121411  -40.335  22.168  13.596 0.0000000000
120661  -39.988  21.548  13.470 0.0000000000
120651  -39.037  21.528  13.540 0.0000000000
120650  -38.101  21.441  13.909 0.0000000000
95274  -43.165  -6.074  27.125 0.0000000000
95320  -44.615  -6.019  23.576 0.0000000000
95327  -43.921  -5.889  22.844 0.0000000000
96284  -47.408  -5.325  27.861 0.0000000000
96343  -44.606  -5.828  23.194 0.0000000000
97434  -35.042  -3.724  25.597 0.0000000000
97454  -38.118  -4.114  23.792 0.0000000000
98593  -36.519  -3.446  24.682 0.0000000000
98657  -46.214  -4.283  17.582 0.0000000000
98730  -51.784  -2.806  10.370 0.0000000000
99687  -33.497  -2.365  26.497 0.0000000000
99724  -41.514  -2.600  20.582 0.0000000000
99840  -52.158  -1.182  9.540 0.0000000000
99853  -51.337  -1.192  8.775 0.0000000000
100935  -51.910  -0.853  9.098 0.0000000000
101792  -32.482  -0.698  27.201 0.0000000000
101806  -37.746  -0.115  24.346 0.0000000000
101821  -39.295  -1.220  23.103 0.0000000000
101822  -39.807  -0.702  22.853 0.0000000000
101915  -52.545  -0.381  10.987 0.0000000000
101929  -52.163  -0.378  9.255 0.0000000000
101943  -52.127  0.434  9.275 0.0000000000
102667  -35.419  0.458  25.634 0.0000000000
102680  -40.512  0.100  22.561 0.0000000000
102764  -52.191  0.410  10.944 0.0000000000
102770  -52.327  0.600  10.339 0.0000000000
102778  -51.987  0.952  9.294 0.0000000000
102791  -52.054  0.715  9.303 0.0000000000
103456  -37.891  1.241  24.612 0.0000000000
103457  -38.756  1.405  24.358 0.0000000000
103556  -52.244  0.914  9.903 0.0000000000
104245  -35.061  2.806  27.089 0.0000000000
104269  -44.105  3.074  23.353 0.0000000000
104273  -43.982  2.978  23.138 0.0000000000
104281  -42.670  2.508  19.800 0.0000000000
104357  -51.481  1.790  10.122 0.0000000000
105129  -36.278  3.893  30.468 0.0000000000
105155  -40.147  3.283  24.802 0.0000000000
105159  -44.367  3.627  24.291 0.0000000000
105160  -44.856  3.894  24.310 0.0000000000
105167  -44.060  3.297  22.528 0.0000000000
105181  -43.102  3.464  20.008 0.0000000000
106133  -35.090  4.532  31.336 0.0000000000
106136  -37.630  4.606  31.150 0.0000000000
106138  -39.225  4.632  30.710 0.0000000000
106143  -36.301  4.175  31.154 0.0000000000
106144  -36.883  4.181  30.857 0.0000000000
106156  -39.360  4.779  29.586 0.0000000000
106162  -38.649  4.888  28.360 0.0000000000
106181  -46.438  4.594  25.001 0.0000000000
106190  -46.455  4.533  24.523 0.0000000000
106191  -46.903  4.749  24.315 0.0000000000
106196  -46.714  4.659  23.904 0.0000000000
106210  -44.800  4.583  21.608 0.0000000000
106261  -46.756  3.626  15.177 0.0000000000
106282  -47.944  4.120  11.997 0.0000000000
106284  -49.143  5.190  11.237 0.0000000000
106291  -48.984  4.156  11.005 0.0000000000
107083  -35.498  5.037  31.354 0.0000000000
107089  -41.729  5.806  31.805 0.0000000000
107091  -42.964  6.241  31.909 0.0000000000
107128  -38.902  5.215  27.710 0.0000000000
107132  -38.645  5.090  27.128 0.0000000000
107135  -41.893  5.800  26.502 0.0000000000
107142  -48.427  6.298  26.510 0.0000000000
107175  -44.582  4.878  20.634 0.0000000000
107244  -48.665  5.823  13.262 0.0000000000
107252  -48.250  5.311  12.835 0.0000000000
107280  -50.785  6.432  9.693 0.0000000000
108051  -42.073  6.520  31.891 0.0000000000
108075  -45.913  6.710  31.058 0.0000000000
108076  -48.232  6.985  30.774 0.0000000000
108092  -41.594  5.304  29.852 0.0000000000
108100  -49.917  6.601  29.471 0.0000000000
108101  -50.599  6.797  29.237 0.0000000000
108162  -50.492  7.611  21.307 0.0000000000
108176  -50.596  7.682  20.679 0.0000000000
108201  -47.233  6.165  18.757 0.0000000000
109017  -42.609  7.166  31.691 0.0000000000
109018  -43.384  7.166  31.683 0.0000000000
109023  -49.116  7.656  31.518 0.0000000000
109024  -49.870  7.626  31.202 0.0000000000
109025  -50.127  7.567  31.080 0.0000000000
109033  -39.557  7.153  30.737 0.0000000000
109039  -45.935  6.705  30.808 0.0000000000
109061  -45.790  6.687  30.539 0.0000000000
109064  -50.662  7.189  29.860 0.0000000000
109079  -50.799  7.418  27.861 0.0000000000
109083  -50.463  7.497  25.634 0.0000000000
109115  -50.669  7.635  19.538 0.0000000000
109133  -51.229  8.016  17.391 0.0000000000
109151  -51.025  7.236  16.523 0.0000000000
109160  -50.954  7.237  14.192 0.0000000000
109188  -50.796  7.258  11.905 0.0000000000
109943  -44.665  8.122  31.315 0.0000000000
109949  -50.035  7.780  31.229 0.0000000000
109954  -42.320  8.220  30.360 0.0000000000
109957  -44.908  8.540  31.072 0.0000000000
109960  -50.214  7.819  30.945 0.0000000000
109971  -42.139  8.611  29.741 0.0000000000
110004  -47.312  8.993  28.083 0.0000000000
110007  -50.417  7.955  27.270 0.0000000000
110010  -46.273  8.882  26.829 0.0000000000
110017  -46.383  8.766  26.459 0.0000000000
110022  -50.396  8.032  25.097 0.0000000000
110032  -50.129  8.549  23.602 0.0000000000
110033  -50.492  8.183  23.259 0.0000000000
110079  -51.244  8.228  17.108 0.0000000000
110147  -50.347  8.714  9.660 0.0000000000
110148  -50.588  8.439  9.894 0.0000000000
110952  -49.455  8.756  30.690 0.0000000000
110962  -47.848  10.250  29.328 0.0000000000
110980  -47.423  9.736  28.738 0.0000000000
110993  -45.249  10.209  26.931 0.0000000000
110996  -47.023  9.379  28.245 0.0000000000
111001  -46.279  9.136  27.309 0.0000000000
111003  -44.065  9.942  25.242 0.0000000000
111021  -45.617  9.889  22.543 0.0000000000
111025  -49.864  8.963  22.811 0.0000000000
111026  -50.307  8.716  22.559 0.0000000000
111073  -51.093  8.532  17.303 0.0000000000
111994  -45.886  10.611  27.464 0.0000000000
111999  -45.474  10.891  27.029 0.0000000000
112004  -43.022  11.187  24.258 0.0000000000
112006  -43.909  10.070  24.379 0.0000000000
112013  -42.471  11.396  23.322 0.0000000000
112023  -46.945  10.261  21.217 0.0000000000
112037  -45.315  10.685  20.951 0.0000000000
112040  -48.257  10.674  20.480 0.0000000000
112116  -49.471  10.035  9.961 0.0000000000
112122  -49.439  9.978  9.459 0.0000000000
112862  -45.934  11.243  30.523 0.0000000000
112873  -48.254  11.461  29.325 0.0000000000
112911  -42.681  11.688  24.192 0.0000000000
112914  -41.948  12.218  23.409 0.0000000000
112915  -42.172  11.983  23.646 0.0000000000
112917  -41.879  12.134  23.186 0.0000000000
112919  -42.823  11.208  22.361 0.0000000000
112932  -47.395  11.137  19.956 0.0000000000
112948  -45.646  11.630  19.745 0.0000000000
112965  -48.022  11.897  18.776 0.0000000000
113689  -41.898  12.567  23.373 0.0000000000
113695  -41.860  12.717  21.972 0.0000000000
113701  -43.519  12.089  20.464 0.0000000000
113745  -47.249  12.909  17.693 0.0000000000
113747  -48.638  12.718  16.936 0.0000000000
113775  -49.074  12.552  15.301 0.0000000000
114370  -48.433  13.357  31.621 0.0000000000
114371  -49.003  13.312  31.241 0.0000000000
114378  -46.728  13.157  31.478 0.0000000000
114379  -49.147  13.424  30.585 0.0000000000
114428  -45.307  13.976  25.625 0.0000000000
114435  -41.774  13.598  23.259 0.0000000000
114448  -42.471  12.944  20.219 0.0000000000
114468  -45.076  13.113  18.185 0.0000000000
114470  -46.669  13.137  17.618 0.0000000000
114489  -47.213  13.943  16.457 0.0000000000
114491  -48.215  13.523  15.878 0.0000000000
114501  -47.776  13.763  15.519 0.0000000000
114528  -42.293  14.122  12.407 0.0000000000
114530  -43.695  14.521  12.075 0.0000000000
115110  -47.097  14.698  31.932 0.0000000000
115112  -48.709  13.828  31.466 0.0000000000
115139  -48.198  14.532  29.931 0.0000000000
115140  -48.874  14.032  30.319 0.0000000000
115170  -43.807  14.416  24.429 0.0000000000
115173  -45.957  14.778  25.186 0.0000000000
115177  -43.691  14.925  24.081 0.0000000000
115192  -41.280  14.167  20.063 0.0000000000
115201  -41.135  14.830  19.048 0.0000000000
115220  -46.252  13.931  16.735 0.0000000000
115237  -44.640  14.961  15.312 0.0000000000
115240  -46.764  14.695  15.504 0.0000000000
115241  -47.182  14.552  15.293 0.0000000000
115248  -47.089  14.786  14.855 0.0000000000
115256  -45.341  14.821  12.650 0.0000000000
115258  -46.403  15.125  13.794 0.0000000000
115262  -40.518  15.077  11.827 0.0000000000
115263  -41.078  14.856  11.607 0.0000000000
115264  -42.060  14.455  11.770 0.0000000000
115267  -44.693  15.096  12.013 0.0000000000
115274  -41.759  14.969  11.314 0.0000000000
115276  -43.282  15.203  11.424 0.0000000000
115278  -44.569  15.545  12.071 0.0000000000
115873  -45.923  15.594  31.661 0.0000000000
115919  -45.178  15.253  24.156 0.0000000000
115922  -46.672  16.045  24.261 0.0000000000
115924  -42.050  15.472  22.947 0.0000000000
115927  -44.655  15.412  23.894 0.0000000000
115974  -42.504  14.927  16.802 0.0000000000
115993  -45.910  15.243  14.992 0.0000000000
115994  -46.555  15.089  15.135 0.0000000000
116006  -46.903  15.055  14.909 0.0000000000
116012  -42.207  16.428  12.716 0.0000000000
116013  -42.752  16.307  12.653 0.0000000000
116014  -43.608  16.123  12.981 0.0000000000
116015  -44.519  16.031  13.154 0.0000000000
116022  -40.278  15.429  11.868 0.0000000000
116025  -43.394  16.224  12.255 0.0000000000
116026  -44.060  16.056  12.244 0.0000000000
116033  -41.226  15.447  11.320 0.0000000000
116034  -41.861  15.484  11.183 0.0000000000
116035  -42.694  15.610  11.243 0.0000000000
116037  -44.035  15.723  11.875 0.0000000000
116038  -44.415  15.797  12.116 0.0000000000
116670  -45.878  15.934  31.440 0.0000000000
116737  -46.720  16.400  23.789 0.0000000000
116739  -41.718  16.289  22.044 0.0000000000
116742  -44.298  16.663  22.922 0.0000000000
116751  -40.917  16.286  20.831 0.0000000000
116753  -41.829  16.559  21.912 0.0000000000
116770  -40.799  16.686  20.138 0.0000000000
116788  -41.261  16.274  15.679 0.0000000000
116821  -41.491  16.399  11.674 0.0000000000
116822  -42.446  16.393  11.913 0.0000000000
116823  -43.180  16.211  11.843 0.0000000000
116830  -40.968  15.730  11.358 0.0000000000
116833  -42.946  16.064  11.444 0.0000000000
116834  -43.572  15.992  11.746 0.0000000000
117488  -42.402  16.827  22.111 0.0000000000
117490  -43.773  17.139  22.436 0.0000000000
117501  -41.654  16.847  21.435 0.0000000000
117517  -42.324  17.610  21.168 0.0000000000
117518  -42.995  17.985  21.160 0.0000000000
117535  -41.172  17.768  19.423 0.0000000000
117576  -39.746  18.342  12.281 0.0000000000
118312  -43.650  18.017  21.434 0.0000000000
118325  -41.773  17.670  20.579 0.0000000000
118337  -41.695  18.006  19.962 0.0000000000
118340  -44.532  19.139  19.774 0.0000000000
118360  -41.505  18.730  18.148 0.0000000000
118369  -41.211  18.943  17.305 0.0000000000
119182  -39.517  19.106  12.496 0.0000000000
119910  -41.932  21.426  13.651 0.0000000000
120652  -39.578  21.875  13.583 0.0000000000
120660  -39.466  21.090  13.353 0.0000000000
