#!ascii label  , from subject mmSR20151113 vox2ras=TkReg
2097
62387  -29.605  -34.976  57.576 0.0000000000
78765  -46.568  -21.660  38.500 0.0000000000
75139  -35.498  -25.144  47.099 0.0000000000
54305  -0.739  -44.208  51.811 0.0000000000
48752  -18.765  -47.980  53.025 0.0000000000
62398  -0.073  -35.500  55.928 0.0000000000
59991  0.582  -38.714  63.046 0.0000000000
80856  -42.424  -20.608  44.746 0.0000000000
68185  -2.597  -31.632  51.740 0.0000000000
46473  1.398  -50.285  57.863 0.0000000000
65884  -33.395  -33.864  48.509 0.0000000000
60097  -24.602  -38.071  55.335 0.0000000000
55402  -22.632  -42.388  57.565 0.0000000000
82983  -48.560  -17.448  37.280 0.0000000000
76365  -38.983  -23.804  46.079 0.0000000000
52130  -14.427  -44.952  51.742 0.0000000000
73919  -1.159  -26.124  54.407 0.0000000000
58934  -1.119  -39.385  54.478 0.0000000000
60188  -3.618  -38.438  48.019 0.0000000000
55538  -1.501  -41.877  46.585 0.0000000000
47505  -5.461  -48.879  62.318 0.0000000000
47498  -1.375  -48.405  62.747 0.0000000000
76272  -32.993  -24.799  50.883 0.0000000000
50907  -21.077  -45.469  60.076 0.0000000000
48816  -21.782  -46.526  49.592 0.0000000000
62353  -0.142  -36.767  60.141 0.0000000000
56522  1.729  -41.599  56.796 0.0000000000
78705  -44.456  -21.882  41.807 0.0000000000
48632  -8.808  -47.693  58.472 0.0000000000
48722  -11.841  -46.161  54.514 0.0000000000
63611  -0.027  -35.061  51.008 0.0000000000
64791  -0.436  -34.300  44.837 0.0000000000
57592  -1.799  -40.163  64.826 0.0000000000
52053  1.112  -45.361  60.232 0.0000000000
50955  1.254  -47.337  54.586 0.0000000000
64688  -31.405  -33.144  56.249 0.0000000000
61242  -29.748  -35.022  55.791 0.0000000000
62442  -32.083  -34.666  53.606 0.0000000000
61239  -27.885  -36.627  57.166 0.0000000000
61272  -28.203  -35.371  54.874 0.0000000000
60055  -26.357  -38.232  58.341 0.0000000000
80947  -47.346  -19.335  37.626 0.0000000000
76471  -43.517  -23.687  35.805 0.0000000000
79864  -45.140  -21.143  36.497 0.0000000000
81993  -46.207  -18.304  36.228 0.0000000000
75153  -37.289  -24.594  46.711 0.0000000000
74007  -33.229  -26.333  46.760 0.0000000000
74019  -34.704  -25.338  45.390 0.0000000000
75171  -36.413  -24.314  44.598 0.0000000000
57745  0.151  -41.095  52.749 0.0000000000
58994  -0.943  -40.687  50.695 0.0000000000
54333  -1.364  -43.003  48.847 0.0000000000
53292  -2.595  -44.858  44.563 0.0000000000
52169  -1.638  -45.827  48.355 0.0000000000
46475  -4.867  -49.530  58.219 0.0000000000
46467  -3.495  -50.620  60.419 0.0000000000
73940  -32.617  -26.645  52.288 0.0000000000
69335  -33.000  -31.419  52.118 0.0000000000
68214  -32.754  -32.394  48.514 0.0000000000
70483  -32.079  -30.184  51.037 0.0000000000
71647  -31.283  -28.520  49.855 0.0000000000
54186  -21.473  -41.978  62.514 0.0000000000
54296  -22.380  -43.144  53.379 0.0000000000
52115  -23.103  -45.388  53.313 0.0000000000
87326  -47.351  -14.432  35.440 0.0000000000
90420  -48.625  -11.658  35.575 0.0000000000
61174  0.229  -37.413  61.953 0.0000000000
58857  0.234  -39.908  59.551 0.0000000000
57652  0.975  -40.881  60.607 0.0000000000
80897  -42.997  -21.147  42.919 0.0000000000
79759  -38.985  -21.629  43.156 0.0000000000
79795  -40.460  -21.319  41.462 0.0000000000
77590  -41.716  -23.478  39.308 0.0000000000
48599  -8.804  -46.967  61.226 0.0000000000
48612  -10.355  -47.063  59.641 0.0000000000
66982  2.134  -32.678  55.498 0.0000000000
68151  2.553  -31.584  53.866 0.0000000000
62467  -0.765  -35.861  53.043 0.0000000000
60216  -0.543  -38.653  45.098 0.0000000000
62565  -2.498  -36.453  45.510 0.0000000000
62587  0.061  -36.374  43.454 0.0000000000
57595  -4.227  -40.488  65.239 0.0000000000
46465  0.302  -49.585  59.850 0.0000000000
49781  0.535  -47.232  61.763 0.0000000000
48607  1.409  -48.043  59.942 0.0000000000
52079  1.296  -45.878  57.785 0.0000000000
48667  2.210  -48.451  56.557 0.0000000000
65856  -33.056  -32.879  52.335 0.0000000000
55352  -23.552  -41.549  61.713 0.0000000000
57667  -24.978  -40.163  59.770 0.0000000000
57720  -23.311  -40.368  56.082 0.0000000000
86248  -49.255  -15.204  37.242 0.0000000000
85123  -47.412  -16.323  35.965 0.0000000000
79732  -40.738  -21.751  45.649 0.0000000000
77543  -37.600  -22.959  43.597 0.0000000000
49938  -18.994  -46.332  51.297 0.0000000000
49916  -17.686  -46.384  52.474 0.0000000000
70432  -0.996  -29.510  53.506 0.0000000000
61223  -2.950  -37.787  56.792 0.0000000000
61283  -4.224  -37.243  53.291 0.0000000000
58983  -2.811  -39.474  51.649 0.0000000000
59031  -1.456  -39.832  47.504 0.0000000000
56653  -0.400  -40.965  43.719 0.0000000000
52016  -6.449  -45.005  65.015 0.0000000000
52019  -3.894  -44.897  64.854 0.0000000000
46427  -3.522  -49.270  63.168 0.0000000000
45286  -1.477  -50.468  60.167 0.0000000000
76305  -34.300  -24.644  49.088 0.0000000000
73995  -32.435  -26.601  48.033 0.0000000000
47577  -20.710  -47.999  54.718 0.0000000000
53147  -22.051  -44.550  58.649 0.0000000000
48733  -21.972  -47.262  54.146 0.0000000000
48791  -20.450  -47.303  51.246 0.0000000000
66965  1.542  -32.623  57.322 0.0000000000
65771  1.432  -33.657  59.020 0.0000000000
62378  -0.138  -35.621  57.910 0.0000000000
60037  -1.558  -38.727  58.229 0.0000000000
57714  0.420  -40.001  55.893 0.0000000000
55445  1.205  -42.443  54.517 0.0000000000
77578  -45.301  -22.893  39.840 0.0000000000
74084  -42.224  -24.853  37.489 0.0000000000
49769  -7.452  -45.484  63.716 0.0000000000
47514  -6.635  -48.475  60.112 0.0000000000
47539  -6.488  -47.915  56.495 0.0000000000
49872  -15.668  -46.654  53.917 0.0000000000
48691  -13.320  -46.643  55.805 0.0000000000
48654  -11.883  -46.995  57.101 0.0000000000
48688  -10.051  -46.601  55.964 0.0000000000
48701  -7.633  -47.256  54.774 0.0000000000
75040  0.112  -26.304  55.381 0.0000000000
70445  1.161  -29.590  52.917 0.0000000000
67036  -0.550  -32.844  51.732 0.0000000000
62510  -3.858  -36.686  49.596 0.0000000000
63643  -2.029  -34.756  47.398 0.0000000000
67064  -0.601  -32.568  47.096 0.0000000000
58804  0.095  -40.011  63.958 0.0000000000
53105  -1.499  -44.411  63.809 0.0000000000
54197  -0.112  -42.988  62.640 0.0000000000
55361  1.241  -42.097  61.061 0.0000000000
54235  1.540  -43.527  58.900 0.0000000000
53177  1.234  -44.672  56.266 0.0000000000
52114  0.081  -45.810  53.192 0.0000000000
45393  2.634  -51.290  54.385 0.0000000000
48742  2.744  -49.103  53.171 0.0000000000
51031  0.067  -46.995  49.562 0.0000000000
63548  -30.203  -34.159  57.443 0.0000000000
64667  -29.762  -34.276  58.836 0.0000000000
61231  -29.315  -35.281  56.945 0.0000000000
62408  -30.849  -34.590  55.477 0.0000000000
61229  -28.563  -36.471  57.736 0.0000000000
61241  -29.142  -35.385  56.398 0.0000000000
62376  -29.177  -35.812  58.900 0.0000000000
60047  -28.273  -36.896  58.565 0.0000000000
80943  -46.916  -20.501  37.943 0.0000000000
77616  -44.643  -23.129  36.750 0.0000000000
77634  -43.968  -22.749  35.903 0.0000000000
79855  -45.896  -21.256  37.085 0.0000000000
80954  -45.827  -20.543  36.823 0.0000000000
75140  -36.737  -24.708  47.355 0.0000000000
75127  -38.100  -24.495  48.197 0.0000000000
75106  -37.181  -24.231  48.943 0.0000000000
74018  -33.968  -25.795  45.689 0.0000000000
74009  -34.719  -25.483  46.268 0.0000000000
75151  -35.514  -25.075  45.982 0.0000000000
55467  0.091  -42.736  52.164 0.0000000000
55478  -0.184  -42.395  51.465 0.0000000000
54312  -0.608  -43.087  50.879 0.0000000000
53227  -2.218  -44.689  48.667 0.0000000000
53212  -1.444  -45.180  50.493 0.0000000000
47537  -5.253  -48.986  56.489 0.0000000000
46478  -4.287  -50.228  56.971 0.0000000000
70453  -32.948  -30.317  53.140 0.0000000000
69348  -32.622  -31.155  51.218 0.0000000000
71620  -32.438  -29.417  52.451 0.0000000000
72798  -32.208  -27.511  51.816 0.0000000000
88336  -49.022  -13.321  36.802 0.0000000000
89370  -48.195  -12.735  35.738 0.0000000000
90421  -49.439  -11.273  36.134 0.0000000000
61163  0.575  -37.468  62.841 0.0000000000
60005  0.240  -39.196  61.733 0.0000000000
58838  0.518  -39.999  61.541 0.0000000000
80876  -42.715  -20.816  43.746 0.0000000000
80857  -43.607  -20.401  44.557 0.0000000000
80874  -40.465  -21.247  44.056 0.0000000000
80915  -39.991  -21.089  42.694 0.0000000000
80895  -40.700  -20.991  43.155 0.0000000000
80896  -41.702  -21.039  42.701 0.0000000000
52038  -10.484  -45.347  61.353 0.0000000000
49789  -10.925  -45.986  60.396 0.0000000000
47575  -19.285  -48.716  54.435 0.0000000000
48728  -18.196  -48.243  53.555 0.0000000000
68156  -2.747  -31.130  53.179 0.0000000000
63573  0.409  -34.943  55.382 0.0000000000
63584  0.655  -34.937  54.365 0.0000000000
62430  -0.324  -35.503  54.639 0.0000000000
60231  -0.010  -38.770  44.170 0.0000000000
61420  -0.244  -37.499  44.117 0.0000000000
61432  0.111  -37.654  43.285 0.0000000000
58807  -5.084  -39.632  64.882 0.0000000000
57597  -5.449  -40.975  65.212 0.0000000000
46470  0.809  -49.899  58.810 0.0000000000
47512  0.757  -48.867  60.421 0.0000000000
47519  1.564  -49.192  58.247 0.0000000000
48629  1.809  -48.232  58.015 0.0000000000
47527  2.046  -49.749  57.397 0.0000000000
64708  -32.435  -33.157  54.488 0.0000000000
63589  -32.516  -33.906  53.418 0.0000000000
65836  -32.771  -32.466  53.878 0.0000000000
68162  -33.071  -31.576  53.362 0.0000000000
58905  -25.482  -38.271  56.885 0.0000000000
58904  -24.985  -39.061  57.103 0.0000000000
58945  -24.427  -38.639  55.782 0.0000000000
57733  -22.978  -40.213  54.849 0.0000000000
85120  -49.183  -16.004  37.291 0.0000000000
82982  -47.990  -17.804  36.994 0.0000000000
83001  -46.302  -17.533  35.912 0.0000000000
84015  -47.923  -16.872  36.567 0.0000000000
85124  -48.050  -15.967  36.362 0.0000000000
78664  -40.051  -22.780  46.096 0.0000000000
78666  -41.246  -21.988  47.073 0.0000000000
77522  -40.330  -22.788  46.861 0.0000000000
76371  -37.486  -24.252  45.339 0.0000000000
76375  -36.898  -23.873  44.275 0.0000000000
77537  -38.551  -23.296  44.711 0.0000000000
77545  -38.929  -22.757  44.496 0.0000000000
73926  -1.359  -26.606  53.948 0.0000000000
71590  -1.499  -28.558  53.535 0.0000000000
72768  -0.900  -27.641  53.602 0.0000000000
58916  -2.280  -38.834  55.562 0.0000000000
58954  -3.735  -38.711  54.018 0.0000000000
58968  -1.893  -39.528  52.566 0.0000000000
56593  -0.941  -41.589  49.225 0.0000000000
59009  -1.258  -40.647  49.553 0.0000000000
57802  -1.092  -40.654  47.042 0.0000000000
57813  -0.680  -40.435  46.037 0.0000000000
56642  -1.133  -41.238  45.221 0.0000000000
55567  -1.679  -42.619  43.931 0.0000000000
48586  -5.532  -47.827  63.598 0.0000000000
48572  -4.738  -47.309  64.333 0.0000000000
46436  -4.271  -49.415  62.691 0.0000000000
44165  -2.686  -51.047  59.090 0.0000000000
45288  -2.477  -50.813  60.028 0.0000000000
44153  -1.747  -50.769  59.606 0.0000000000
44152  -1.220  -50.742  59.352 0.0000000000
76288  -33.536  -24.732  50.041 0.0000000000
73961  -32.223  -26.374  50.693 0.0000000000
72821  -31.687  -27.330  49.407 0.0000000000
75121  -32.654  -25.944  49.131 0.0000000000
75122  -33.374  -25.638  48.541 0.0000000000
49793  -20.507  -45.639  60.372 0.0000000000
47524  -20.552  -47.362  57.451 0.0000000000
47547  -21.283  -47.482  56.341 0.0000000000
55375  -23.358  -42.110  59.719 0.0000000000
54218  -22.392  -43.362  60.170 0.0000000000
54240  -22.274  -43.777  58.151 0.0000000000
49919  -22.672  -46.069  51.651 0.0000000000
50956  -22.801  -46.304  54.456 0.0000000000
48775  -21.474  -47.275  51.808 0.0000000000
48755  -21.237  -47.879  52.743 0.0000000000
48792  -21.040  -47.093  51.000 0.0000000000
48813  -20.186  -46.946  50.791 0.0000000000
63514  1.160  -35.151  60.354 0.0000000000
62352  0.585  -35.770  59.869 0.0000000000
63524  1.027  -35.164  59.180 0.0000000000
62366  0.031  -35.892  59.096 0.0000000000
62368  -1.548  -37.359  58.846 0.0000000000
61203  -1.000  -37.525  59.670 0.0000000000
57670  0.604  -40.572  58.479 0.0000000000
58879  0.281  -40.185  57.614 0.0000000000
57698  0.929  -40.699  56.627 0.0000000000
56535  1.203  -41.274  54.783 0.0000000000
56523  1.472  -41.272  56.151 0.0000000000
78744  -45.017  -22.598  40.531 0.0000000000
78707  -46.022  -21.612  41.916 0.0000000000
78706  -45.280  -21.837  41.902 0.0000000000
78718  -43.045  -22.237  41.029 0.0000000000
76412  -42.256  -23.799  39.060 0.0000000000
77576  -43.503  -23.310  40.007 0.0000000000
75217  -43.760  -24.079  38.367 0.0000000000
54179  -8.841  -43.745  63.650 0.0000000000
48610  -9.161  -47.510  60.092 0.0000000000
48602  -7.564  -47.634  61.165 0.0000000000
48619  -8.034  -47.854  59.262 0.0000000000
47521  -6.345  -48.288  58.263 0.0000000000
48649  -7.287  -47.653  57.500 0.0000000000
51003  -15.570  -45.431  52.457 0.0000000000
49893  -16.360  -46.830  53.439 0.0000000000
50985  -15.015  -45.734  52.860 0.0000000000
49869  -12.384  -45.958  54.027 0.0000000000
49870  -13.483  -46.044  54.159 0.0000000000
48723  -12.886  -46.210  54.680 0.0000000000
48673  -12.251  -46.769  56.663 0.0000000000
48690  -12.280  -46.636  55.991 0.0000000000
48672  -11.368  -46.959  56.855 0.0000000000
48704  -10.835  -46.334  54.900 0.0000000000
49865  -8.560  -46.739  53.402 0.0000000000
73902  1.209  -27.177  55.666 0.0000000000
64734  1.606  -34.196  52.644 0.0000000000
69306  2.117  -30.111  52.971 0.0000000000
67023  1.175  -32.567  52.751 0.0000000000
67024  0.292  -32.753  52.427 0.0000000000
64748  -0.145  -34.418  50.537 0.0000000000
60142  -4.837  -38.315  50.592 0.0000000000
61334  -4.132  -37.255  51.236 0.0000000000
61362  -4.595  -37.859  48.655 0.0000000000
63665  -1.047  -35.453  44.804 0.0000000000
63653  -2.772  -35.304  46.107 0.0000000000
64773  -1.384  -34.265  46.164 0.0000000000
64765  -1.011  -33.857  47.758 0.0000000000
65903  -0.271  -33.192  45.848 0.0000000000
67071  -0.076  -32.222  45.935 0.0000000000
57607  -0.319  -40.368  64.227 0.0000000000
49765  -2.640  -46.960  64.010 0.0000000000
52017  -2.756  -44.802  64.587 0.0000000000
49763  -1.621  -46.859  63.391 0.0000000000
50892  0.651  -46.307  61.448 0.0000000000
53123  -0.253  -44.727  62.495 0.0000000000
53130  0.596  -44.297  61.521 0.0000000000
55346  0.361  -42.129  62.514 0.0000000000
54213  1.125  -43.092  60.998 0.0000000000
55369  1.555  -42.323  60.134 0.0000000000
53142  1.310  -44.422  59.591 0.0000000000
50932  1.512  -46.797  56.637 0.0000000000
53165  1.290  -44.746  57.520 0.0000000000
52101  1.186  -45.844  55.871 0.0000000000
53185  0.939  -44.744  55.108 0.0000000000
52107  0.784  -46.097  54.648 0.0000000000
45415  3.076  -51.657  53.742 0.0000000000
46493  2.763  -50.352  54.145 0.0000000000
65801  -31.897  -32.477  55.747 0.0000000000
61275  -30.695  -35.318  53.780 0.0000000000
61295  -31.469  -35.535  52.770 0.0000000000
62423  -31.063  -35.032  54.578 0.0000000000
63568  -31.732  -33.911  55.184 0.0000000000
60084  -26.486  -37.153  56.476 0.0000000000
61254  -27.963  -36.058  56.078 0.0000000000
61273  -29.316  -35.166  54.551 0.0000000000
60056  -26.988  -37.645  58.076 0.0000000000
82977  -48.169  -18.335  37.521 0.0000000000
79874  -43.198  -21.469  34.996 0.0000000000
80962  -44.023  -20.281  35.681 0.0000000000
82998  -44.240  -18.884  35.481 0.0000000000
80964  -45.420  -19.894  36.433 0.0000000000
81977  -47.013  -19.194  37.175 0.0000000000
76364  -38.107  -24.230  45.992 0.0000000000
77506  -39.768  -23.616  48.109 0.0000000000
76343  -38.539  -24.345  47.874 0.0000000000
76309  -39.147  -23.961  49.534 0.0000000000
72853  -31.598  -27.476  46.064 0.0000000000
72886  -32.622  -26.591  44.945 0.0000000000
74032  -32.876  -26.167  44.130 0.0000000000
74033  -33.957  -25.470  43.755 0.0000000000
75168  -34.479  -24.998  43.286 0.0000000000
75159  -35.408  -24.945  45.105 0.0000000000
75161  -37.247  -24.445  45.880 0.0000000000
58950  -0.162  -39.925  53.435 0.0000000000
58967  -0.886  -39.793  52.503 0.0000000000
57754  -0.172  -41.080  51.722 0.0000000000
56581  -0.686  -41.714  50.441 0.0000000000
54345  -1.483  -42.553  48.008 0.0000000000
54398  -2.364  -42.787  45.585 0.0000000000
54364  -2.370  -43.469  47.179 0.0000000000
52195  -2.054  -45.736  46.594 0.0000000000
46469  -5.003  -49.613  60.405 0.0000000000
46459  -4.347  -49.987  61.146 0.0000000000
46471  -4.287  -50.187  58.893 0.0000000000
75072  -32.519  -25.965  51.836 0.0000000000
67043  -33.206  -32.690  50.309 0.0000000000
67059  -33.278  -33.206  48.590 0.0000000000
69360  -32.763  -31.752  50.327 0.0000000000
69359  -32.188  -30.892  50.094 0.0000000000
69358  -31.836  -30.482  49.614 0.0000000000
71633  -31.480  -28.472  50.649 0.0000000000
73962  -32.071  -27.072  51.179 0.0000000000
53128  -21.208  -43.835  61.220 0.0000000000
55434  -22.401  -42.185  55.815 0.0000000000
54270  -22.343  -43.600  55.703 0.0000000000
54287  -22.863  -44.137  53.570 0.0000000000
51007  -23.038  -45.359  51.283 0.0000000000
88360  -46.665  -13.557  34.523 0.0000000000
90429  -46.879  -12.207  34.192 0.0000000000
90445  -47.302  -11.343  33.733 0.0000000000
91455  -47.738  -10.591  32.774 0.0000000000
61185  0.126  -37.047  61.328 0.0000000000
60016  -0.544  -38.717  60.182 0.0000000000
60006  -0.098  -38.840  61.266 0.0000000000
58856  0.638  -40.352  59.665 0.0000000000
56479  1.515  -41.335  58.891 0.0000000000
80898  -43.819  -21.249  42.854 0.0000000000
80877  -43.976  -20.808  43.592 0.0000000000
79828  -39.082  -22.032  39.955 0.0000000000
78756  -39.736  -22.496  39.686 0.0000000000
76410  -40.488  -24.054  38.492 0.0000000000
79816  -41.401  -22.087  40.725 0.0000000000
79797  -42.707  -21.751  41.606 0.0000000000
53106  -9.293  -44.557  63.001 0.0000000000
50883  -9.860  -45.372  61.974 0.0000000000
48600  -9.469  -46.899  60.941 0.0000000000
48633  -9.767  -47.656  58.493 0.0000000000
50982  -11.965  -45.512  52.606 0.0000000000
49867  -10.448  -46.151  53.805 0.0000000000
70415  2.215  -30.115  55.811 0.0000000000
71573  2.575  -28.683  55.064 0.0000000000
68140  2.640  -31.466  54.806 0.0000000000
64725  2.116  -34.190  53.499 0.0000000000
63612  -0.416  -35.580  51.639 0.0000000000
60203  -1.605  -38.287  46.635 0.0000000000
61392  -3.637  -37.405  46.713 0.0000000000
61405  -1.141  -37.499  45.289 0.0000000000
62563  -0.733  -36.407  44.569 0.0000000000
63677  0.032  -34.753  43.923 0.0000000000
61135  -4.590  -37.820  64.431 0.0000000000
58792  -3.651  -39.409  65.358 0.0000000000
57588  -3.355  -40.418  65.117 0.0000000000
46443  -0.245  -48.754  61.459 0.0000000000
48589  -0.731  -47.824  62.566 0.0000000000
47508  0.328  -48.610  61.138 0.0000000000
49785  1.278  -47.211  60.618 0.0000000000
50901  1.266  -46.306  60.013 0.0000000000
52058  1.250  -45.437  59.358 0.0000000000
50913  1.466  -46.554  58.407 0.0000000000
49824  1.814  -47.590  57.371 0.0000000000
49842  1.853  -47.929  55.680 0.0000000000
62504  -32.924  -34.613  49.720 0.0000000000
62474  -32.373  -34.892  52.412 0.0000000000
63606  -32.934  -34.068  51.647 0.0000000000
65869  -33.242  -33.222  50.778 0.0000000000
67029  -33.107  -32.412  52.130 0.0000000000
70454  -33.080  -30.954  53.046 0.0000000000
56486  -23.737  -41.230  58.765 0.0000000000
57678  -25.449  -39.272  58.947 0.0000000000
57690  -24.198  -40.250  58.187 0.0000000000
56516  -23.092  -41.188  56.906 0.0000000000
56530  -22.634  -41.382  55.533 0.0000000000
84032  -45.006  -16.957  34.937 0.0000000000
86252  -47.521  -15.368  35.787 0.0000000000
87316  -48.464  -14.650  36.454 0.0000000000
80855  -41.249  -21.067  45.000 0.0000000000
80839  -42.215  -20.652  45.763 0.0000000000
79717  -41.848  -21.289  47.069 0.0000000000
75175  -34.906  -24.336  42.997 0.0000000000
78696  -38.430  -22.125  43.362 0.0000000000
79746  -39.903  -21.773  44.348 0.0000000000
49917  -18.626  -46.887  52.105 0.0000000000
49895  -18.074  -47.042  52.759 0.0000000000
49937  -18.276  -46.214  51.856 0.0000000000
51023  -17.087  -44.936  51.742 0.0000000000
70433  -2.047  -29.546  53.727 0.0000000000
68155  -1.918  -31.185  53.323 0.0000000000
62400  -1.677  -36.268  56.388 0.0000000000
62432  -1.995  -36.202  54.536 0.0000000000
61248  -3.929  -37.522  54.942 0.0000000000
58970  -4.136  -38.896  52.808 0.0000000000
59013  -3.417  -39.332  49.892 0.0000000000
58996  -1.723  -39.773  50.602 0.0000000000
59011  -1.728  -39.801  49.664 0.0000000000
60170  -2.235  -38.973  48.172 0.0000000000
60184  -1.217  -39.353  46.793 0.0000000000
55309  -5.500  -42.579  65.887 0.0000000000
52014  -5.180  -44.887  65.070 0.0000000000
48570  -3.680  -47.160  64.374 0.0000000000
46425  -2.280  -48.877  63.176 0.0000000000
46448  -3.609  -50.115  61.937 0.0000000000
45244  -2.233  -49.927  62.240 0.0000000000
46445  -1.521  -49.421  62.081 0.0000000000
46457  -0.680  -49.526  60.727 0.0000000000
45301  0.028  -50.177  59.213 0.0000000000
45317  0.512  -50.824  58.145 0.0000000000
75124  -35.052  -24.913  48.020 0.0000000000
76307  -36.036  -23.998  49.158 0.0000000000
76290  -35.567  -23.592  49.810 0.0000000000
65897  -33.456  -33.289  46.516 0.0000000000
72842  -31.526  -27.569  46.986 0.0000000000
75137  -33.836  -25.626  47.843 0.0000000000
47533  -19.809  -47.567  56.540 0.0000000000
47590  -19.900  -48.800  53.685 0.0000000000
55344  -22.579  -41.583  62.375 0.0000000000
53135  -21.764  -44.062  60.517 0.0000000000
52062  -21.828  -45.196  58.941 0.0000000000
53179  -22.878  -45.319  55.536 0.0000000000
50933  -22.471  -46.315  56.150 0.0000000000
49836  -22.029  -47.021  56.243 0.0000000000
48711  -21.645  -47.532  54.644 0.0000000000
47605  -20.482  -48.537  53.380 0.0000000000
48773  -20.123  -47.779  52.097 0.0000000000
49939  -19.695  -46.723  50.944 0.0000000000
91470  -48.324  -10.205  32.233 0.0000000000
92428  -48.945  -9.809  31.914 0.0000000000
92447  -48.926  -9.697  29.974 0.0000000000
66974  1.788  -32.523  56.363 0.0000000000
63549  0.957  -34.631  57.043 0.0000000000
65782  1.559  -33.483  58.001 0.0000000000
63537  0.966  -34.785  58.091 0.0000000000
62389  -0.099  -35.591  56.851 0.0000000000
62391  -1.790  -36.561  57.374 0.0000000000
60049  -2.374  -38.313  57.281 0.0000000000
58896  -1.722  -39.002  56.419 0.0000000000
58859  -0.754  -39.199  58.969 0.0000000000
58880  -0.551  -39.657  57.473 0.0000000000
58914  -0.187  -39.715  55.424 0.0000000000
57727  0.536  -40.651  54.422 0.0000000000
56548  0.806  -41.639  53.624 0.0000000000
54294  0.447  -43.125  52.888 0.0000000000
77604  -45.721  -22.859  38.191 0.0000000000
74066  -40.834  -25.022  37.908 0.0000000000
72979  -40.844  -25.962  36.588 0.0000000000
73008  -41.619  -25.179  35.617 0.0000000000
74116  -43.256  -24.287  36.528 0.0000000000
75261  -44.205  -23.947  37.268 0.0000000000
52021  -7.609  -45.043  64.809 0.0000000000
48587  -6.111  -47.258  63.151 0.0000000000
49778  -7.930  -46.356  62.163 0.0000000000
48597  -7.025  -47.512  61.842 0.0000000000
47510  -6.343  -48.575  61.180 0.0000000000
47528  -5.436  -48.902  57.410 0.0000000000
48750  -17.009  -47.360  53.548 0.0000000000
48726  -16.399  -47.281  53.960 0.0000000000
48708  -15.760  -47.135  54.740 0.0000000000
49891  -13.910  -45.796  53.588 0.0000000000
48725  -15.264  -46.696  54.467 0.0000000000
48692  -14.411  -46.716  55.479 0.0000000000
48655  -12.799  -46.545  56.718 0.0000000000
49815  -11.975  -46.472  57.881 0.0000000000
48624  -11.279  -46.752  58.655 0.0000000000
48635  -11.165  -47.184  58.231 0.0000000000
48652  -10.540  -47.423  57.685 0.0000000000
48651  -9.584  -47.469  57.690 0.0000000000
49853  -9.957  -46.399  54.330 0.0000000000
48687  -8.895  -46.775  55.904 0.0000000000
48669  -8.180  -47.240  56.712 0.0000000000
48685  -6.852  -47.629  55.630 0.0000000000
75041  -0.383  -26.117  55.094 0.0000000000
72758  1.893  -27.495  54.330 0.0000000000
72759  1.366  -27.440  54.103 0.0000000000
72767  0.105  -27.744  53.531 0.0000000000
70431  -0.066  -29.434  53.138 0.0000000000
68154  -1.001  -31.174  53.349 0.0000000000
68196  -1.429  -32.574  51.044 0.0000000000
62451  -2.426  -36.394  53.531 0.0000000000
62482  -2.644  -36.768  51.596 0.0000000000
63621  -1.696  -36.240  50.143 0.0000000000
62548  -4.082  -36.689  46.937 0.0000000000
63636  -3.070  -35.905  48.354 0.0000000000
63628  -0.974  -35.020  49.146 0.0000000000
64753  -0.789  -34.577  49.198 0.0000000000
67050  -0.948  -33.351  49.476 0.0000000000
68212  -1.699  -32.421  49.141 0.0000000000
69380  -0.670  -31.807  46.790 0.0000000000
55303  -4.479  -42.669  65.557 0.0000000000
54161  -2.992  -43.287  64.849 0.0000000000
55315  -1.445  -42.660  64.172 0.0000000000
50877  -0.853  -46.255  62.910 0.0000000000
53104  -1.117  -44.229  63.421 0.0000000000
55327  -0.405  -42.042  63.798 0.0000000000
56423  -0.039  -41.416  63.679 0.0000000000
57628  0.537  -40.571  63.037 0.0000000000
57637  0.693  -40.621  62.413 0.0000000000
56459  1.226  -41.527  60.772 0.0000000000
56466  1.848  -41.757  59.342 0.0000000000
55395  1.834  -42.344  57.768 0.0000000000
53153  1.340  -44.509  58.612 0.0000000000
54250  1.560  -43.393  57.839 0.0000000000
55412  1.723  -42.694  57.148 0.0000000000
54277  1.256  -43.524  55.440 0.0000000000
54284  0.709  -43.642  54.091 0.0000000000
53200  -0.295  -44.754  52.870 0.0000000000
45351  1.361  -51.672  56.471 0.0000000000
44219  1.720  -52.064  55.551 0.0000000000
46476  2.230  -50.286  56.676 0.0000000000
47536  2.400  -49.564  56.045 0.0000000000
48699  2.240  -48.969  54.689 0.0000000000
49864  2.081  -48.344  54.185 0.0000000000
49907  2.000  -48.291  52.122 0.0000000000
50978  1.419  -47.798  52.861 0.0000000000
50979  1.032  -47.068  52.589 0.0000000000
50997  0.258  -46.711  51.490 0.0000000000
52127  -0.979  -45.658  51.047 0.0000000000
51032  -0.504  -46.620  49.417 0.0000000000
49978  -0.742  -47.209  47.383 0.0000000000
63547  -29.846  -34.621  57.793 0.0000000000
63536  -30.111  -34.034  58.089 0.0000000000
63535  -29.757  -34.625  58.422 0.0000000000
62388  -29.890  -34.592  57.420 0.0000000000
61221  -29.234  -35.696  57.970 0.0000000000
61230  -28.966  -35.899  57.412 0.0000000000
62377  -29.344  -35.440  58.628 0.0000000000
61212  -28.993  -36.132  58.491 0.0000000000
62364  -29.489  -35.177  58.957 0.0000000000
79840  -46.842  -20.992  38.228 0.0000000000
79836  -47.274  -20.476  38.678 0.0000000000
79835  -46.991  -21.057  38.981 0.0000000000
77608  -45.563  -22.679  37.557 0.0000000000
78782  -45.274  -21.977  36.802 0.0000000000
78776  -46.233  -21.500  37.616 0.0000000000
79848  -46.459  -21.010  37.578 0.0000000000
75126  -37.312  -24.485  48.203 0.0000000000
75125  -36.187  -24.511  48.360 0.0000000000
73998  -34.545  -25.572  46.912 0.0000000000
54304  -0.235  -43.523  52.147 0.0000000000
54313  -0.890  -43.989  51.160 0.0000000000
53218  -1.243  -44.226  50.606 0.0000000000
53211  -1.305  -44.845  50.892 0.0000000000
46482  -4.684  -49.622  56.305 0.0000000000
71612  -32.696  -29.506  52.990 0.0000000000
59997  0.378  -38.760  62.356 0.0000000000
58830  0.605  -39.815  62.424 0.0000000000
80875  -41.532  -20.844  43.890 0.0000000000
53132  -11.667  -44.646  60.188 0.0000000000
52047  -11.069  -45.314  60.686 0.0000000000
52048  -11.659  -45.326  60.056 0.0000000000
47589  -19.035  -48.783  53.838 0.0000000000
47574  -18.463  -48.559  54.333 0.0000000000
48729  -18.913  -48.477  53.474 0.0000000000
68172  -3.203  -31.295  52.518 0.0000000000
62429  0.114  -35.155  54.741 0.0000000000
62414  -0.567  -35.726  55.346 0.0000000000
60245  0.313  -38.838  42.986 0.0000000000
57609  -5.705  -40.609  64.872 0.0000000000
65812  -32.355  -32.463  55.075 0.0000000000
65823  -32.616  -32.499  54.408 0.0000000000
66981  -32.647  -31.903  54.816 0.0000000000
66991  -32.864  -31.879  54.209 0.0000000000
58926  -25.365  -38.053  56.489 0.0000000000
58925  -24.971  -38.340  56.282 0.0000000000
60082  -25.036  -37.950  55.994 0.0000000000
84011  -48.994  -16.941  37.413 0.0000000000
82990  -47.572  -17.363  36.557 0.0000000000
84010  -48.422  -17.119  37.036 0.0000000000
85119  -48.563  -16.412  36.902 0.0000000000
77530  -39.402  -23.255  45.765 0.0000000000
77521  -39.586  -23.421  46.839 0.0000000000
77529  -38.747  -23.653  45.386 0.0000000000
76372  -38.030  -23.896  44.961 0.0000000000
77538  -39.166  -23.002  45.033 0.0000000000
75051  -1.522  -25.942  54.348 0.0000000000
58935  -2.150  -39.066  54.607 0.0000000000
58952  -2.042  -39.327  53.594 0.0000000000
55523  -1.238  -41.736  47.448 0.0000000000
56607  -1.142  -41.401  48.074 0.0000000000
56619  -1.152  -41.357  46.956 0.0000000000
56630  -1.208  -41.436  46.220 0.0000000000
55566  -1.411  -41.852  44.501 0.0000000000
55552  -1.542  -41.743  45.690 0.0000000000
47496  -5.423  -48.209  63.249 0.0000000000
47495  -4.888  -48.412  63.558 0.0000000000
46437  -4.858  -49.188  62.407 0.0000000000
44164  -2.235  -50.997  59.216 0.0000000000
76287  -33.036  -25.037  50.421 0.0000000000
76273  -33.673  -23.970  51.104 0.0000000000
63638  -33.451  -34.767  48.161 0.0000000000
73975  -32.132  -26.547  49.757 0.0000000000
75103  -33.234  -25.354  49.450 0.0000000000
52051  -20.939  -44.762  60.785 0.0000000000
49803  -20.926  -46.031  59.875 0.0000000000
49822  -21.143  -46.729  58.494 0.0000000000
48662  -21.349  -46.922  57.725 0.0000000000
55387  -23.162  -42.050  58.734 0.0000000000
54241  -22.630  -42.990  58.491 0.0000000000
54257  -22.411  -43.184  57.823 0.0000000000
48794  -22.168  -46.405  50.173 0.0000000000
48776  -22.165  -46.674  51.504 0.0000000000
48793  -21.638  -46.785  50.675 0.0000000000
48815  -21.258  -46.678  49.956 0.0000000000
62365  0.638  -35.552  59.284 0.0000000000
62354  -0.703  -37.222  59.873 0.0000000000
56509  1.436  -41.239  57.108 0.0000000000
57683  0.902  -40.729  57.728 0.0000000000
55428  1.761  -41.768  56.464 0.0000000000
78720  -44.738  -22.239  41.209 0.0000000000
79780  -44.989  -21.576  42.509 0.0000000000
78719  -43.894  -22.264  41.116 0.0000000000
78742  -43.299  -22.775  40.494 0.0000000000
78743  -44.144  -22.747  40.538 0.0000000000
48620  -8.976  -47.690  59.328 0.0000000000
48631  -7.803  -47.778  58.414 0.0000000000
52131  -15.286  -44.753  51.863 0.0000000000
51002  -14.326  -45.323  52.302 0.0000000000
48705  -12.089  -46.404  55.235 0.0000000000
48689  -11.215  -46.583  56.018 0.0000000000
73903  0.557  -26.641  56.165 0.0000000000
64735  1.098  -34.495  52.187 0.0000000000
65854  1.448  -33.375  52.551 0.0000000000
64742  0.560  -34.373  51.529 0.0000000000
65862  0.636  -33.572  51.812 0.0000000000
60158  -4.588  -38.558  49.605 0.0000000000
61348  -4.748  -37.725  49.587 0.0000000000
63679  -0.774  -34.735  44.843 0.0000000000
64783  -1.736  -34.684  45.760 0.0000000000
64782  -1.165  -34.560  45.352 0.0000000000
65896  -0.864  -33.720  46.553 0.0000000000
64781  -0.540  -34.011  45.362 0.0000000000
64780  -0.118  -33.609  45.059 0.0000000000
57586  -2.003  -39.964  64.935 0.0000000000
57590  -0.722  -40.735  64.364 0.0000000000
48584  -1.925  -48.003  63.413 0.0000000000
49764  -2.146  -46.720  63.762 0.0000000000
48583  -1.466  -47.721  63.167 0.0000000000
52045  0.761  -45.351  61.040 0.0000000000
53136  1.111  -44.324  60.565 0.0000000000
54221  1.457  -43.390  59.895 0.0000000000
50942  1.431  -47.072  55.576 0.0000000000
44258  3.351  -52.473  52.724 0.0000000000
45414  3.473  -51.519  52.957 0.0000000000
61257  -30.358  -35.110  54.746 0.0000000000
61258  -30.829  -35.190  54.309 0.0000000000
62422  -30.694  -35.096  54.715 0.0000000000
63558  -31.000  -33.948  56.133 0.0000000000
63567  -31.267  -34.233  55.455 0.0000000000
63559  -31.561  -33.505  55.726 0.0000000000
64697  -31.935  -33.117  55.405 0.0000000000
61238  -27.353  -36.900  56.989 0.0000000000
61253  -27.042  -36.790  56.340 0.0000000000
61255  -28.832  -35.392  55.760 0.0000000000
61256  -29.656  -35.134  55.263 0.0000000000
61274  -30.119  -35.212  54.120 0.0000000000
61228  -28.194  -36.743  57.745 0.0000000000
60057  -27.762  -37.021  57.845 0.0000000000
60067  -27.488  -36.933  57.271 0.0000000000
60066  -26.888  -37.222  57.098 0.0000000000
81973  -47.902  -18.853  37.901 0.0000000000
81969  -48.466  -18.457  38.183 0.0000000000
81968  -48.072  -19.127  38.576 0.0000000000
75310  -43.071  -24.062  35.376 0.0000000000
76484  -42.658  -23.832  34.748 0.0000000000
76485  -43.087  -23.607  35.124 0.0000000000
79863  -44.416  -21.471  36.070 0.0000000000
78803  -43.545  -22.307  35.394 0.0000000000
79875  -43.897  -21.336  35.612 0.0000000000
80976  -43.975  -20.798  35.649 0.0000000000
80963  -44.384  -20.526  35.912 0.0000000000
80946  -46.826  -20.060  37.502 0.0000000000
80955  -46.301  -19.758  36.899 0.0000000000
81978  -47.661  -18.691  37.329 0.0000000000
75162  -37.658  -24.445  46.351 0.0000000000
76354  -38.392  -24.283  47.048 0.0000000000
75142  -38.109  -24.506  47.484 0.0000000000
75107  -37.860  -24.326  48.951 0.0000000000
76308  -38.520  -24.267  48.915 0.0000000000
72854  -32.392  -26.903  46.506 0.0000000000
72869  -32.851  -26.638  45.723 0.0000000000
74026  -33.256  -26.210  45.206 0.0000000000
74027  -33.893  -25.681  44.758 0.0000000000
74028  -34.665  -25.219  44.508 0.0000000000
75152  -36.432  -24.800  46.431 0.0000000000
75160  -36.237  -24.676  45.559 0.0000000000
76363  -37.655  -24.306  45.725 0.0000000000
58965  0.096  -40.673  53.195 0.0000000000
58966  -0.060  -40.246  52.546 0.0000000000
57746  -0.065  -40.663  52.135 0.0000000000
54322  -0.779  -42.934  50.262 0.0000000000
55486  -0.771  -42.396  50.111 0.0000000000
55497  -0.978  -42.665  49.403 0.0000000000
55496  -0.916  -42.051  48.871 0.0000000000
54346  -1.873  -43.189  48.115 0.0000000000
52153  -1.997  -45.255  48.807 0.0000000000
52184  -2.337  -45.239  47.367 0.0000000000
52183  -1.823  -45.791  47.461 0.0000000000
51078  -1.537  -46.329  46.680 0.0000000000
51064  -1.360  -46.333  47.594 0.0000000000
46472  -4.937  -49.596  59.307 0.0000000000
68201  -33.113  -32.398  51.109 0.0000000000
68208  -33.076  -32.415  49.923 0.0000000000
68200  -33.012  -32.091  50.765 0.0000000000
69347  -32.303  -30.791  50.810 0.0000000000
70494  -31.887  -30.111  50.390 0.0000000000
70493  -31.628  -29.903  49.763 0.0000000000
70482  -31.567  -29.358  50.579 0.0000000000
53110  -20.658  -42.604  62.428 0.0000000000
54194  -21.281  -42.453  62.335 0.0000000000
55433  -22.282  -42.511  55.075 0.0000000000
54278  -22.428  -43.600  54.909 0.0000000000
54286  -22.477  -43.557  54.059 0.0000000000
87333  -46.861  -14.379  34.869 0.0000000000
87332  -46.312  -14.333  34.411 0.0000000000
88348  -47.228  -13.581  35.023 0.0000000000
90419  -47.946  -12.169  35.308 0.0000000000
89369  -47.592  -12.737  35.171 0.0000000000
90430  -47.572  -11.704  34.553 0.0000000000
91429  -48.294  -11.003  34.376 0.0000000000
90431  -48.326  -11.241  34.863 0.0000000000
61175  -0.040  -38.087  61.641 0.0000000000
61186  -0.229  -37.743  61.124 0.0000000000
58847  0.620  -40.301  60.506 0.0000000000
57669  1.000  -40.789  58.779 0.0000000000
57659  1.101  -40.865  59.674 0.0000000000
79778  -43.298  -21.488  42.285 0.0000000000
79775  -38.656  -21.580  42.588 0.0000000000
80916  -40.541  -21.061  42.286 0.0000000000
79794  -39.362  -21.220  41.861 0.0000000000
79814  -39.559  -21.654  40.579 0.0000000000
78738  -40.197  -22.051  40.268 0.0000000000
79815  -40.667  -21.813  40.776 0.0000000000
79777  -42.462  -21.369  42.210 0.0000000000
53124  -10.399  -44.288  61.693 0.0000000000
49788  -10.330  -46.367  60.618 0.0000000000
49787  -9.769  -46.730  60.873 0.0000000000
48611  -9.897  -47.286  59.892 0.0000000000
48621  -9.860  -47.549  59.258 0.0000000000
50981  -11.225  -45.624  52.487 0.0000000000
49913  -10.714  -45.742  52.108 0.0000000000
68130  2.228  -31.495  55.637 0.0000000000
69270  2.554  -30.533  55.226 0.0000000000
68141  2.474  -32.261  55.052 0.0000000000
63594  0.476  -35.219  53.390 0.0000000000
63583  1.438  -34.708  53.909 0.0000000000
63593  1.325  -34.742  53.012 0.0000000000
63605  -0.183  -35.551  52.618 0.0000000000
60202  -1.197  -38.533  46.201 0.0000000000
61389  -1.509  -37.825  46.048 0.0000000000
60217  -0.845  -38.281  45.436 0.0000000000
61404  -0.637  -37.353  44.630 0.0000000000
62575  -0.317  -36.143  44.122 0.0000000000
62576  -0.493  -35.874  44.358 0.0000000000
58794  -4.733  -39.938  65.164 0.0000000000
58806  -4.514  -39.303  65.145 0.0000000000
58793  -4.213  -39.584  65.274 0.0000000000
57594  -3.689  -40.047  65.256 0.0000000000
56394  -3.421  -41.564  64.962 0.0000000000
46456  -0.128  -49.153  60.786 0.0000000000
48601  1.003  -48.146  60.907 0.0000000000
49794  1.499  -47.058  59.813 0.0000000000
50908  1.390  -46.389  59.207 0.0000000000
49804  1.591  -47.297  59.104 0.0000000000
48647  2.110  -48.634  57.223 0.0000000000
49835  1.920  -47.801  56.459 0.0000000000
49834  2.116  -48.272  56.138 0.0000000000
61358  -32.575  -35.544  49.139 0.0000000000
61344  -32.666  -35.327  49.852 0.0000000000
61277  -31.704  -35.171  53.372 0.0000000000
61296  -32.007  -35.188  52.739 0.0000000000
62461  -32.311  -34.705  52.989 0.0000000000
64729  -32.755  -33.376  53.010 0.0000000000
63599  -32.716  -34.006  52.568 0.0000000000
64737  -33.095  -33.488  51.865 0.0000000000
63607  -33.106  -33.761  51.408 0.0000000000
65863  -33.174  -33.067  51.611 0.0000000000
67037  -33.165  -32.667  51.357 0.0000000000
69301  -33.106  -31.219  53.185 0.0000000000
62439  -27.410  -35.514  54.378 0.0000000000
56465  -24.677  -40.631  60.336 0.0000000000
56473  -24.296  -41.042  59.772 0.0000000000
57666  -24.607  -40.594  59.641 0.0000000000
58877  -26.471  -38.446  59.092 0.0000000000
58876  -25.956  -38.843  58.862 0.0000000000
58903  -24.499  -39.456  56.865 0.0000000000
57691  -24.652  -39.591  57.712 0.0000000000
57706  -24.008  -39.997  56.967 0.0000000000
56501  -23.590  -40.761  57.675 0.0000000000
57705  -23.433  -40.493  56.771 0.0000000000
57732  -22.535  -40.508  54.229 0.0000000000
87304  -49.464  -14.568  37.586 0.0000000000
81992  -45.515  -18.768  36.091 0.0000000000
82999  -44.864  -18.082  35.513 0.0000000000
83000  -45.711  -17.868  35.763 0.0000000000
84023  -46.711  -16.789  35.713 0.0000000000
84022  -45.848  -17.021  35.366 0.0000000000
85128  -46.964  -15.869  35.254 0.0000000000
86247  -48.709  -15.428  36.761 0.0000000000
87317  -49.030  -14.352  36.914 0.0000000000
79733  -41.149  -21.394  45.769 0.0000000000
80838  -41.628  -21.078  46.029 0.0000000000
79716  -41.444  -21.468  46.544 0.0000000000
78649  -41.459  -22.165  47.754 0.0000000000
79699  -41.704  -21.655  47.350 0.0000000000
75169  -35.063  -24.665  43.713 0.0000000000
75170  -35.883  -24.301  44.080 0.0000000000
76376  -37.920  -23.400  44.339 0.0000000000
77544  -38.389  -22.816  44.112 0.0000000000
78687  -40.000  -22.186  45.070 0.0000000000
78686  -39.557  -22.224  44.629 0.0000000000
79747  -40.378  -21.659  44.837 0.0000000000
79748  -40.871  -21.443  45.310 0.0000000000
51038  -17.789  -44.440  51.158 0.0000000000
71591  -2.578  -28.585  53.638 0.0000000000
69292  -2.522  -30.491  53.633 0.0000000000
69291  -1.493  -30.443  53.594 0.0000000000
62401  -2.671  -36.867  56.470 0.0000000000
62417  -3.224  -36.881  55.518 0.0000000000
62402  -3.226  -37.183  55.985 0.0000000000
58969  -3.026  -39.378  52.691 0.0000000000
58984  -3.879  -39.280  51.700 0.0000000000
58999  -4.485  -39.079  50.690 0.0000000000
58998  -3.617  -39.377  50.754 0.0000000000
58980  -0.521  -40.488  51.586 0.0000000000
58981  -0.883  -39.948  51.540 0.0000000000
58995  -1.151  -40.212  50.627 0.0000000000
59021  -1.363  -40.454  48.367 0.0000000000
59010  -1.385  -40.221  49.605 0.0000000000
59022  -1.546  -39.936  48.387 0.0000000000
59024  -2.196  -39.371  48.924 0.0000000000
60169  -1.899  -39.189  47.972 0.0000000000
60185  -1.509  -39.108  47.206 0.0000000000
57826  -0.503  -40.259  45.109 0.0000000000
54399  -2.840  -43.625  44.995 0.0000000000
54412  -2.321  -43.065  44.433 0.0000000000
54427  -2.135  -44.342  43.713 0.0000000000
54162  -6.055  -43.534  65.997 0.0000000000
52015  -5.910  -44.964  65.048 0.0000000000
47488  -4.195  -48.341  63.979 0.0000000000
48571  -4.193  -47.290  64.402 0.0000000000
47487  -3.605  -48.264  64.021 0.0000000000
47486  -3.004  -48.086  63.992 0.0000000000
46426  -2.875  -49.169  63.196 0.0000000000
46458  -3.581  -50.413  60.937 0.0000000000
45287  -1.952  -50.653  60.238 0.0000000000
45271  -2.409  -50.574  60.839 0.0000000000
45270  -1.872  -50.378  60.947 0.0000000000
46446  -1.794  -49.741  62.068 0.0000000000
45269  -1.421  -50.060  60.883 0.0000000000
45268  -1.125  -49.643  61.069 0.0000000000
44151  -0.731  -50.746  58.968 0.0000000000
45302  -0.237  -50.700  58.801 0.0000000000
76324  -34.675  -24.802  48.487 0.0000000000
76306  -35.181  -24.059  49.137 0.0000000000
67058  -33.122  -32.999  48.348 0.0000000000
67066  -33.299  -33.322  47.744 0.0000000000
67065  -33.070  -32.958  47.660 0.0000000000
72833  -31.817  -27.191  48.447 0.0000000000
72832  -31.406  -27.784  47.951 0.0000000000
72843  -32.010  -27.065  47.530 0.0000000000
75104  -33.766  -25.168  48.972 0.0000000000
75123  -34.208  -25.164  48.334 0.0000000000
47534  -20.433  -47.519  56.778 0.0000000000
47561  -20.183  -47.977  55.272 0.0000000000
47576  -20.085  -48.514  54.539 0.0000000000
54226  -22.331  -43.642  59.126 0.0000000000
53141  -21.937  -44.351  59.633 0.0000000000
52072  -22.002  -45.432  58.069 0.0000000000
53186  -22.660  -44.263  55.078 0.0000000000
53178  -22.540  -44.747  55.950 0.0000000000
53187  -23.016  -45.016  55.067 0.0000000000
49873  -22.481  -46.785  53.726 0.0000000000
50943  -22.651  -46.357  55.356 0.0000000000
49854  -22.375  -46.842  54.739 0.0000000000
49844  -22.261  -46.884  55.676 0.0000000000
48712  -22.032  -47.197  55.076 0.0000000000
48694  -21.824  -47.320  55.604 0.0000000000
48774  -20.838  -47.664  51.946 0.0000000000
48731  -20.892  -48.259  53.327 0.0000000000
48754  -20.532  -48.215  52.829 0.0000000000
48790  -19.834  -47.302  51.450 0.0000000000
49956  -20.618  -46.240  49.299 0.0000000000
49955  -20.179  -46.278  50.004 0.0000000000
91444  -48.798  -10.539  33.929 0.0000000000
91456  -48.612  -10.213  33.070 0.0000000000
92439  -48.983  -9.761  30.985 0.0000000000
92429  -49.787  -9.506  31.677 0.0000000000
65793  1.524  -33.352  56.996 0.0000000000
64689  1.361  -33.976  56.520 0.0000000000
65760  1.452  -33.785  60.100 0.0000000000
63538  0.542  -35.332  58.506 0.0000000000
63550  0.470  -35.178  57.485 0.0000000000
62390  -0.879  -36.042  57.172 0.0000000000
62379  -0.977  -36.285  58.237 0.0000000000
61205  -1.885  -37.986  58.571 0.0000000000
61214  -2.206  -37.815  58.069 0.0000000000
60038  -1.949  -38.308  58.101 0.0000000000
58882  -1.972  -38.744  57.055 0.0000000000
58881  -1.408  -39.122  57.397 0.0000000000
58849  -0.176  -39.417  60.061 0.0000000000
60026  -0.742  -38.873  59.504 0.0000000000
58858  -0.330  -39.462  59.375 0.0000000000
58893  0.477  -40.390  56.806 0.0000000000
58894  0.098  -39.903  56.559 0.0000000000
58932  0.265  -40.210  54.331 0.0000000000
57713  0.748  -40.367  55.383 0.0000000000
55456  0.815  -42.476  53.314 0.0000000000
77594  -45.618  -22.971  39.071 0.0000000000
78758  -46.177  -22.270  39.607 0.0000000000
78745  -45.876  -22.253  40.389 0.0000000000
75085  -36.890  -23.864  49.519 0.0000000000
77589  -40.977  -23.465  39.051 0.0000000000
75213  -40.739  -24.594  38.186 0.0000000000
76411  -41.317  -23.978  38.676 0.0000000000
75215  -42.266  -24.498  38.213 0.0000000000
74067  -41.449  -24.953  37.935 0.0000000000
74100  -41.614  -25.270  37.131 0.0000000000
72980  -41.225  -25.617  36.433 0.0000000000
74114  -41.758  -25.128  36.578 0.0000000000
74128  -42.075  -24.807  35.946 0.0000000000
74115  -42.571  -24.611  36.530 0.0000000000
76415  -44.522  -23.695  38.827 0.0000000000
75240  -44.342  -23.934  37.686 0.0000000000
76416  -45.007  -23.475  38.734 0.0000000000
76445  -45.181  -23.241  37.632 0.0000000000
53102  -8.090  -44.542  64.674 0.0000000000
50875  -7.303  -45.363  64.231 0.0000000000
49772  -6.128  -46.845  63.439 0.0000000000
49773  -6.765  -46.406  63.009 0.0000000000
52029  -9.354  -45.069  62.679 0.0000000000
50880  -8.847  -45.272  62.749 0.0000000000
49782  -8.560  -46.624  61.564 0.0000000000
47515  -7.279  -48.127  60.261 0.0000000000
47511  -7.066  -48.069  60.777 0.0000000000
47507  -6.739  -48.026  61.571 0.0000000000
47517  -5.745  -49.058  59.697 0.0000000000
47529  -6.254  -48.170  57.433 0.0000000000
47538  -5.887  -48.432  56.581 0.0000000000
47555  -6.205  -48.146  55.951 0.0000000000
48751  -17.904  -47.611  53.222 0.0000000000
49894  -17.294  -46.962  53.070 0.0000000000
48749  -16.646  -47.223  53.631 0.0000000000
47571  -16.462  -47.607  54.556 0.0000000000
50984  -14.119  -45.566  52.907 0.0000000000
48724  -14.040  -46.377  54.666 0.0000000000
48707  -14.393  -46.663  55.092 0.0000000000
48675  -14.131  -46.607  55.841 0.0000000000
48674  -13.149  -46.634  56.268 0.0000000000
48636  -11.702  -46.745  57.935 0.0000000000
48623  -10.947  -46.970  58.983 0.0000000000
48671  -10.375  -47.003  56.905 0.0000000000
48670  -9.278  -47.072  56.846 0.0000000000
49887  -9.670  -46.240  52.801 0.0000000000
49866  -9.285  -46.516  53.697 0.0000000000
48719  -8.369  -46.919  54.010 0.0000000000
48720  -9.060  -46.635  54.374 0.0000000000
48702  -8.566  -46.849  54.951 0.0000000000
48686  -7.874  -47.163  55.753 0.0000000000
75032  0.194  -26.068  55.998 0.0000000000
75033  -0.343  -25.702  55.766 0.0000000000
75034  -0.781  -25.607  55.413 0.0000000000
69281  2.732  -30.539  54.220 0.0000000000
72757  2.444  -27.988  54.652 0.0000000000
70429  2.743  -29.578  53.678 0.0000000000
70444  1.928  -29.669  52.810 0.0000000000
71602  2.199  -29.193  52.859 0.0000000000
71587  1.597  -28.336  53.031 0.0000000000
72766  0.996  -27.667  53.627 0.0000000000
71588  0.674  -28.618  53.010 0.0000000000
70430  0.536  -29.406  52.931 0.0000000000
67025  -0.366  -32.511  52.489 0.0000000000
68169  -0.248  -31.640  53.137 0.0000000000
68183  -0.953  -32.320  52.260 0.0000000000
67042  -0.850  -33.174  50.663 0.0000000000
62433  -3.244  -36.665  54.431 0.0000000000
62452  -3.578  -36.841  53.222 0.0000000000
62497  -3.793  -36.902  50.478 0.0000000000
62483  -3.493  -37.026  51.364 0.0000000000
62496  -2.842  -36.705  50.689 0.0000000000
62495  -1.850  -36.431  50.870 0.0000000000
62509  -2.994  -36.525  49.745 0.0000000000
61407  -2.761  -37.182  45.887 0.0000000000
62549  -4.173  -37.409  47.231 0.0000000000
62566  -3.380  -36.666  46.033 0.0000000000
63644  -2.739  -35.145  47.127 0.0000000000
63635  -1.830  -34.986  48.177 0.0000000000
63629  -1.974  -36.035  49.307 0.0000000000
63634  -1.195  -34.682  48.505 0.0000000000
65888  -0.886  -33.414  47.785 0.0000000000
67057  -0.960  -32.979  48.160 0.0000000000
68204  -1.443  -32.807  49.751 0.0000000000
69365  -1.474  -32.123  48.075 0.0000000000
68219  -0.903  -32.339  47.499 0.0000000000
58815  0.360  -39.784  63.515 0.0000000000
53091  -4.554  -44.163  65.316 0.0000000000
55304  -4.927  -42.978  65.953 0.0000000000
53090  -4.071  -43.962  65.223 0.0000000000
52022  -1.889  -44.954  63.940 0.0000000000
53095  -2.556  -43.867  64.671 0.0000000000
53101  -2.160  -44.370  64.380 0.0000000000
54160  -2.323  -42.994  64.546 0.0000000000
53100  -1.618  -44.008  64.120 0.0000000000
49776  -0.085  -47.184  62.386 0.0000000000
49770  -0.679  -47.037  62.769 0.0000000000
50881  -0.327  -46.360  62.565 0.0000000000
54198  -0.321  -43.947  62.630 0.0000000000
53112  -0.667  -44.550  62.881 0.0000000000
54188  -0.609  -43.499  63.028 0.0000000000
54176  -0.869  -42.832  63.587 0.0000000000
54187  -0.352  -42.543  63.277 0.0000000000
55326  0.085  -41.855  63.569 0.0000000000
55338  0.026  -42.046  63.193 0.0000000000
55353  0.833  -42.183  61.758 0.0000000000
56443  0.625  -41.352  62.432 0.0000000000
56450  0.918  -41.430  61.658 0.0000000000
57644  0.810  -40.764  61.585 0.0000000000
54220  1.694  -42.704  59.189 0.0000000000
55381  1.842  -42.226  58.634 0.0000000000
54234  1.726  -42.820  58.346 0.0000000000
52067  1.284  -45.591  58.484 0.0000000000
54265  1.469  -43.523  56.703 0.0000000000
55429  1.618  -42.275  56.004 0.0000000000
53192  0.466  -44.840  54.262 0.0000000000
53193  0.138  -44.857  53.594 0.0000000000
54295  0.224  -44.008  53.237 0.0000000000
44203  1.037  -52.106  56.055 0.0000000000
44246  2.590  -52.317  54.222 0.0000000000
44233  2.128  -52.139  54.892 0.0000000000
45372  2.165  -51.311  55.317 0.0000000000
45350  1.914  -51.300  56.313 0.0000000000
46480  2.307  -50.445  55.770 0.0000000000
46487  2.419  -50.454  54.866 0.0000000000
47582  2.849  -49.725  53.626 0.0000000000
47567  2.513  -49.674  54.391 0.0000000000
48715  2.470  -49.001  53.870 0.0000000000
50995  1.386  -47.674  51.894 0.0000000000
51013  0.119  -46.794  50.501 0.0000000000
52126  -0.425  -46.201  51.315 0.0000000000
52137  -0.515  -46.313  50.646 0.0000000000
52138  -0.854  -46.068  50.195 0.0000000000
64687  -30.785  -33.522  56.931 0.0000000000
64678  -30.976  -33.078  57.028 0.0000000000
64677  -30.401  -33.485  57.679 0.0000000000
64668  -30.012  -33.875  58.376 0.0000000000
62407  -30.415  -34.941  55.220 0.0000000000
62396  -29.897  -34.832  56.250 0.0000000000
62397  -30.143  -34.495  56.697 0.0000000000
61240  -28.604  -36.023  56.819 0.0000000000
61210  -28.648  -36.549  59.046 0.0000000000
61211  -29.043  -36.142  58.858 0.0000000000
61219  -28.705  -36.546  58.419 0.0000000000
62363  -29.137  -35.590  59.257 0.0000000000
80944  -47.389  -19.849  38.192 0.0000000000
80939  -47.776  -19.866  39.015 0.0000000000
76464  -43.954  -23.661  36.374 0.0000000000
76472  -43.863  -23.318  35.986 0.0000000000
77624  -44.726  -22.627  36.582 0.0000000000
78792  -44.568  -22.132  36.307 0.0000000000
79856  -46.278  -20.551  37.177 0.0000000000
75141  -37.600  -24.566  47.457 0.0000000000
74017  -33.402  -26.291  46.006 0.0000000000
74008  -33.950  -25.866  46.464 0.0000000000
56558  0.461  -41.771  52.711 0.0000000000
56569  0.170  -41.696  52.093 0.0000000000
54323  -1.193  -43.487  50.043 0.0000000000
54334  -1.967  -43.855  48.972 0.0000000000
54324  -1.738  -44.143  49.691 0.0000000000
53226  -2.033  -44.705  49.364 0.0000000000
52152  -1.681  -45.552  49.354 0.0000000000
46479  -4.752  -49.542  57.228 0.0000000000
69320  -33.008  -30.988  52.643 0.0000000000
70468  -32.701  -30.411  52.276 0.0000000000
70484  -32.437  -30.402  51.626 0.0000000000
70467  -32.239  -29.654  51.859 0.0000000000
71634  -31.743  -28.611  51.355 0.0000000000
71619  -32.229  -28.602  52.210 0.0000000000
72788  -32.603  -27.734  52.743 0.0000000000
56432  -22.098  -40.539  63.223 0.0000000000
54297  -22.754  -43.779  52.899 0.0000000000
88335  -48.475  -13.690  36.271 0.0000000000
88349  -47.765  -13.607  35.638 0.0000000000
89359  -48.831  -12.623  36.307 0.0000000000
90410  -49.850  -11.386  36.876 0.0000000000
59998  0.138  -38.458  61.895 0.0000000000
80840  -43.164  -20.149  45.550 0.0000000000
80873  -40.017  -21.358  43.717 0.0000000000
79776  -39.398  -21.319  42.901 0.0000000000
80894  -40.012  -21.218  43.373 0.0000000000
80917  -41.072  -21.163  41.974 0.0000000000
53125  -10.696  -44.685  61.272 0.0000000000
50893  -10.727  -45.784  60.859 0.0000000000
48606  -10.390  -46.826  59.921 0.0000000000
47532  -19.107  -47.571  56.294 0.0000000000
69293  -3.636  -30.656  53.290 0.0000000000
69310  -3.737  -31.005  52.632 0.0000000000
64699  1.658  -33.976  55.467 0.0000000000
65813  2.117  -33.407  55.120 0.0000000000
63572  1.226  -34.476  54.876 0.0000000000
62449  -0.425  -35.621  53.797 0.0000000000
57608  -5.151  -40.384  65.107 0.0000000000
57596  -4.848  -40.679  65.280 0.0000000000
47516  1.082  -49.024  59.397 0.0000000000
48617  1.561  -48.236  58.853 0.0000000000
47526  2.341  -49.307  56.741 0.0000000000
63577  -32.284  -33.966  54.227 0.0000000000
63588  -32.351  -34.229  53.621 0.0000000000
63578  -32.482  -33.574  53.990 0.0000000000
65848  -32.768  -32.817  53.450 0.0000000000
65849  -32.905  -32.697  53.045 0.0000000000
67017  -33.051  -32.203  52.876 0.0000000000
67006  -32.987  -31.968  53.624 0.0000000000
61291  -28.814  -35.142  53.737 0.0000000000
58888  -25.691  -38.569  57.788 0.0000000000
58924  -24.364  -39.172  56.303 0.0000000000
57721  -23.799  -39.675  56.006 0.0000000000
57734  -23.478  -39.818  55.529 0.0000000000
86242  -49.582  -15.515  37.717 0.0000000000
82989  -47.009  -17.755  36.405 0.0000000000
84014  -47.320  -17.008  36.241 0.0000000000
78678  -40.265  -22.185  45.559 0.0000000000
78665  -40.733  -22.135  46.397 0.0000000000
78648  -40.880  -22.480  47.327 0.0000000000
78637  -41.105  -22.681  48.193 0.0000000000
78677  -39.754  -22.625  45.339 0.0000000000
51025  -19.035  -45.539  50.722 0.0000000000
72769  -1.970  -27.574  53.477 0.0000000000
60059  -2.803  -38.281  56.452 0.0000000000
58918  -3.474  -38.299  55.290 0.0000000000
58936  -3.013  -38.836  54.758 0.0000000000
58953  -3.079  -39.137  53.775 0.0000000000
57776  -1.089  -41.104  49.444 0.0000000000
57790  -1.192  -40.882  48.228 0.0000000000
59030  -1.160  -40.131  47.015 0.0000000000
56629  -0.794  -40.914  45.750 0.0000000000
56641  -0.720  -40.756  44.722 0.0000000000
56654  -0.945  -41.342  44.071 0.0000000000
55579  -0.746  -42.375  43.264 0.0000000000
49762  -5.848  -46.026  64.193 0.0000000000
49755  -5.393  -45.897  64.454 0.0000000000
48573  -5.140  -47.270  64.226 0.0000000000
47489  -4.629  -48.294  63.879 0.0000000000
46428  -3.978  -49.257  63.120 0.0000000000
45304  -3.166  -50.988  59.015 0.0000000000
45289  -3.259  -50.810  59.883 0.0000000000
45303  -2.746  -50.977  59.467 0.0000000000
44154  -2.060  -50.806  59.782 0.0000000000
44162  -0.985  -51.182  58.506 0.0000000000
76304  -33.720  -24.994  49.408 0.0000000000
76289  -34.439  -23.922  49.898 0.0000000000
68213  -32.134  -31.806  48.207 0.0000000000
72806  -31.735  -27.502  50.546 0.0000000000
73983  -32.217  -26.596  48.856 0.0000000000
73984  -32.766  -26.163  48.434 0.0000000000
48628  -20.620  -46.657  59.148 0.0000000000
47535  -20.877  -47.456  57.035 0.0000000000
47562  -20.825  -47.673  55.565 0.0000000000
55366  -23.333  -42.178  60.598 0.0000000000
55359  -23.189  -42.130  61.335 0.0000000000
54227  -22.834  -42.829  59.431 0.0000000000
53159  -22.164  -44.649  57.665 0.0000000000
50986  -22.956  -45.863  52.417 0.0000000000
50971  -22.916  -46.151  53.473 0.0000000000
49896  -22.536  -46.504  52.630 0.0000000000
48756  -21.969  -47.276  52.903 0.0000000000
48814  -20.693  -46.758  50.229 0.0000000000
89392  -45.557  -13.035  32.778 0.0000000000
64660  1.450  -34.403  59.699 0.0000000000
64669  1.372  -34.267  58.619 0.0000000000
63525  0.626  -35.478  59.041 0.0000000000
62367  -1.031  -36.917  59.254 0.0000000000
61204  -1.491  -37.791  59.135 0.0000000000
60027  -1.183  -38.584  59.070 0.0000000000
58868  0.265  -40.084  58.664 0.0000000000
57684  0.486  -40.470  58.126 0.0000000000
58878  0.618  -40.585  57.173 0.0000000000
57699  0.579  -40.275  56.230 0.0000000000
78721  -45.578  -22.042  41.238 0.0000000000
79781  -45.795  -21.424  42.518 0.0000000000
78741  -42.500  -22.729  40.419 0.0000000000
77591  -42.183  -23.454  39.536 0.0000000000
77575  -42.666  -23.353  39.839 0.0000000000
76402  -42.936  -23.622  39.487 0.0000000000
76413  -43.027  -23.937  38.928 0.0000000000
75216  -43.241  -24.200  38.331 0.0000000000
76403  -43.552  -23.636  39.473 0.0000000000
77577  -44.372  -23.295  39.789 0.0000000000
52025  -8.328  -45.009  63.769 0.0000000000
48603  -8.524  -47.380  60.850 0.0000000000
48609  -8.015  -47.788  60.236 0.0000000000
48608  -7.416  -48.086  59.835 0.0000000000
47518  -6.404  -48.482  59.041 0.0000000000
48618  -7.179  -48.098  59.194 0.0000000000
48648  -6.649  -47.971  57.882 0.0000000000
47530  -6.759  -47.732  56.981 0.0000000000
51004  -16.818  -45.636  52.310 0.0000000000
49915  -16.604  -46.261  52.823 0.0000000000
49914  -15.744  -46.181  52.969 0.0000000000
49892  -15.152  -46.124  53.467 0.0000000000
49890  -12.754  -45.688  53.477 0.0000000000
48706  -13.213  -46.453  55.265 0.0000000000
48653  -11.321  -47.172  57.560 0.0000000000
73910  0.668  -26.663  55.431 0.0000000000
65844  2.155  -33.429  53.013 0.0000000000
69287  2.363  -30.594  53.322 0.0000000000
67012  1.901  -32.544  52.894 0.0000000000
68167  1.618  -31.713  53.052 0.0000000000
68168  0.877  -31.715  53.077 0.0000000000
69308  0.684  -30.726  53.179 0.0000000000
67035  -0.111  -33.324  51.353 0.0000000000
60128  -4.834  -38.113  51.578 0.0000000000
61301  -4.004  -37.103  52.712 0.0000000000
61317  -4.511  -37.594  51.771 0.0000000000
61335  -4.541  -37.475  50.601 0.0000000000
62511  -4.413  -37.057  49.526 0.0000000000
62564  -1.573  -36.412  45.059 0.0000000000
63667  -2.963  -35.878  45.725 0.0000000000
63666  -2.072  -35.363  45.420 0.0000000000
64774  -2.081  -34.764  46.364 0.0000000000
64767  -2.069  -34.735  47.017 0.0000000000
64766  -1.442  -34.280  47.339 0.0000000000
65895  -0.580  -33.121  46.838 0.0000000000
67063  -0.256  -32.174  46.473 0.0000000000
67072  -0.216  -32.557  46.388 0.0000000000
49757  -3.153  -46.519  64.257 0.0000000000
52018  -3.384  -44.895  64.746 0.0000000000
49756  -2.652  -46.206  64.102 0.0000000000
50873  -2.259  -45.755  63.994 0.0000000000
50878  -1.345  -46.122  63.240 0.0000000000
50884  0.186  -46.390  62.065 0.0000000000
52046  0.326  -45.470  61.728 0.0000000000
53131  0.104  -44.797  62.057 0.0000000000
53122  0.076  -43.965  62.215 0.0000000000
54206  0.425  -43.085  61.901 0.0000000000
52091  1.298  -45.768  56.943 0.0000000000
52113  0.478  -46.244  53.755 0.0000000000
44245  3.075  -52.425  53.524 0.0000000000
46501  3.194  -50.674  53.414 0.0000000000
47600  3.180  -49.715  52.768 0.0000000000
51011  1.240  -47.616  51.209 0.0000000000
61293  -30.431  -35.520  53.000 0.0000000000
61294  -30.969  -35.647  52.844 0.0000000000
61276  -31.207  -35.305  53.673 0.0000000000
62441  -31.572  -34.982  53.971 0.0000000000
62424  -31.639  -34.567  54.603 0.0000000000
64707  -32.207  -33.414  54.845 0.0000000000
65811  -32.151  -32.714  55.281 0.0000000000
60083  -25.689  -37.605  56.250 0.0000000000
61252  -26.360  -37.101  56.147 0.0000000000
61271  -27.012  -36.070  55.126 0.0000000000
60045  -26.905  -38.022  59.031 0.0000000000
60046  -27.660  -37.372  58.739 0.0000000000
60065  -26.165  -37.903  57.423 0.0000000000
82978  -48.717  -17.857  37.675 0.0000000000
84007  -49.437  -17.120  38.113 0.0000000000
77647  -43.563  -22.858  35.488 0.0000000000
78802  -42.919  -22.359  34.751 0.0000000000
81990  -44.091  -19.786  35.654 0.0000000000
81991  -44.781  -19.337  35.883 0.0000000000
80965  -46.009  -19.102  36.502 0.0000000000
81984  -46.632  -18.771  36.697 0.0000000000
82981  -47.297  -18.470  36.903 0.0000000000
76355  -38.834  -24.004  46.662 0.0000000000
76344  -39.044  -24.018  47.506 0.0000000000
76328  -39.075  -24.110  48.520 0.0000000000
74037  -32.311  -26.219  43.398 0.0000000000
74038  -33.027  -25.724  43.121 0.0000000000
74034  -34.692  -25.071  43.890 0.0000000000
75166  -36.768  -24.438  45.062 0.0000000000
58951  -1.001  -39.598  53.466 0.0000000000
57764  -0.794  -41.175  50.626 0.0000000000
56570  -0.250  -41.668  51.455 0.0000000000
55510  -1.165  -42.358  48.440 0.0000000000
55524  -1.395  -42.075  47.435 0.0000000000
55539  -1.854  -42.231  46.135 0.0000000000
54382  -2.073  -42.762  46.587 0.0000000000
54383  -2.677  -43.441  46.097 0.0000000000
53265  -2.850  -44.276  46.432 0.0000000000
54335  -2.248  -44.283  48.454 0.0000000000
53250  -2.608  -44.467  47.303 0.0000000000
52211  -2.271  -45.596  45.716 0.0000000000
51095  -1.659  -46.117  45.740 0.0000000000
47509  -5.687  -49.032  61.641 0.0000000000
46460  -5.075  -49.448  61.347 0.0000000000
46468  -4.115  -50.306  60.062 0.0000000000
46474  -4.302  -50.191  57.911 0.0000000000
45290  -3.749  -50.661  59.290 0.0000000000
45319  -3.229  -51.087  58.092 0.0000000000
75071  -32.681  -25.328  51.536 0.0000000000
76261  -32.906  -24.746  51.698 0.0000000000
75064  -32.789  -25.160  51.925 0.0000000000
65876  -33.337  -33.183  49.327 0.0000000000
65883  -33.331  -33.341  48.902 0.0000000000
67051  -33.304  -32.985  49.474 0.0000000000
68215  -33.091  -32.722  49.088 0.0000000000
68207  -32.765  -31.963  49.516 0.0000000000
69374  -32.334  -31.548  49.079 0.0000000000
69373  -31.633  -30.646  48.851 0.0000000000
70506  -31.421  -29.869  49.157 0.0000000000
70492  -31.165  -29.247  49.236 0.0000000000
72807  -31.860  -27.601  51.272 0.0000000000
52036  -20.760  -43.609  61.601 0.0000000000
52052  -21.182  -44.607  60.674 0.0000000000
55418  -22.305  -42.786  56.151 0.0000000000
55401  -22.340  -42.702  56.811 0.0000000000
53194  -22.654  -43.995  54.571 0.0000000000
53195  -22.950  -44.571  54.152 0.0000000000
53207  -23.148  -44.656  51.982 0.0000000000
52121  -23.107  -45.263  52.376 0.0000000000
50987  -23.020  -45.506  51.848 0.0000000000
51026  -22.864  -45.633  50.954 0.0000000000
49940  -22.562  -46.065  50.626 0.0000000000
48817  -22.263  -46.405  49.159 0.0000000000
88359  -46.179  -13.582  33.970 0.0000000000
89381  -47.053  -12.739  34.612 0.0000000000
89393  -46.050  -12.853  33.469 0.0000000000
90443  -45.928  -12.413  33.064 0.0000000000
90444  -46.537  -11.789  33.416 0.0000000000
91442  -47.240  -11.057  33.248 0.0000000000
91443  -47.909  -10.873  33.688 0.0000000000
91419  -49.339  -10.887  35.601 0.0000000000
62338  0.519  -36.224  61.087 0.0000000000
62339  -0.018  -36.974  60.910 0.0000000000
61195  -0.272  -37.275  60.643 0.0000000000
60007  -0.339  -38.493  60.817 0.0000000000
58839  0.253  -39.693  61.152 0.0000000000
58848  0.157  -39.724  60.437 0.0000000000
58867  0.541  -40.397  59.047 0.0000000000
56494  1.511  -41.233  58.020 0.0000000000
79779  -44.146  -21.549  42.374 0.0000000000
79813  -38.503  -21.536  40.990 0.0000000000
77588  -40.084  -23.382  38.946 0.0000000000
78757  -40.622  -22.951  39.488 0.0000000000
77573  -41.342  -23.036  39.710 0.0000000000
79796  -41.588  -21.528  41.527 0.0000000000
78717  -42.181  -22.117  40.899 0.0000000000
79798  -43.607  -21.836  41.690 0.0000000000
53113  -9.636  -44.243  62.603 0.0000000000
53107  -9.630  -44.946  62.590 0.0000000000
50882  -9.483  -45.560  62.082 0.0000000000
50886  -10.099  -45.737  61.495 0.0000000000
50885  -9.712  -45.975  61.623 0.0000000000
52142  -13.364  -44.851  50.827 0.0000000000
52129  -13.649  -45.176  51.604 0.0000000000
51001  -13.187  -45.343  51.987 0.0000000000
50983  -12.997  -45.491  52.782 0.0000000000
49889  -11.730  -45.669  53.252 0.0000000000
49868  -11.399  -45.920  53.824 0.0000000000
48721  -11.165  -46.113  54.282 0.0000000000
49888  -10.721  -45.842  52.861 0.0000000000
71568  1.873  -28.585  56.251 0.0000000000
72744  2.139  -28.186  55.827 0.0000000000
70414  2.393  -29.409  55.568 0.0000000000
70422  2.767  -29.541  54.644 0.0000000000
64714  2.160  -34.008  54.430 0.0000000000
64724  2.503  -33.911  54.017 0.0000000000
67011  2.414  -32.570  53.459 0.0000000000
63604  0.595  -35.026  52.222 0.0000000000
60187  -2.931  -38.474  47.681 0.0000000000
61376  -3.605  -37.982  47.373 0.0000000000
61374  -2.545  -37.825  46.774 0.0000000000
61390  -2.173  -37.718  46.372 0.0000000000
61406  -1.955  -37.245  45.577 0.0000000000
63664  -0.630  -35.724  44.499 0.0000000000
63678  -0.472  -35.122  44.387 0.0000000000
64790  -0.068  -34.080  44.400 0.0000000000
59959  -4.100  -38.618  65.283 0.0000000000
59958  -3.620  -38.580  65.422 0.0000000000
58788  -3.162  -39.324  65.367 0.0000000000
57587  -2.473  -40.425  64.913 0.0000000000
57593  -2.143  -40.513  64.832 0.0000000000
47497  -0.976  -48.472  62.365 0.0000000000
47504  -0.446  -48.470  61.996 0.0000000000
48596  0.009  -47.925  62.024 0.0000000000
48595  0.493  -48.028  61.477 0.0000000000
49780  0.976  -47.562  61.283 0.0000000000
49786  1.038  -46.930  61.266 0.0000000000
50891  1.038  -46.265  60.789 0.0000000000
49814  1.685  -47.437  58.239 0.0000000000
50923  1.512  -46.679  57.568 0.0000000000
62531  -33.259  -35.023  48.273 0.0000000000
64754  -33.214  -34.151  48.998 0.0000000000
61311  -32.154  -35.413  51.919 0.0000000000
62462  -32.493  -34.402  52.812 0.0000000000
62475  -32.623  -34.547  52.094 0.0000000000
62489  -32.689  -34.837  51.170 0.0000000000
63613  -32.936  -34.381  50.668 0.0000000000
64749  -33.178  -33.757  50.237 0.0000000000
65877  -33.293  -33.347  49.647 0.0000000000
67044  -33.266  -32.902  50.540 0.0000000000
68191  -33.094  -31.947  51.979 0.0000000000
68178  -33.094  -31.767  52.678 0.0000000000
69321  -33.077  -31.454  52.566 0.0000000000
56457  -24.102  -41.065  61.454 0.0000000000
55388  -23.526  -41.748  59.196 0.0000000000
56500  -23.239  -41.518  58.042 0.0000000000
57668  -25.520  -39.426  59.419 0.0000000000
58887  -25.264  -39.141  58.151 0.0000000000
57677  -25.006  -39.705  58.745 0.0000000000
57676  -24.455  -40.488  59.151 0.0000000000
55419  -22.559  -42.102  56.467 0.0000000000
56529  -22.371  -41.724  55.060 0.0000000000
56540  -22.666  -40.968  54.961 0.0000000000
56539  -22.372  -41.304  54.511 0.0000000000
84021  -45.366  -17.457  35.437 0.0000000000
86258  -47.054  -15.077  35.182 0.0000000000
87327  -47.934  -14.504  35.998 0.0000000000
86253  -48.121  -15.206  36.293 0.0000000000
88325  -49.447  -13.439  37.395 0.0000000000
80826  -42.022  -20.925  46.674 0.0000000000
77507  -40.379  -23.037  47.701 0.0000000000
78697  -38.946  -22.296  44.087 0.0000000000
79760  -39.554  -21.629  43.790 0.0000000000
79761  -40.090  -21.578  44.229 0.0000000000
48772  -19.290  -47.563  52.244 0.0000000000
48771  -18.572  -47.416  52.686 0.0000000000
51024  -18.284  -45.420  51.392 0.0000000000
51005  -17.655  -45.763  51.980 0.0000000000
51022  -16.124  -45.050  51.963 0.0000000000
52143  -14.519  -44.394  51.149 0.0000000000
68171  -2.272  -31.539  52.626 0.0000000000
62399  -0.725  -35.923  56.190 0.0000000000
62415  -1.385  -36.076  55.435 0.0000000000
62416  -2.418  -36.440  55.492 0.0000000000
61265  -4.082  -37.266  54.301 0.0000000000
60090  -3.821  -38.182  55.017 0.0000000000
60116  -4.267  -38.394  53.555 0.0000000000
60117  -4.649  -38.015  52.726 0.0000000000
58985  -4.642  -38.785  51.595 0.0000000000
60157  -4.000  -38.951  49.289 0.0000000000
58982  -1.754  -39.661  51.574 0.0000000000
58997  -2.634  -39.517  50.668 0.0000000000
59012  -2.554  -39.448  49.615 0.0000000000
60156  -3.346  -39.076  49.186 0.0000000000
60171  -2.940  -38.946  48.574 0.0000000000
60186  -2.165  -38.418  47.218 0.0000000000
60201  -0.982  -39.167  46.065 0.0000000000
59041  -0.728  -39.771  46.093 0.0000000000
55553  -1.966  -42.251  45.047 0.0000000000
54159  -5.315  -43.624  65.933 0.0000000000
52013  -4.852  -44.774  65.193 0.0000000000
49754  -5.079  -45.846  64.550 0.0000000000
49759  -4.205  -46.572  64.443 0.0000000000
49758  -3.700  -46.490  64.393 0.0000000000
48576  -3.040  -47.437  64.137 0.0000000000
47491  -2.338  -48.267  63.525 0.0000000000
47490  -1.778  -48.333  63.127 0.0000000000
46449  -4.548  -49.605  61.968 0.0000000000
46435  -3.537  -49.711  62.763 0.0000000000
45259  -2.986  -50.496  61.263 0.0000000000
45258  -2.505  -50.307  61.761 0.0000000000
46434  -2.823  -49.728  62.743 0.0000000000
46433  -2.121  -49.450  62.645 0.0000000000
46432  -1.614  -48.919  62.674 0.0000000000
46431  -1.228  -48.749  62.388 0.0000000000
46444  -0.913  -49.087  61.746 0.0000000000
46466  -0.298  -49.694  60.223 0.0000000000
45285  -0.729  -50.209  59.949 0.0000000000
45284  -0.200  -49.916  59.813 0.0000000000
76326  -35.678  -24.280  48.794 0.0000000000
65890  -33.470  -33.664  47.897 0.0000000000
65898  -33.554  -33.560  46.818 0.0000000000
67073  -33.194  -32.969  46.715 0.0000000000
73996  -33.177  -26.117  47.713 0.0000000000
73997  -33.882  -25.813  47.188 0.0000000000
75138  -34.520  -25.387  47.536 0.0000000000
48614  -19.837  -46.664  59.057 0.0000000000
47523  -19.959  -47.402  57.258 0.0000000000
47522  -19.283  -47.355  57.010 0.0000000000
47560  -19.489  -48.273  55.118 0.0000000000
48730  -19.386  -48.654  53.491 0.0000000000
55343  -21.902  -41.715  62.564 0.0000000000
54205  -22.613  -42.556  61.518 0.0000000000
54211  -22.188  -43.221  61.055 0.0000000000
54204  -22.057  -42.898  61.648 0.0000000000
53129  -21.554  -43.635  61.234 0.0000000000
52057  -21.480  -44.984  59.915 0.0000000000
50912  -21.427  -45.783  59.248 0.0000000000
54256  -22.206  -43.626  56.981 0.0000000000
53170  -22.289  -44.819  56.849 0.0000000000
52092  -22.520  -45.374  56.487 0.0000000000
52102  -22.990  -45.751  55.130 0.0000000000
52093  -22.736  -45.712  55.900 0.0000000000
52082  -22.255  -45.554  57.122 0.0000000000
50925  -22.290  -46.203  56.796 0.0000000000
49829  -22.101  -46.403  56.994 0.0000000000
49828  -21.829  -46.624  57.306 0.0000000000
48680  -21.482  -47.286  56.651 0.0000000000
47578  -21.298  -47.593  55.085 0.0000000000
47592  -21.187  -47.908  54.370 0.0000000000
48732  -21.389  -47.856  53.734 0.0000000000
47591  -20.726  -48.411  53.946 0.0000000000
47604  -20.202  -48.562  53.212 0.0000000000
48753  -19.671  -48.297  53.020 0.0000000000
49918  -19.305  -47.034  51.579 0.0000000000
91469  -47.538  -10.501  31.888 0.0000000000
91477  -48.230  -10.136  31.379 0.0000000000
92440  -49.778  -9.353  30.645 0.0000000000
68122  1.685  -31.621  56.639 0.0000000000
65803  1.759  -33.347  55.981 0.0000000000
63560  0.993  -34.486  55.971 0.0000000000
63561  0.414  -35.063  56.477 0.0000000000
64679  1.343  -34.092  57.573 0.0000000000
62392  -2.396  -37.175  57.405 0.0000000000
62380  -1.824  -37.107  58.264 0.0000000000
62381  -2.296  -37.470  57.805 0.0000000000
60050  -2.830  -38.069  56.895 0.0000000000
58897  -2.372  -38.594  56.415 0.0000000000
58915  -1.363  -39.190  55.502 0.0000000000
60017  -0.841  -38.375  59.760 0.0000000000
58870  -1.021  -39.237  58.302 0.0000000000
58869  -0.359  -39.677  58.419 0.0000000000
58895  -0.849  -39.456  56.472 0.0000000000
58933  -0.250  -39.788  54.313 0.0000000000
58949  0.126  -40.451  53.648 0.0000000000
57739  0.361  -41.012  53.811 0.0000000000
55466  0.305  -42.359  52.366 0.0000000000
54303  0.230  -42.889  52.397 0.0000000000
78768  -46.105  -22.207  38.013 0.0000000000
78759  -46.653  -21.674  39.316 0.0000000000
75105  -36.724  -24.034  49.212 0.0000000000
75086  -37.146  -23.921  49.491 0.0000000000
74081  -40.167  -25.394  37.602 0.0000000000
71819  -39.709  -26.312  36.809 0.0000000000
75214  -41.491  -24.486  38.291 0.0000000000
72953  -40.754  -25.941  37.100 0.0000000000
72991  -40.278  -26.298  36.339 0.0000000000
72992  -40.828  -25.944  36.082 0.0000000000
73007  -40.962  -25.639  35.491 0.0000000000
74162  -41.262  -24.753  34.701 0.0000000000
74163  -41.926  -24.740  34.932 0.0000000000
74143  -42.429  -24.571  35.440 0.0000000000
74130  -43.347  -24.172  36.318 0.0000000000
74102  -43.038  -24.709  37.212 0.0000000000
75260  -43.675  -24.179  36.911 0.0000000000
75298  -43.831  -23.902  36.353 0.0000000000
76456  -44.549  -23.549  37.077 0.0000000000
52020  -7.033  -44.999  65.003 0.0000000000
49767  -6.057  -46.429  63.880 0.0000000000
48581  -5.816  -47.203  63.652 0.0000000000
47501  -5.852  -48.272  62.687 0.0000000000
50879  -8.322  -45.204  63.284 0.0000000000
49774  -7.739  -45.663  63.074 0.0000000000
48594  -8.101  -46.786  61.621 0.0000000000
48593  -7.290  -46.984  62.063 0.0000000000
49777  -7.143  -46.630  62.440 0.0000000000
48592  -6.449  -47.561  62.556 0.0000000000
47506  -6.139  -48.534  61.998 0.0000000000
47513  -5.762  -49.082  60.756 0.0000000000
47520  -5.693  -48.861  58.492 0.0000000000
47554  -5.734  -48.582  55.810 0.0000000000
47587  -17.872  -48.371  53.859 0.0000000000
48727  -17.345  -47.975  53.848 0.0000000000
48710  -17.144  -48.052  54.239 0.0000000000
48693  -15.410  -46.941  55.188 0.0000000000
49871  -14.683  -46.216  54.137 0.0000000000
48676  -15.242  -46.744  55.580 0.0000000000
49825  -14.459  -46.164  56.260 0.0000000000
48656  -13.817  -46.307  56.309 0.0000000000
49807  -12.120  -46.009  58.435 0.0000000000
49796  -11.331  -46.088  59.644 0.0000000000
48613  -10.623  -46.900  59.513 0.0000000000
48622  -10.474  -47.310  59.103 0.0000000000
48634  -10.565  -47.501  58.424 0.0000000000
48650  -8.516  -47.484  57.618 0.0000000000
49852  -9.494  -46.529  54.326 0.0000000000
48703  -9.578  -46.566  54.964 0.0000000000
48668  -7.221  -47.493  56.513 0.0000000000
48700  -6.732  -47.710  54.614 0.0000000000
75042  -1.147  -25.732  54.834 0.0000000000
73918  -0.624  -26.395  54.490 0.0000000000
72751  1.904  -27.550  55.168 0.0000000000
73909  1.312  -27.097  54.892 0.0000000000
71586  2.408  -28.670  53.200 0.0000000000
72765  1.889  -27.796  53.578 0.0000000000
73916  1.300  -27.254  54.448 0.0000000000
73917  0.522  -26.900  54.528 0.0000000000
73924  0.377  -27.345  53.957 0.0000000000
73925  -0.292  -27.084  54.038 0.0000000000
71589  -0.444  -28.551  53.331 0.0000000000
69309  0.108  -30.748  53.234 0.0000000000
69290  -0.472  -30.533  53.343 0.0000000000
68170  -1.367  -31.773  52.877 0.0000000000
68184  -1.740  -31.924  51.903 0.0000000000
62431  -0.979  -35.891  54.579 0.0000000000
62450  -1.348  -36.054  53.704 0.0000000000
62468  -1.622  -36.240  52.806 0.0000000000
62470  -3.401  -36.991  52.241 0.0000000000
62469  -2.584  -36.610  52.541 0.0000000000
62480  -0.961  -35.973  52.226 0.0000000000
62494  -1.167  -36.045  51.396 0.0000000000
63620  -0.998  -35.713  50.404 0.0000000000
61393  -3.972  -37.688  47.236 0.0000000000
62535  -4.426  -37.265  47.812 0.0000000000
62523  -3.962  -36.543  48.716 0.0000000000
63654  -3.461  -35.846  46.427 0.0000000000
63637  -3.817  -36.210  48.059 0.0000000000
62522  -3.356  -36.442  49.058 0.0000000000
63619  -0.547  -34.863  50.003 0.0000000000
64752  -0.629  -34.359  49.539 0.0000000000
65874  -0.378  -33.954  50.048 0.0000000000
64758  -0.955  -34.236  48.566 0.0000000000
64757  -0.710  -34.078  49.110 0.0000000000
67049  -0.622  -33.695  49.900 0.0000000000
68197  -2.117  -31.926  50.939 0.0000000000
69397  -0.928  -31.381  46.352 0.0000000000
68218  -0.500  -31.981  46.802 0.0000000000
69396  -0.538  -31.685  46.293 0.0000000000
59983  0.438  -38.764  63.551 0.0000000000
56403  -5.467  -41.612  65.468 0.0000000000
56402  -4.830  -41.591  65.554 0.0000000000
56396  -4.511  -41.946  65.539 0.0000000000
53089  -3.592  -43.744  65.074 0.0000000000
54155  -3.455  -43.151  65.012 0.0000000000
55301  -3.498  -42.537  64.979 0.0000000000
56393  -2.893  -41.723  64.790 0.0000000000
55307  -2.435  -42.153  64.615 0.0000000000
55305  -1.209  -41.861  64.322 0.0000000000
48582  -1.020  -47.424  62.932 0.0000000000
52026  -1.019  -45.327  63.115 0.0000000000
52030  -0.544  -45.491  62.718 0.0000000000
54166  -1.332  -43.033  63.978 0.0000000000
54165  -1.221  -42.627  64.011 0.0000000000
56411  -0.794  -41.616  64.232 0.0000000000
56410  -0.455  -41.407  64.075 0.0000000000
57606  -0.075  -40.861  63.881 0.0000000000
57619  0.227  -40.658  63.523 0.0000000000
56434  0.331  -41.335  63.094 0.0000000000
58823  0.610  -39.728  63.049 0.0000000000
56467  1.553  -41.558  59.696 0.0000000000
56493  1.834  -41.735  58.278 0.0000000000
56508  1.786  -41.682  57.456 0.0000000000
55396  1.681  -42.770  57.635 0.0000000000
55411  1.854  -42.033  56.918 0.0000000000
53205  -0.754  -44.721  52.210 0.0000000000
45334  1.361  -51.145  57.150 0.0000000000
43033  1.685  -52.478  55.018 0.0000000000
44220  1.331  -52.114  55.693 0.0000000000
44202  1.523  -51.917  56.078 0.0000000000
46477  1.883  -50.526  57.246 0.0000000000
48666  2.327  -48.801  56.217 0.0000000000
47552  2.356  -49.658  55.218 0.0000000000
48684  2.262  -48.932  55.503 0.0000000000
49850  1.961  -48.303  55.052 0.0000000000
49851  1.569  -47.741  55.094 0.0000000000
50954  1.675  -47.919  54.536 0.0000000000
47615  3.043  -49.546  51.846 0.0000000000
48765  2.625  -48.964  52.405 0.0000000000
49884  2.155  -48.440  53.196 0.0000000000
50968  1.598  -47.818  53.837 0.0000000000
50969  0.916  -47.075  53.659 0.0000000000
50970  0.516  -46.616  53.143 0.0000000000
50996  1.057  -46.988  51.673 0.0000000000
50980  0.360  -46.616  52.412 0.0000000000
52119  -0.404  -45.863  52.279 0.0000000000
52120  -0.848  -45.490  51.764 0.0000000000
53206  -1.068  -44.786  51.569 0.0000000000
52128  -1.205  -45.487  50.579 0.0000000000
52151  -1.069  -46.112  49.430 0.0000000000
51077  -1.099  -46.868  46.967 0.0000000000
43047  1.889  -52.963  54.574 0.0000000000
44178  -2.645  -51.172  58.572 0.0000000000
45245  -2.602  -50.042  62.329 0.0000000000
45255  -1.293  -49.445  61.627 0.0000000000
45256  -1.505  -49.712  61.569 0.0000000000
45257  -1.842  -50.039  61.611 0.0000000000
45272  -3.006  -50.689  60.611 0.0000000000
45333  1.940  -50.872  56.899 0.0000000000
46424  -1.987  -48.623  63.145 0.0000000000
46447  -2.991  -50.078  62.391 0.0000000000
46450  -5.121  -49.248  61.975 0.0000000000
47485  -2.635  -47.900  63.887 0.0000000000
47492  -2.949  -48.575  63.588 0.0000000000
47493  -3.584  -48.740  63.572 0.0000000000
47494  -4.179  -48.751  63.505 0.0000000000
47499  -4.406  -48.916  63.196 0.0000000000
47500  -4.994  -48.747  62.915 0.0000000000
47502  -6.467  -48.004  62.206 0.0000000000
47503  0.028  -48.411  61.636 0.0000000000
47525  -20.895  -47.320  57.492 0.0000000000
47543  -18.925  -47.844  55.583 0.0000000000
47544  -19.659  -47.794  55.811 0.0000000000
47545  -20.334  -47.670  56.065 0.0000000000
47546  -20.984  -47.550  56.406 0.0000000000
47563  -21.327  -47.520  55.951 0.0000000000
47588  -18.330  -48.567  53.852 0.0000000000
48569  -3.385  -46.973  64.315 0.0000000000
48574  -1.852  -47.294  63.508 0.0000000000
48575  -2.240  -47.596  63.698 0.0000000000
48577  -3.615  -47.764  64.310 0.0000000000
48578  -4.204  -47.898  64.323 0.0000000000
48579  -4.789  -47.885  64.182 0.0000000000
48580  -5.397  -47.428  63.963 0.0000000000
48585  -5.071  -48.045  63.928 0.0000000000
48588  -6.686  -46.964  62.624 0.0000000000
48590  -1.159  -48.121  62.722 0.0000000000
48591  -5.870  -47.843  63.116 0.0000000000
48598  -7.894  -47.162  61.421 0.0000000000
48604  -9.349  -47.193  60.619 0.0000000000
48605  -9.943  -46.962  60.394 0.0000000000
48616  -20.446  -46.390  59.550 0.0000000000
48626  -19.637  -46.858  58.511 0.0000000000
48627  -20.215  -46.972  58.784 0.0000000000
48630  -6.923  -47.997  58.404 0.0000000000
48637  -12.521  -46.384  57.213 0.0000000000
48643  -20.133  -47.195  58.014 0.0000000000
48644  -20.897  -47.049  58.199 0.0000000000
48645  -21.191  -46.777  58.250 0.0000000000
48646  2.318  -48.790  56.701 0.0000000000
48661  -21.149  -47.273  57.324 0.0000000000
48679  -21.144  -47.427  56.846 0.0000000000
48695  -22.063  -47.134  55.516 0.0000000000
49753  -4.724  -45.805  64.580 0.0000000000
49760  -4.714  -46.596  64.436 0.0000000000
49761  -5.344  -46.502  64.321 0.0000000000
49766  -5.474  -46.954  64.132 0.0000000000
49768  -6.975  -45.792  63.660 0.0000000000
49771  -1.158  -46.960  63.087 0.0000000000
49775  -8.357  -45.467  62.847 0.0000000000
49779  -8.621  -45.798  62.378 0.0000000000
49783  -9.291  -46.379  61.481 0.0000000000
49784  -9.884  -46.123  61.336 0.0000000000
49795  -10.889  -46.658  59.491 0.0000000000
49800  -19.707  -46.216  59.484 0.0000000000
49802  -20.752  -46.060  59.863 0.0000000000
49805  -11.132  -46.732  58.976 0.0000000000
49806  -11.559  -46.464  58.625 0.0000000000
49812  -21.052  -46.557  58.965 0.0000000000
49813  -21.118  -46.047  59.432 0.0000000000
49823  -21.341  -46.462  58.476 0.0000000000
49837  -22.173  -46.575  56.529 0.0000000000
49841  2.114  -48.434  55.730 0.0000000000
49843  -22.072  -47.108  55.739 0.0000000000
49957  -22.665  -46.108  49.527 0.0000000000
50000  -0.912  -47.442  46.570 0.0000000000
50860  -4.190  -45.171  64.811 0.0000000000
50861  -4.799  -45.113  64.893 0.0000000000
50862  -5.024  -45.251  64.937 0.0000000000
50863  -5.547  -45.419  64.720 0.0000000000
50864  -6.099  -45.214  64.786 0.0000000000
50865  -2.618  -45.496  64.289 0.0000000000
50866  -3.026  -45.598  64.425 0.0000000000
50867  -3.641  -45.616  64.552 0.0000000000
50868  -4.204  -45.786  64.577 0.0000000000
50869  -5.691  -45.848  64.389 0.0000000000
50870  -6.400  -45.475  64.462 0.0000000000
50871  -7.129  -45.159  64.643 0.0000000000
50872  -1.807  -45.955  63.587 0.0000000000
50874  -6.668  -45.702  64.025 0.0000000000
50876  -7.861  -45.235  63.771 0.0000000000
50894  -11.243  -45.711  60.245 0.0000000000
50898  -20.210  -45.423  60.685 0.0000000000
50900  -20.988  -45.047  60.515 0.0000000000
50906  -20.910  -45.699  60.101 0.0000000000
50918  -21.751  -46.036  58.302 0.0000000000
50924  -22.071  -46.123  57.442 0.0000000000
51006  -22.903  -45.705  51.652 0.0000000000
51014  -0.336  -46.600  50.066 0.0000000000
52011  -3.776  -44.372  65.023 0.0000000000
52012  -4.382  -44.616  65.098 0.0000000000
52023  -2.356  -45.086  64.272 0.0000000000
52027  -1.472  -45.167  63.502 0.0000000000
52028  -8.801  -44.962  63.284 0.0000000000
52031  -9.778  -45.188  62.327 0.0000000000
52032  -10.077  -45.253  61.878 0.0000000000
52037  -0.080  -45.566  62.321 0.0000000000
52043  -20.865  -44.293  61.105 0.0000000000
52044  -21.243  -44.127  61.020 0.0000000000
52083  -22.503  -45.877  56.505 0.0000000000
52108  0.370  -45.560  53.918 0.0000000000
52109  -23.063  -45.565  54.283 0.0000000000
52122  -23.156  -45.180  51.629 0.0000000000
52139  -1.360  -45.559  50.077 0.0000000000
52170  -2.091  -45.276  48.129 0.0000000000
52196  -2.639  -45.142  46.540 0.0000000000
52212  -2.833  -45.012  45.644 0.0000000000
53092  -5.022  -44.284  65.440 0.0000000000
53093  -5.851  -44.399  65.575 0.0000000000
53094  -6.262  -44.750  65.278 0.0000000000
53096  -3.192  -44.184  64.902 0.0000000000
53097  -6.393  -44.052  65.843 0.0000000000
53098  -6.751  -44.490  65.530 0.0000000000
53103  -8.553  -44.623  63.908 0.0000000000
53111  -21.002  -42.578  62.350 0.0000000000
53115  -10.311  -45.045  61.714 0.0000000000
53119  -20.510  -43.199  62.047 0.0000000000
53120  -21.162  -43.184  61.840 0.0000000000
53121  -21.685  -43.064  61.731 0.0000000000
53201  -23.079  -44.648  53.076 0.0000000000
53219  -1.670  -44.693  50.184 0.0000000000
53237  -2.350  -44.670  48.015 0.0000000000
53281  -2.988  -44.214  45.538 0.0000000000
53304  -2.307  -44.587  43.966 0.0000000000
54156  -3.834  -43.287  65.174 0.0000000000
54157  -4.266  -43.412  65.384 0.0000000000
54158  -4.724  -43.556  65.658 0.0000000000
54167  -1.852  -43.338  64.330 0.0000000000
54175  -0.407  -42.286  63.592 0.0000000000
54177  -1.323  -43.730  63.849 0.0000000000
54190  -9.810  -43.971  62.355 0.0000000000
54195  -21.853  -42.441  62.161 0.0000000000
54196  -22.459  -42.335  61.969 0.0000000000
54212  -22.788  -42.705  60.857 0.0000000000
54219  -22.978  -42.677  60.190 0.0000000000
54249  1.692  -42.804  57.880 0.0000000000
54285  0.390  -44.310  53.811 0.0000000000
54306  -22.961  -43.857  51.969 0.0000000000
54347  -2.334  -43.946  48.050 0.0000000000
54362  -1.505  -42.393  47.659 0.0000000000
54363  -1.725  -42.626  47.429 0.0000000000
54413  -2.511  -43.990  44.084 0.0000000000
55300  -3.101  -42.614  64.846 0.0000000000
55302  -3.947  -42.567  65.232 0.0000000000
55306  -1.622  -42.197  64.365 0.0000000000
55308  -4.843  -42.363  65.790 0.0000000000
55313  -0.685  -42.150  63.935 0.0000000000
55314  -1.023  -42.074  64.176 0.0000000000
55337  -22.114  -41.190  62.752 0.0000000000
55360  -23.730  -41.649  61.047 0.0000000000
55368  1.810  -42.036  59.325 0.0000000000
55376  -23.784  -41.589  59.535 0.0000000000
55446  -22.214  -42.464  53.837 0.0000000000
55477  0.061  -42.000  51.904 0.0000000000
55487  -0.847  -42.855  49.970 0.0000000000
55509  -1.199  -41.842  47.902 0.0000000000
55525  -1.688  -42.282  46.867 0.0000000000
56395  -4.030  -41.644  65.243 0.0000000000
56397  -0.702  -41.159  64.286 0.0000000000
56398  -1.022  -41.388  64.340 0.0000000000
56399  -1.695  -41.200  64.585 0.0000000000
56400  -2.231  -41.013  64.746 0.0000000000
56401  -4.352  -41.317  65.309 0.0000000000
56409  -0.130  -41.226  63.909 0.0000000000
56424  -0.202  -41.744  63.833 0.0000000000
56474  -24.661  -40.631  59.882 0.0000000000
56478  1.805  -41.763  59.018 0.0000000000
56485  -23.358  -41.580  58.537 0.0000000000
56517  -23.488  -40.573  57.095 0.0000000000
56620  -1.343  -41.678  46.812 0.0000000000
57589  -3.945  -40.780  65.191 0.0000000000
57591  -1.193  -40.395  64.601 0.0000000000
57707  -24.550  -39.535  57.147 0.0000000000
57753  0.208  -41.425  52.298 0.0000000000
58789  -0.717  -39.789  64.580 0.0000000000
58866  -26.566  -38.470  59.553 0.0000000000
58875  -25.390  -39.208  58.699 0.0000000000
58913  0.268  -39.961  54.834 0.0000000000
58917  -3.021  -38.454  55.638 0.0000000000
58937  -3.547  -38.480  54.842 0.0000000000
58971  -4.687  -38.498  52.181 0.0000000000
59014  -4.153  -39.212  49.998 0.0000000000
59023  -1.787  -39.643  48.740 0.0000000000
60015  -0.245  -39.068  60.603 0.0000000000
60028  -1.630  -38.285  58.645 0.0000000000
60044  -26.422  -38.398  58.851 0.0000000000
60048  -1.879  -38.654  57.639 0.0000000000
60058  -28.354  -36.764  58.059 0.0000000000
60060  -3.107  -38.026  56.394 0.0000000000
60074  -3.096  -38.214  56.048 0.0000000000
60075  -3.465  -38.054  55.709 0.0000000000
60076  -3.851  -37.839  55.188 0.0000000000
60091  -4.115  -37.851  54.622 0.0000000000
60103  -4.052  -38.292  54.329 0.0000000000
60104  -4.349  -37.857  53.819 0.0000000000
60172  -3.733  -38.704  48.649 0.0000000000
60173  -4.260  -38.420  48.688 0.0000000000
60189  -4.018  -38.407  48.259 0.0000000000
61187  -0.489  -38.156  60.650 0.0000000000
61196  -0.666  -37.727  60.266 0.0000000000
61197  -1.086  -38.007  59.649 0.0000000000
61213  -1.807  -37.620  58.601 0.0000000000
61220  -28.987  -36.179  58.217 0.0000000000
61222  -2.605  -37.743  57.346 0.0000000000
61232  -2.819  -37.433  56.897 0.0000000000
61233  -3.176  -37.559  56.286 0.0000000000
61247  -3.545  -37.469  55.523 0.0000000000
61264  -3.715  -37.115  54.984 0.0000000000
61282  -4.019  -37.012  53.081 0.0000000000
61302  -4.354  -37.455  52.499 0.0000000000
61316  -4.026  -37.260  51.972 0.0000000000
61328  -32.609  -35.316  50.481 0.0000000000
61343  -32.416  -35.812  49.970 0.0000000000
61357  -32.294  -36.077  48.999 0.0000000000
61375  -2.983  -37.906  47.015 0.0000000000
61377  -4.201  -37.972  47.839 0.0000000000
61391  -2.927  -37.532  46.441 0.0000000000
61408  -3.244  -37.203  46.187 0.0000000000
62409  -31.418  -34.380  55.163 0.0000000000
62413  -0.103  -35.376  55.236 0.0000000000
62434  -3.911  -36.920  53.752 0.0000000000
62443  -32.380  -34.376  53.289 0.0000000000
62448  0.090  -35.255  54.149 0.0000000000
62453  -3.993  -36.941  53.416 0.0000000000
62481  -1.767  -36.417  51.896 0.0000000000
62488  -32.445  -35.066  51.760 0.0000000000
62498  -4.242  -36.980  50.055 0.0000000000
62503  -32.830  -34.848  50.230 0.0000000000
62508  -2.235  -36.469  50.122 0.0000000000
62517  -32.819  -35.027  49.407 0.0000000000
62518  -32.990  -34.721  49.036 0.0000000000
62524  -4.521  -37.142  48.666 0.0000000000
62530  -32.903  -35.256  48.575 0.0000000000
62534  -4.214  -36.588  47.888 0.0000000000
62562  -0.531  -36.683  44.354 0.0000000000
63523  -29.876  -34.912  59.067 0.0000000000
63595  -0.217  -35.539  53.198 0.0000000000
63603  1.216  -34.668  52.509 0.0000000000
63614  -33.087  -33.952  50.855 0.0000000000
63622  -32.952  -34.486  50.128 0.0000000000
63623  -33.060  -34.285  49.811 0.0000000000
63627  -0.719  -34.693  49.458 0.0000000000
63630  -2.836  -36.286  49.072 0.0000000000
63631  -33.166  -34.552  48.796 0.0000000000
63645  -3.701  -35.974  47.414 0.0000000000
64698  -32.271  -32.972  54.985 0.0000000000
64713  2.490  -33.893  54.266 0.0000000000
64718  -32.609  -33.144  53.817 0.0000000000
64730  -32.949  -33.246  52.503 0.0000000000
64736  -32.925  -33.651  52.323 0.0000000000
64741  1.189  -33.954  52.069 0.0000000000
64743  -33.162  -33.559  51.160 0.0000000000
64759  -1.319  -34.502  48.175 0.0000000000
64760  -33.567  -34.477  48.016 0.0000000000
64775  -33.903  -34.286  46.409 0.0000000000
64792  -0.686  -34.416  45.119 0.0000000000
65781  -30.212  -33.254  58.032 0.0000000000
65826  2.526  -33.606  54.220 0.0000000000
65827  2.442  -33.368  54.604 0.0000000000
65837  -32.861  -32.393  53.552 0.0000000000
65843  2.528  -33.447  53.721 0.0000000000
65855  0.918  -33.196  52.369 0.0000000000
65861  1.053  -33.563  52.210 0.0000000000
65868  0.075  -33.875  50.956 0.0000000000
65875  -0.668  -33.778  49.555 0.0000000000
65881  -0.626  -33.983  49.419 0.0000000000
65882  -0.845  -33.715  48.884 0.0000000000
65889  -0.872  -33.669  47.264 0.0000000000
65902  0.096  -33.084  45.226 0.0000000000
65904  -0.814  -33.951  45.855 0.0000000000
66993  2.585  -32.680  54.333 0.0000000000
66994  2.384  -32.910  54.914 0.0000000000
67005  -32.883  -32.151  53.820 0.0000000000
67041  -0.474  -33.604  50.435 0.0000000000
67052  -33.346  -32.974  49.990 0.0000000000
67074  -33.317  -33.248  47.228 0.0000000000
67084  -0.016  -32.551  45.902 0.0000000000
68129  2.560  -31.154  55.239 0.0000000000
68152  2.176  -31.681  53.233 0.0000000000
68153  -0.557  -31.139  53.314 0.0000000000
68190  -33.028  -31.849  51.484 0.0000000000
68205  -2.028  -32.247  49.871 0.0000000000
68211  -1.352  -32.515  48.445 0.0000000000
69271  2.248  -30.675  55.729 0.0000000000
69288  1.974  -31.137  53.091 0.0000000000
69289  0.344  -30.066  53.098 0.0000000000
69307  1.611  -30.630  53.104 0.0000000000
69336  -33.098  -31.670  52.296 0.0000000000
69381  -1.118  -31.831  47.314 0.0000000000
70404  2.199  -29.126  55.936 0.0000000000
70443  2.342  -29.602  53.075 0.0000000000
71567  2.189  -28.645  55.845 0.0000000000
71579  2.766  -28.675  54.133 0.0000000000
71603  1.844  -28.987  52.737 0.0000000000
71604  1.361  -28.839  52.838 0.0000000000
71820  -40.036  -26.317  36.843 0.0000000000
71832  -39.902  -26.394  36.620 0.0000000000
72745  1.777  -27.920  56.036 0.0000000000
72750  2.257  -28.110  55.459 0.0000000000
72764  2.449  -27.991  53.884 0.0000000000
72855  -32.998  -26.560  46.234 0.0000000000
72952  -40.192  -25.810  37.308 0.0000000000
72963  -39.581  -26.111  37.051 0.0000000000
72964  -40.234  -26.145  37.025 0.0000000000
72965  -40.922  -25.820  36.964 0.0000000000
72966  -41.263  -25.582  36.776 0.0000000000
72978  -40.368  -26.195  36.757 0.0000000000
72993  -41.424  -25.400  36.040 0.0000000000
73031  -40.943  -25.336  34.962 0.0000000000
74065  -40.136  -24.912  37.876 0.0000000000
74082  -40.891  -25.394  37.552 0.0000000000
74083  -41.691  -25.074  37.648 0.0000000000
74085  -42.815  -24.584  37.402 0.0000000000
74099  -41.159  -25.482  37.284 0.0000000000
74101  -42.336  -24.814  37.037 0.0000000000
74129  -42.905  -24.386  35.979 0.0000000000
74141  -41.503  -25.124  35.171 0.0000000000
74142  -41.989  -24.844  35.375 0.0000000000
74164  -42.251  -24.673  35.128 0.0000000000
75084  -33.001  -25.255  50.104 0.0000000000
75087  -37.623  -24.029  49.441 0.0000000000
75154  -37.871  -24.485  46.829 0.0000000000
75165  -36.016  -24.582  44.812 0.0000000000
75176  -35.383  -24.256  43.534 0.0000000000
75237  -42.054  -24.854  37.981 0.0000000000
75238  -42.748  -24.560  37.825 0.0000000000
75239  -43.688  -24.197  37.717 0.0000000000
75280  -43.620  -24.070  36.488 0.0000000000
75281  -43.936  -23.907  36.719 0.0000000000
75296  -43.068  -24.217  35.690 0.0000000000
75297  -43.556  -23.868  35.855 0.0000000000
75309  -42.822  -24.357  35.437 0.0000000000
75328  -43.099  -24.138  35.094 0.0000000000
75349  -42.370  -24.115  34.668 0.0000000000
76325  -35.177  -24.502  48.586 0.0000000000
76327  -38.559  -24.357  48.388 0.0000000000
76401  -42.620  -23.588  39.470 0.0000000000
76414  -43.901  -23.854  38.963 0.0000000000
76429  -44.114  -23.952  38.420 0.0000000000
76430  -44.565  -23.811  38.185 0.0000000000
76431  -45.203  -23.398  38.239 0.0000000000
76444  -44.723  -23.688  37.663 0.0000000000
76457  -45.051  -23.062  37.204 0.0000000000
76463  -43.693  -23.805  36.112 0.0000000000
76500  -42.411  -23.651  34.571 0.0000000000
77574  -42.026  -23.178  39.907 0.0000000000
77579  -45.774  -22.621  39.746 0.0000000000
77592  -44.449  -23.569  39.247 0.0000000000
77593  -44.919  -23.359  39.287 0.0000000000
77617  -45.207  -22.592  37.045 0.0000000000
77623  -44.277  -23.075  36.296 0.0000000000
77633  -43.523  -23.226  35.565 0.0000000000
77635  -44.379  -22.685  36.278 0.0000000000
77646  -43.225  -22.958  35.113 0.0000000000
78739  -40.813  -22.455  40.161 0.0000000000
78740  -41.717  -22.633  40.329 0.0000000000
78764  -46.224  -22.331  38.771 0.0000000000
78769  -46.364  -21.561  37.856 0.0000000000
78775  -45.873  -21.919  37.405 0.0000000000
78791  -44.074  -22.044  35.869 0.0000000000
79715  -41.009  -21.678  46.087 0.0000000000
79841  -47.093  -20.475  38.259 0.0000000000
79847  -46.117  -21.431  37.415 0.0000000000
80825  -41.688  -21.131  46.425 0.0000000000
80854  -40.700  -21.305  44.617 0.0000000000
80975  -43.596  -20.421  35.363 0.0000000000
81974  -48.347  -18.371  37.800 0.0000000000
89380  -46.532  -12.764  34.054 0.0000000000
91457  -49.273  -10.078  33.508 0.0000000000
