#!ascii label  , from subject mmSR20151113 vox2ras=TkReg
1259
47568  -5.101  -49.293  54.770 0.0000000000
61397  -29.060  -37.818  46.540 0.0000000000
67134  -30.777  -33.188  41.245 0.0000000000
55499  -23.074  -42.832  49.461 0.0000000000
73066  -35.557  -27.305  31.652 0.0000000000
75253  -29.688  -25.371  36.678 0.0000000000
61308  -30.682  -35.954  51.831 0.0000000000
62500  -24.943  -35.933  51.005 0.0000000000
74188  -40.763  -24.672  34.559 0.0000000000
82000  -42.774  -19.523  34.637 0.0000000000
86262  -44.819  -15.524  33.637 0.0000000000
71702  -30.961  -27.829  45.687 0.0000000000
70658  -27.502  -29.554  39.916 0.0000000000
74038  -33.027  -25.724  43.121 0.0000000000
77572  -35.965  -22.518  41.096 0.0000000000
52178  -18.919  -44.587  47.839 0.0000000000
44177  -2.038  -51.396  58.223 0.0000000000
62610  -33.334  -36.741  41.883 0.0000000000
69388  -31.611  -31.366  47.781 0.0000000000
51118  -20.827  -46.066  43.867 0.0000000000
56643  -21.690  -40.843  45.473 0.0000000000
86314  -41.583  -15.816  27.956 0.0000000000
90458  -46.236  -11.446  32.137 0.0000000000
73003  -33.651  -26.141  33.612 0.0000000000
75235  -38.772  -24.948  37.746 0.0000000000
49909  -7.063  -47.290  51.430 0.0000000000
40523  0.697  -54.791  53.631 0.0000000000
78801  -42.226  -22.390  34.187 0.0000000000
72900  -31.124  -26.969  43.561 0.0000000000
54369  -16.300  -43.202  46.716 0.0000000000
45336  -3.892  -50.824  56.650 0.0000000000
59119  -31.650  -38.772  41.290 0.0000000000
60239  -31.932  -37.836  43.922 0.0000000000
52218  -23.317  -45.097  45.850 0.0000000000
53309  -23.149  -44.462  43.516 0.0000000000
56621  -22.475  -41.455  47.724 0.0000000000
62516  -27.592  -35.808  49.376 0.0000000000
62528  -25.379  -35.782  48.537 0.0000000000
62556  -26.941  -36.716  45.821 0.0000000000
51057  -23.465  -45.380  48.411 0.0000000000
50011  -21.552  -46.130  46.834 0.0000000000
83027  -38.317  -19.243  31.141 0.0000000000
85179  -40.882  -16.610  29.113 0.0000000000
89392  -45.557  -13.035  32.778 0.0000000000
72948  -28.232  -27.415  38.569 0.0000000000
75293  -31.349  -24.957  35.051 0.0000000000
78754  -37.426  -22.089  39.893 0.0000000000
52157  -12.335  -44.852  49.838 0.0000000000
51018  -10.207  -45.584  51.001 0.0000000000
49887  -9.670  -46.240  52.801 0.0000000000
51050  -7.908  -46.409  49.068 0.0000000000
41800  -1.211  -53.991  52.778 0.0000000000
60146  -30.556  -36.598  49.460 0.0000000000
60196  -32.294  -37.015  47.154 0.0000000000
61327  -32.334  -35.635  51.031 0.0000000000
57741  -22.646  -39.985  53.859 0.0000000000
60130  -22.992  -38.551  52.092 0.0000000000
61288  -24.954  -36.990  53.855 0.0000000000
62473  -28.303  -35.138  51.902 0.0000000000
74158  -37.110  -25.737  33.541 0.0000000000
77655  -38.316  -23.326  33.132 0.0000000000
80985  -40.206  -20.580  33.086 0.0000000000
84039  -40.489  -18.190  32.125 0.0000000000
84050  -42.088  -16.908  31.695 0.0000000000
84031  -44.013  -17.064  34.452 0.0000000000
69429  -29.640  -30.173  44.174 0.0000000000
69493  -28.827  -31.266  41.163 0.0000000000
71759  -29.198  -28.631  43.173 0.0000000000
72922  -30.049  -26.969  41.609 0.0000000000
74063  -30.796  -25.614  39.660 0.0000000000
76422  -32.308  -24.282  38.802 0.0000000000
76387  -34.373  -24.045  41.778 0.0000000000
52161  -17.358  -43.719  50.278 0.0000000000
53241  -13.690  -43.442  48.962 0.0000000000
90491  -45.729  -11.744  26.754 0.0000000000
44161  -0.411  -51.158  58.313 0.0000000000
60333  -32.145  -38.045  39.552 0.0000000000
64841  -32.632  -34.985  40.904 0.0000000000
63685  -33.902  -35.508  45.192 0.0000000000
67099  -32.951  -32.877  44.407 0.0000000000
68255  -31.269  -31.774  44.085 0.0000000000
70523  -30.527  -29.468  47.272 0.0000000000
61350  -22.225  -37.826  49.977 0.0000000000
49968  -20.182  -45.698  48.541 0.0000000000
51100  -19.521  -45.413  45.431 0.0000000000
86293  -42.856  -15.351  30.086 0.0000000000
88386  -43.586  -13.665  29.267 0.0000000000
89422  -44.600  -12.301  28.100 0.0000000000
91483  -47.231  -10.484  29.900 0.0000000000
48743  -4.605  -49.421  51.680 0.0000000000
46502  -3.806  -50.791  53.405 0.0000000000
71887  -34.820  -27.393  32.630 0.0000000000
76441  -34.536  -24.248  37.040 0.0000000000
74112  -35.875  -25.440  36.030 0.0000000000
71862  -36.389  -26.429  34.532 0.0000000000
71866  -39.420  -26.494  35.918 0.0000000000
48717  -6.431  -47.911  53.695 0.0000000000
44234  -2.537  -52.236  54.155 0.0000000000
43037  -0.927  -53.065  55.215 0.0000000000
43018  0.828  -52.338  55.711 0.0000000000
46489  -4.683  -49.790  55.441 0.0000000000
61424  -28.808  -38.117  44.611 0.0000000000
60275  -30.434  -38.941  42.975 0.0000000000
59076  -30.540  -38.620  44.771 0.0000000000
54370  -23.706  -43.382  47.874 0.0000000000
54390  -23.634  -43.354  46.821 0.0000000000
55511  -22.735  -41.990  48.645 0.0000000000
61368  -28.854  -36.879  48.253 0.0000000000
61366  -27.142  -36.321  47.573 0.0000000000
61396  -28.361  -37.474  46.164 0.0000000000
61410  -27.679  -37.278  44.579 0.0000000000
55469  -22.591  -43.294  51.800 0.0000000000
53213  -23.100  -44.329  51.382 0.0000000000
53246  -23.584  -44.085  49.153 0.0000000000
52204  -23.665  -45.112  47.146 0.0000000000
84074  -39.809  -17.715  29.493 0.0000000000
64854  -31.953  -34.854  39.771 0.0000000000
65969  -31.076  -34.128  39.672 0.0000000000
74093  -29.047  -26.200  37.745 0.0000000000
74122  -28.707  -26.920  35.805 0.0000000000
75274  -30.490  -24.948  35.860 0.0000000000
52173  -10.436  -45.091  48.891 0.0000000000
51037  -10.852  -45.434  50.116 0.0000000000
52154  -9.930  -45.420  49.622 0.0000000000
51017  -9.199  -45.703  50.638 0.0000000000
51051  -8.735  -45.997  48.854 0.0000000000
61325  -30.732  -36.403  50.959 0.0000000000
60148  -31.306  -36.611  49.670 0.0000000000
61309  -31.189  -35.945  51.973 0.0000000000
60096  -24.098  -38.439  54.995 0.0000000000
60109  -24.565  -37.613  54.017 0.0000000000
60110  -25.092  -37.028  54.234 0.0000000000
61292  -29.732  -35.276  53.345 0.0000000000
62460  -28.110  -35.052  53.018 0.0000000000
61307  -29.973  -35.633  52.137 0.0000000000
61341  -29.583  -36.213  50.200 0.0000000000
74186  -39.065  -24.837  34.298 0.0000000000
75344  -37.428  -24.719  33.120 0.0000000000
76496  -38.984  -23.768  33.634 0.0000000000
80974  -42.695  -20.594  34.525 0.0000000000
80971  -40.699  -21.206  33.398 0.0000000000
81998  -41.372  -20.140  33.617 0.0000000000
82008  -40.096  -19.634  32.808 0.0000000000
82010  -41.531  -18.866  33.460 0.0000000000
84029  -42.327  -17.928  33.701 0.0000000000
83008  -42.904  -18.426  34.468 0.0000000000
71720  -29.856  -28.886  44.919 0.0000000000
70583  -29.231  -29.476  43.712 0.0000000000
71721  -30.099  -28.263  44.565 0.0000000000
74037  -32.311  -26.219  43.398 0.0000000000
72912  -30.897  -26.791  42.774 0.0000000000
74041  -31.100  -26.025  41.731 0.0000000000
74051  -30.255  -26.418  40.534 0.0000000000
74053  -31.852  -25.332  41.076 0.0000000000
75195  -32.508  -24.754  40.455 0.0000000000
74044  -33.785  -24.913  42.338 0.0000000000
51053  -18.873  -44.622  49.378 0.0000000000
51038  -17.789  -44.440  51.158 0.0000000000
52176  -17.692  -43.701  49.257 0.0000000000
54350  -15.086  -42.773  48.126 0.0000000000
90484  -46.604  -10.810  27.683 0.0000000000
91496  -47.270  -10.495  26.522 0.0000000000
44176  -1.336  -51.604  57.850 0.0000000000
60292  -32.046  -38.104  41.250 0.0000000000
59139  -31.721  -38.703  40.290 0.0000000000
60313  -32.653  -37.410  40.805 0.0000000000
62640  -32.863  -36.507  40.402 0.0000000000
63727  -33.292  -35.599  41.911 0.0000000000
62543  -33.193  -35.569  47.779 0.0000000000
62572  -33.652  -36.099  45.799 0.0000000000
64776  -33.893  -34.644  46.700 0.0000000000
68213  -32.134  -31.806  48.207 0.0000000000
68233  -32.580  -32.348  46.501 0.0000000000
68232  -32.100  -31.876  46.262 0.0000000000
68256  -31.989  -32.058  44.378 0.0000000000
68231  -31.445  -31.512  45.835 0.0000000000
69409  -30.798  -30.974  45.315 0.0000000000
69386  -30.696  -29.989  47.693 0.0000000000
54430  -22.618  -42.701  44.144 0.0000000000
61320  -24.701  -36.560  51.861 0.0000000000
61336  -22.377  -38.055  50.628 0.0000000000
61352  -23.657  -36.711  50.438 0.0000000000
62538  -23.177  -35.869  47.826 0.0000000000
48838  -21.009  -46.425  49.242 0.0000000000
51102  -20.957  -45.892  45.074 0.0000000000
50009  -20.512  -45.811  46.409 0.0000000000
51101  -20.120  -45.774  44.809 0.0000000000
52230  -19.545  -45.701  43.987 0.0000000000
85144  -43.249  -16.209  32.379 0.0000000000
85156  -42.559  -16.360  31.258 0.0000000000
86269  -43.899  -15.395  32.120 0.0000000000
90457  -45.772  -12.146  32.453 0.0000000000
88377  -44.462  -13.738  31.093 0.0000000000
90465  -45.064  -12.259  31.062 0.0000000000
89417  -44.321  -12.523  29.084 0.0000000000
90471  -45.370  -11.602  30.240 0.0000000000
91482  -46.286  -11.023  29.564 0.0000000000
91468  -46.682  -10.896  31.530 0.0000000000
69492  -28.150  -30.430  40.978 0.0000000000
67142  -28.688  -32.307  39.434 0.0000000000
70748  -34.113  -28.400  32.134 0.0000000000
73004  -34.446  -26.325  33.739 0.0000000000
77569  -33.854  -23.492  39.862 0.0000000000
76423  -33.314  -23.796  38.357 0.0000000000
77583  -34.543  -23.014  39.149 0.0000000000
77603  -38.125  -23.463  38.682 0.0000000000
75233  -36.909  -24.683  37.321 0.0000000000
72960  -37.142  -25.649  36.459 0.0000000000
71841  -36.023  -26.373  34.886 0.0000000000
71828  -37.320  -26.246  35.937 0.0000000000
71864  -38.191  -26.456  35.457 0.0000000000
72951  -39.538  -25.751  37.333 0.0000000000
49910  -7.901  -46.782  51.840 0.0000000000
48748  -7.981  -47.004  53.228 0.0000000000
48718  -7.407  -47.385  53.838 0.0000000000
48769  -6.731  -47.589  52.002 0.0000000000
48768  -5.995  -48.058  51.589 0.0000000000
49932  -6.531  -47.601  50.645 0.0000000000
45460  -2.971  -51.619  51.723 0.0000000000
45417  -3.319  -51.368  53.296 0.0000000000
45437  -2.655  -52.123  52.290 0.0000000000
41782  -0.404  -54.279  53.497 0.0000000000
41764  -0.696  -53.714  54.080 0.0000000000
41763  -0.075  -53.797  54.310 0.0000000000
43020  -0.146  -52.710  55.886 0.0000000000
41745  0.803  -53.301  54.610 0.0000000000
61270  -26.181  -36.866  55.487 0.0000000000
75327  -42.471  -24.336  34.885 0.0000000000
76498  -41.301  -23.538  34.226 0.0000000000
77645  -42.638  -23.195  34.615 0.0000000000
72867  -31.439  -27.287  45.251 0.0000000000
52202  -18.090  -44.306  46.790 0.0000000000
53245  -17.724  -43.770  47.824 0.0000000000
45305  -3.790  -50.708  58.487 0.0000000000
45335  -3.302  -51.227  57.104 0.0000000000
59117  -30.370  -39.140  41.846 0.0000000000
59106  -31.470  -38.596  42.244 0.0000000000
61437  -33.028  -37.109  42.893 0.0000000000
70492  -31.165  -29.247  49.236 0.0000000000
51120  -22.086  -45.794  44.300 0.0000000000
51133  -22.343  -45.896  43.151 0.0000000000
53298  -23.311  -44.365  44.738 0.0000000000
54405  -23.012  -42.708  45.663 0.0000000000
56632  -22.358  -41.367  46.717 0.0000000000
62501  -26.217  -35.541  50.501 0.0000000000
62514  -25.193  -35.829  49.731 0.0000000000
62515  -26.491  -35.701  49.272 0.0000000000
62540  -25.493  -35.852  47.472 0.0000000000
62580  -26.550  -36.404  43.801 0.0000000000
48841  -22.293  -46.439  48.663 0.0000000000
48862  -21.519  -46.377  48.288 0.0000000000
50013  -22.569  -46.018  46.973 0.0000000000
51105  -22.664  -45.721  45.858 0.0000000000
81004  -37.307  -20.834  30.833 0.0000000000
85190  -41.215  -16.197  28.434 0.0000000000
86264  -46.013  -14.922  34.278 0.0000000000
87336  -45.444  -14.402  33.337 0.0000000000
71802  -28.098  -28.027  39.496 0.0000000000
74157  -31.931  -26.235  33.298 0.0000000000
74125  -32.988  -25.299  34.303 0.0000000000
78716  -37.725  -22.043  42.027 0.0000000000
78753  -36.348  -22.256  39.825 0.0000000000
79793  -38.126  -21.735  41.759 0.0000000000
52142  -13.364  -44.851  50.827 0.0000000000
51020  -12.296  -45.460  51.123 0.0000000000
50981  -11.225  -45.624  52.487 0.0000000000
49912  -9.949  -45.932  51.883 0.0000000000
49935  -9.056  -45.967  51.327 0.0000000000
51015  -7.967  -46.380  50.625 0.0000000000
49952  -6.508  -47.547  49.651 0.0000000000
49953  -7.249  -46.932  49.389 0.0000000000
60176  -30.044  -37.438  47.825 0.0000000000
60207  -30.943  -38.028  46.612 0.0000000000
60178  -31.305  -37.206  47.893 0.0000000000
60166  -32.057  -36.535  48.937 0.0000000000
56559  -21.905  -41.620  52.126 0.0000000000
57756  -21.688  -40.672  51.504 0.0000000000
58973  -22.809  -39.286  53.019 0.0000000000
61303  -24.193  -37.823  52.865 0.0000000000
61321  -25.277  -36.046  52.044 0.0000000000
61290  -26.701  -35.762  54.216 0.0000000000
62472  -27.173  -35.163  52.397 0.0000000000
62486  -27.525  -35.259  51.097 0.0000000000
61322  -28.442  -35.421  50.907 0.0000000000
61355  -29.159  -36.449  49.231 0.0000000000
56549  -22.110  -41.502  53.256 0.0000000000
73048  -36.360  -25.994  32.855 0.0000000000
74205  -36.121  -25.875  31.183 0.0000000000
74206  -36.224  -25.547  31.989 0.0000000000
76508  -36.606  -24.295  32.000 0.0000000000
78809  -37.013  -22.709  32.280 0.0000000000
78812  -39.905  -22.448  33.268 0.0000000000
79883  -39.073  -21.760  32.951 0.0000000000
80983  -38.131  -21.102  32.533 0.0000000000
82007  -39.086  -19.933  32.496 0.0000000000
83028  -39.116  -18.688  31.421 0.0000000000
84048  -40.375  -17.835  31.323 0.0000000000
84065  -40.482  -17.345  30.355 0.0000000000
84040  -41.151  -17.834  32.271 0.0000000000
84042  -42.905  -16.829  32.908 0.0000000000
85135  -44.426  -16.263  34.094 0.0000000000
82999  -44.864  -18.082  35.513 0.0000000000
85126  -45.800  -15.917  34.631 0.0000000000
68273  -30.213  -31.873  42.509 0.0000000000
68303  -29.810  -32.093  41.178 0.0000000000
69467  -29.639  -31.526  42.148 0.0000000000
69465  -28.224  -30.226  41.633 0.0000000000
71777  -28.416  -28.871  41.433 0.0000000000
72899  -30.324  -27.344  43.202 0.0000000000
71779  -29.607  -27.578  41.974 0.0000000000
71792  -28.901  -27.949  40.963 0.0000000000
72941  -29.073  -27.063  39.660 0.0000000000
74075  -29.354  -26.433  39.078 0.0000000000
74076  -30.002  -25.616  38.785 0.0000000000
75254  -30.560  -24.719  37.046 0.0000000000
75232  -31.817  -24.662  39.079 0.0000000000
76398  -33.177  -24.193  40.268 0.0000000000
76400  -34.972  -23.234  41.110 0.0000000000
76380  -35.812  -23.752  43.212 0.0000000000
77549  -37.116  -22.716  42.829 0.0000000000
52144  -15.838  -44.280  51.495 0.0000000000
53243  -16.041  -43.019  48.750 0.0000000000
53230  -14.723  -43.612  49.956 0.0000000000
53221  -14.272  -44.054  50.440 0.0000000000
53228  -12.666  -44.398  49.471 0.0000000000
63759  -32.618  -36.190  39.922 0.0000000000
65961  -31.919  -34.186  40.757 0.0000000000
60208  -32.081  -37.681  45.919 0.0000000000
61413  -33.095  -37.108  44.681 0.0000000000
62593  -33.636  -36.249  43.603 0.0000000000
64793  -33.716  -34.179  44.161 0.0000000000
64818  -33.641  -34.937  42.999 0.0000000000
65944  -32.922  -33.922  42.586 0.0000000000
67125  -31.673  -33.148  42.438 0.0000000000
68274  -30.873  -32.285  42.792 0.0000000000
69430  -30.160  -30.929  43.731 0.0000000000
69407  -29.885  -29.826  45.341 0.0000000000
71682  -30.554  -28.788  46.828 0.0000000000
71657  -31.000  -28.781  48.370 0.0000000000
72832  -31.406  -27.784  47.951 0.0000000000
57765  -21.489  -40.329  50.140 0.0000000000
59015  -21.251  -39.580  49.151 0.0000000000
59025  -21.139  -39.395  48.279 0.0000000000
62526  -22.948  -36.572  49.132 0.0000000000
61379  -21.601  -37.236  48.299 0.0000000000
49954  -19.563  -45.985  50.422 0.0000000000
51054  -19.347  -45.063  48.620 0.0000000000
49989  -20.501  -45.854  47.265 0.0000000000
51069  -19.875  -45.475  47.308 0.0000000000
51086  -19.256  -45.132  46.403 0.0000000000
52216  -18.755  -44.845  45.089 0.0000000000
85169  -40.893  -16.883  29.911 0.0000000000
85180  -41.454  -16.084  29.271 0.0000000000
86304  -42.332  -15.225  29.274 0.0000000000
87352  -44.322  -14.395  31.343 0.0000000000
87360  -43.535  -14.560  30.178 0.0000000000
87370  -42.602  -14.676  28.888 0.0000000000
88394  -43.471  -13.521  28.305 0.0000000000
88403  -43.678  -13.457  27.266 0.0000000000
88404  -44.193  -13.150  26.841 0.0000000000
89423  -45.102  -12.046  27.573 0.0000000000
90483  -46.161  -11.183  28.159 0.0000000000
47602  -4.847  -49.141  52.825 0.0000000000
46504  -4.519  -50.082  54.159 0.0000000000
47601  -4.438  -49.640  52.199 0.0000000000
65968  -30.194  -33.583  39.546 0.0000000000
71910  -35.343  -27.077  32.552 0.0000000000
75275  -31.782  -24.409  36.303 0.0000000000
75276  -33.163  -24.534  35.945 0.0000000000
74126  -33.981  -25.445  34.843 0.0000000000
77601  -36.434  -23.247  38.400 0.0000000000
75256  -35.228  -24.778  36.484 0.0000000000
72988  -34.745  -25.836  34.772 0.0000000000
71840  -35.168  -26.279  34.328 0.0000000000
71861  -35.424  -26.523  33.852 0.0000000000
73026  -35.950  -26.507  33.087 0.0000000000
73027  -36.445  -26.225  33.423 0.0000000000
73049  -38.155  -25.653  34.331 0.0000000000
73030  -40.180  -25.715  34.999 0.0000000000
47554  -5.734  -48.582  55.810 0.0000000000
47570  -6.165  -48.138  55.261 0.0000000000
47585  -5.612  -48.680  54.072 0.0000000000
48745  -5.452  -48.513  52.432 0.0000000000
48787  -4.999  -49.072  50.501 0.0000000000
46495  -4.187  -50.590  54.464 0.0000000000
45373  -3.522  -51.410  55.475 0.0000000000
44207  -2.759  -51.848  56.299 0.0000000000
43060  -1.624  -53.296  53.262 0.0000000000
43038  -1.587  -52.848  55.256 0.0000000000
44206  -1.673  -52.476  56.149 0.0000000000
44189  -0.887  -52.352  56.792 0.0000000000
44187  0.368  -51.924  56.826 0.0000000000
40502  1.530  -54.330  53.843 0.0000000000
43048  1.435  -53.087  54.558 0.0000000000
47553  -5.158  -49.118  55.625 0.0000000000
61412  -28.934  -37.969  45.599 0.0000000000
60221  -29.538  -38.367  45.034 0.0000000000
60205  -29.675  -38.114  45.969 0.0000000000
54352  -23.495  -43.421  48.825 0.0000000000
55512  -23.213  -42.605  48.499 0.0000000000
55498  -22.646  -42.192  49.289 0.0000000000
61382  -28.683  -37.369  47.237 0.0000000000
61411  -28.248  -37.642  45.130 0.0000000000
55489  -22.962  -42.983  50.287 0.0000000000
54325  -23.097  -43.676  50.471 0.0000000000
54336  -23.296  -43.539  49.690 0.0000000000
53257  -23.835  -44.077  48.345 0.0000000000
65960  -31.043  -33.599  40.615 0.0000000000
74108  -28.385  -26.934  36.810 0.0000000000
74109  -29.064  -26.173  36.232 0.0000000000
75273  -29.709  -25.622  35.545 0.0000000000
52186  -9.463  -45.464  48.032 0.0000000000
52172  -9.596  -45.541  49.024 0.0000000000
51052  -9.208  -45.743  49.062 0.0000000000
60121  -31.008  -36.372  51.184 0.0000000000
60097  -24.602  -38.071  55.335 0.0000000000
60108  -24.040  -38.387  54.455 0.0000000000
60098  -25.292  -37.238  54.905 0.0000000000
61293  -30.431  -35.520  53.000 0.0000000000
61324  -30.188  -36.222  50.995 0.0000000000
58944  -23.820  -39.032  55.209 0.0000000000
74187  -40.129  -24.706  34.475 0.0000000000
75346  -39.644  -24.212  34.153 0.0000000000
80973  -41.967  -20.740  33.945 0.0000000000
81999  -41.964  -19.715  33.898 0.0000000000
83007  -42.170  -18.745  33.948 0.0000000000
71701  -30.243  -28.633  45.646 0.0000000000
71742  -29.559  -28.754  44.117 0.0000000000
72924  -31.266  -26.362  42.543 0.0000000000
74042  -31.816  -25.807  42.231 0.0000000000
75181  -32.683  -25.048  41.510 0.0000000000
74043  -33.124  -25.207  42.346 0.0000000000
52162  -18.305  -44.078  49.591 0.0000000000
52177  -18.358  -44.172  48.553 0.0000000000
91493  -47.190  -10.388  27.507 0.0000000000
91494  -47.898  -9.942  28.229 0.0000000000
44178  -2.645  -51.172  58.572 0.0000000000
44163  -1.599  -51.086  58.798 0.0000000000
60293  -32.636  -37.522  41.358 0.0000000000
61469  -33.069  -37.074  41.386 0.0000000000
62626  -33.214  -36.454  41.403 0.0000000000
62627  -33.429  -36.538  41.984 0.0000000000
63660  -33.854  -35.048  46.828 0.0000000000
65891  -33.636  -34.195  47.744 0.0000000000
68221  -32.123  -31.882  47.176 0.0000000000
68220  -31.459  -31.446  46.854 0.0000000000
69399  -30.797  -30.880  46.379 0.0000000000
69387  -31.010  -30.710  47.566 0.0000000000
51131  -20.723  -46.394  42.845 0.0000000000
51132  -21.526  -46.246  43.016 0.0000000000
62484  -25.175  -35.982  51.723 0.0000000000
61338  -23.897  -36.908  50.967 0.0000000000
51119  -21.546  -45.982  44.062 0.0000000000
51117  -20.064  -46.078  43.541 0.0000000000
86325  -42.065  -15.595  27.359 0.0000000000
86261  -43.980  -15.754  33.167 0.0000000000
85157  -43.340  -15.865  31.549 0.0000000000
86270  -44.532  -15.091  32.851 0.0000000000
89409  -45.118  -12.379  31.309 0.0000000000
90466  -45.527  -11.771  31.298 0.0000000000
90470  -44.969  -12.156  30.581 0.0000000000
90467  -46.131  -11.294  31.521 0.0000000000
91474  -45.881  -11.178  30.455 0.0000000000
70643  -27.936  -29.523  40.866 0.0000000000
69519  -27.857  -30.952  39.836 0.0000000000
69518  -27.325  -30.337  39.253 0.0000000000
73025  -33.161  -27.343  32.989 0.0000000000
71859  -33.857  -27.120  33.118 0.0000000000
77570  -34.675  -22.960  40.238 0.0000000000
77571  -35.572  -22.540  40.533 0.0000000000
76428  -38.307  -24.105  38.175 0.0000000000
75234  -37.780  -24.975  37.486 0.0000000000
74078  -37.918  -25.365  37.224 0.0000000000
72961  -37.684  -25.813  36.592 0.0000000000
74098  -38.095  -25.726  36.912 0.0000000000
71829  -38.146  -26.323  36.188 0.0000000000
72950  -39.065  -25.702  37.290 0.0000000000
49885  -7.787  -46.984  52.585 0.0000000000
48770  -7.341  -47.219  52.155 0.0000000000
48747  -7.181  -47.474  52.867 0.0000000000
49908  -6.522  -47.720  51.306 0.0000000000
40524  0.119  -54.696  53.556 0.0000000000
41781  0.225  -54.367  53.853 0.0000000000
41746  0.339  -53.399  54.660 0.0000000000
41762  0.694  -53.998  54.177 0.0000000000
72868  -32.186  -26.991  45.526 0.0000000000
53271  -17.514  -43.919  46.070 0.0000000000
46478  -4.287  -50.228  56.971 0.0000000000
46474  -4.302  -50.191  57.911 0.0000000000
45320  -3.821  -50.751  57.563 0.0000000000
45352  -3.509  -51.275  56.282 0.0000000000
60273  -29.382  -38.347  42.413 0.0000000000
59092  -30.850  -38.724  43.752 0.0000000000
59105  -30.789  -38.976  42.645 0.0000000000
59093  -31.335  -38.332  43.310 0.0000000000
60255  -31.862  -37.901  42.796 0.0000000000
60256  -32.481  -37.441  43.347 0.0000000000
51121  -22.504  -45.563  44.515 0.0000000000
51134  -22.457  -45.672  43.801 0.0000000000
52231  -23.019  -45.165  44.602 0.0000000000
55541  -23.274  -42.646  46.499 0.0000000000
54406  -23.291  -42.991  45.862 0.0000000000
55540  -22.979  -42.007  47.022 0.0000000000
55554  -22.798  -42.356  45.965 0.0000000000
62502  -27.264  -35.530  50.072 0.0000000000
61380  -27.008  -36.431  47.009 0.0000000000
62541  -26.383  -36.152  47.039 0.0000000000
62554  -25.400  -35.896  46.386 0.0000000000
62555  -26.260  -36.276  46.026 0.0000000000
62570  -26.327  -36.499  45.018 0.0000000000
61434  -27.825  -37.086  43.303 0.0000000000
52163  -23.407  -44.984  49.794 0.0000000000
53208  -23.228  -44.979  51.409 0.0000000000
51042  -23.288  -45.316  49.339 0.0000000000
51041  -22.945  -45.658  49.937 0.0000000000
51056  -23.157  -45.779  48.909 0.0000000000
49992  -22.238  -46.325  47.873 0.0000000000
51070  -23.355  -45.650  47.895 0.0000000000
51104  -22.067  -45.785  45.324 0.0000000000
82030  -37.569  -20.256  30.843 0.0000000000
70672  -27.464  -28.825  38.943 0.0000000000
71810  -27.719  -28.123  38.349 0.0000000000
75307  -30.953  -25.442  34.257 0.0000000000
74138  -31.493  -25.827  33.670 0.0000000000
74139  -32.624  -25.831  33.543 0.0000000000
75308  -32.012  -25.197  34.219 0.0000000000
78704  -37.991  -22.020  42.484 0.0000000000
79828  -39.082  -22.032  39.955 0.0000000000
51021  -12.971  -45.273  51.199 0.0000000000
52141  -12.363  -45.258  50.552 0.0000000000
51019  -11.293  -45.571  50.768 0.0000000000
50999  -11.154  -45.637  51.757 0.0000000000
49888  -10.721  -45.842  52.861 0.0000000000
50998  -10.511  -45.711  51.712 0.0000000000
51034  -8.565  -45.950  49.793 0.0000000000
51016  -8.447  -46.032  50.620 0.0000000000
49934  -8.257  -46.341  51.210 0.0000000000
51033  -7.876  -46.382  50.011 0.0000000000
60162  -30.344  -36.917  48.612 0.0000000000
60177  -30.727  -37.325  47.883 0.0000000000
60163  -30.898  -36.918  48.732 0.0000000000
60135  -31.842  -36.250  50.753 0.0000000000
60149  -31.681  -36.540  49.770 0.0000000000
60150  -32.075  -36.295  49.814 0.0000000000
57748  -22.423  -40.019  53.308 0.0000000000
57747  -22.098  -40.296  52.651 0.0000000000
60120  -24.322  -37.773  53.246 0.0000000000
61304  -24.696  -37.149  53.079 0.0000000000
61305  -25.379  -36.199  52.669 0.0000000000
61271  -27.012  -36.070  55.126 0.0000000000
62487  -28.423  -35.296  51.259 0.0000000000
61356  -29.975  -36.575  49.362 0.0000000000
60161  -29.658  -36.910  48.468 0.0000000000
57732  -22.535  -40.508  54.229 0.0000000000
57740  -22.312  -40.593  53.647 0.0000000000
74184  -36.741  -25.366  32.764 0.0000000000
76495  -37.866  -24.058  33.117 0.0000000000
76494  -36.971  -24.438  32.589 0.0000000000
77654  -37.105  -23.573  32.498 0.0000000000
78810  -37.742  -22.744  32.759 0.0000000000
78814  -41.700  -22.713  34.006 0.0000000000
77657  -40.553  -23.033  33.742 0.0000000000
78813  -40.972  -22.385  33.553 0.0000000000
79884  -40.337  -21.580  33.229 0.0000000000
80984  -39.189  -20.863  32.848 0.0000000000
82006  -38.405  -20.419  32.379 0.0000000000
83019  -40.997  -18.502  32.786 0.0000000000
83018  -40.112  -18.780  32.381 0.0000000000
83029  -39.918  -18.290  31.676 0.0000000000
84030  -43.042  -17.383  33.865 0.0000000000
84041  -42.120  -17.331  32.666 0.0000000000
85134  -43.528  -16.523  33.528 0.0000000000
85137  -45.713  -16.208  34.762 0.0000000000
69448  -29.760  -31.173  42.805 0.0000000000
69447  -29.296  -30.377  43.249 0.0000000000
70602  -28.729  -29.503  42.804 0.0000000000
70624  -28.412  -29.507  42.173 0.0000000000
70623  -28.227  -29.513  41.555 0.0000000000
71778  -28.856  -28.519  41.890 0.0000000000
72884  -31.283  -27.098  44.427 0.0000000000
72883  -30.506  -27.524  44.081 0.0000000000
72911  -30.187  -27.132  42.373 0.0000000000
72921  -29.416  -27.487  41.298 0.0000000000
71803  -28.718  -27.794  40.296 0.0000000000
72932  -29.284  -27.328  40.528 0.0000000000
74062  -29.957  -26.421  39.893 0.0000000000
74077  -30.838  -25.090  38.934 0.0000000000
75209  -31.419  -24.991  39.344 0.0000000000
75196  -33.288  -24.548  41.108 0.0000000000
76397  -32.791  -24.473  40.158 0.0000000000
76399  -34.087  -23.871  41.143 0.0000000000
76381  -36.766  -23.267  43.307 0.0000000000
77548  -36.476  -23.027  42.554 0.0000000000
78695  -37.697  -22.414  42.918 0.0000000000
52145  -16.857  -44.087  51.198 0.0000000000
52160  -15.950  -43.707  50.664 0.0000000000
53255  -16.838  -43.369  47.457 0.0000000000
53244  -17.190  -43.426  48.484 0.0000000000
53254  -16.323  -43.069  48.032 0.0000000000
54349  -13.975  -42.993  48.140 0.0000000000
53242  -14.874  -43.019  49.046 0.0000000000
53229  -13.478  -44.027  49.739 0.0000000000
45318  -0.004  -51.089  58.254 0.0000000000
63741  -32.755  -35.596  40.664 0.0000000000
62662  -32.636  -36.634  39.890 0.0000000000
64840  -32.271  -34.907  40.370 0.0000000000
64829  -32.405  -34.542  41.185 0.0000000000
60195  -31.807  -37.497  46.906 0.0000000000
59048  -31.547  -37.891  46.265 0.0000000000
60209  -32.560  -37.240  46.334 0.0000000000
61414  -33.355  -36.807  45.354 0.0000000000
62582  -33.692  -36.186  44.719 0.0000000000
63698  -33.880  -35.572  44.083 0.0000000000
67086  -32.866  -32.647  45.533 0.0000000000
65917  -33.480  -33.469  44.944 0.0000000000
64803  -33.477  -34.365  43.219 0.0000000000
64817  -33.323  -34.901  42.396 0.0000000000
65931  -33.071  -33.365  43.670 0.0000000000
68264  -31.630  -32.227  43.616 0.0000000000
67117  -31.551  -32.664  42.923 0.0000000000
68263  -31.063  -31.948  43.432 0.0000000000
69431  -30.740  -31.516  43.774 0.0000000000
69417  -30.789  -31.209  44.406 0.0000000000
69398  -30.403  -30.162  46.886 0.0000000000
69408  -30.089  -30.131  45.709 0.0000000000
70539  -30.176  -29.414  46.397 0.0000000000
70551  -29.978  -29.380  45.788 0.0000000000
71647  -31.283  -28.520  49.855 0.0000000000
71646  -31.164  -28.616  49.123 0.0000000000
72842  -31.526  -27.569  46.986 0.0000000000
52243  -22.909  -45.337  43.307 0.0000000000
52242  -22.869  -45.610  42.623 0.0000000000
58987  -22.029  -39.368  51.631 0.0000000000
57766  -21.685  -40.927  50.519 0.0000000000
60143  -21.686  -38.714  50.094 0.0000000000
60160  -21.831  -38.404  50.044 0.0000000000
60159  -21.387  -38.553  49.337 0.0000000000
62513  -23.917  -36.326  50.142 0.0000000000
62527  -24.182  -35.982  48.860 0.0000000000
49967  -19.814  -45.617  49.493 0.0000000000
49991  -21.696  -46.297  47.659 0.0000000000
49990  -21.145  -46.181  47.637 0.0000000000
51087  -20.063  -45.626  46.206 0.0000000000
52203  -18.380  -44.584  46.157 0.0000000000
84049  -41.313  -17.271  31.415 0.0000000000
84066  -41.227  -16.951  30.563 0.0000000000
85155  -41.788  -16.807  31.004 0.0000000000
85171  -42.484  -15.975  30.385 0.0000000000
86292  -42.095  -15.806  29.666 0.0000000000
88366  -45.383  -13.860  32.883 0.0000000000
87344  -44.523  -14.576  32.070 0.0000000000
88374  -45.034  -13.715  32.219 0.0000000000
88382  -44.101  -13.617  30.200 0.0000000000
87361  -44.115  -14.245  30.740 0.0000000000
88381  -43.631  -14.050  29.763 0.0000000000
87371  -43.195  -14.301  29.403 0.0000000000
87383  -43.040  -14.141  28.569 0.0000000000
89421  -43.995  -12.937  28.206 0.0000000000
89427  -44.217  -12.873  27.499 0.0000000000
89428  -44.678  -12.602  27.025 0.0000000000
90477  -45.955  -11.287  28.858 0.0000000000
91489  -46.978  -10.618  28.649 0.0000000000
47583  -4.484  -49.722  53.068 0.0000000000
68302  -29.388  -31.973  40.662 0.0000000000
67144  -30.039  -33.004  40.114 0.0000000000
67132  -29.594  -32.446  40.467 0.0000000000
71909  -35.196  -27.629  31.723 0.0000000000
76438  -31.985  -24.374  38.095 0.0000000000
75255  -31.398  -24.450  37.591 0.0000000000
76452  -32.107  -24.256  37.333 0.0000000000
76440  -33.522  -24.004  37.390 0.0000000000
76453  -32.822  -24.213  36.875 0.0000000000
76454  -33.800  -24.424  36.541 0.0000000000
75295  -33.529  -24.991  35.415 0.0000000000
75277  -34.174  -25.067  35.747 0.0000000000
77585  -36.852  -22.699  39.152 0.0000000000
74095  -36.190  -25.320  36.247 0.0000000000
76443  -36.293  -24.663  37.061 0.0000000000
75279  -35.560  -25.124  36.203 0.0000000000
74111  -34.817  -25.544  35.426 0.0000000000
72974  -35.490  -25.765  35.491 0.0000000000
72989  -35.762  -26.104  35.258 0.0000000000
71888  -35.803  -26.557  33.365 0.0000000000
71889  -36.900  -26.287  34.304 0.0000000000
71891  -38.529  -26.392  35.226 0.0000000000
71890  -37.935  -26.340  34.878 0.0000000000
73029  -38.922  -26.080  34.890 0.0000000000
73006  -39.873  -26.271  35.635 0.0000000000
48700  -6.732  -47.710  54.614 0.0000000000
47586  -6.089  -48.210  54.533 0.0000000000
48716  -5.795  -48.319  53.255 0.0000000000
48788  -5.679  -48.355  50.502 0.0000000000
48767  -5.267  -48.685  51.360 0.0000000000
46503  -4.268  -50.217  53.675 0.0000000000
46494  -4.006  -50.727  53.974 0.0000000000
45394  -3.080  -51.709  53.877 0.0000000000
45395  -3.617  -51.232  54.353 0.0000000000
44222  -3.048  -51.914  55.005 0.0000000000
44221  -2.296  -52.409  55.273 0.0000000000
43069  -1.722  -53.457  52.575 0.0000000000
44247  -1.904  -53.134  52.761 0.0000000000
43049  -0.621  -53.400  54.620 0.0000000000
43050  -1.302  -53.222  54.322 0.0000000000
44205  -1.121  -52.717  56.214 0.0000000000
43008  -0.462  -52.614  56.314 0.0000000000
43019  0.426  -52.366  56.039 0.0000000000
44204  0.694  -52.028  56.425 0.0000000000
44186  0.938  -51.758  56.729 0.0000000000
41779  2.338  -54.112  53.664 0.0000000000
41780  1.764  -54.299  53.849 0.0000000000
46481  -4.268  -50.293  56.074 0.0000000000
60252  -29.459  -38.426  43.102 0.0000000000
60237  -29.439  -38.521  44.077 0.0000000000
59091  -30.544  -38.769  44.273 0.0000000000
59077  -30.827  -38.560  44.626 0.0000000000
53287  -23.586  -44.140  46.066 0.0000000000
55527  -23.408  -42.618  47.426 0.0000000000
56608  -22.474  -41.623  48.399 0.0000000000
61354  -28.239  -36.309  48.922 0.0000000000
61353  -27.356  -36.035  48.514 0.0000000000
61367  -27.942  -36.727  47.933 0.0000000000
61381  -27.540  -36.899  46.777 0.0000000000
62571  -27.032  -36.906  44.815 0.0000000000
61395  -27.625  -37.173  45.572 0.0000000000
61423  -28.221  -37.644  44.136 0.0000000000
55457  -22.268  -42.746  52.664 0.0000000000
54314  -22.958  -43.784  51.230 0.0000000000
53233  -23.405  -44.183  49.948 0.0000000000
52179  -23.629  -45.007  48.798 0.0000000000
52190  -23.623  -45.349  47.772 0.0000000000
53274  -23.994  -44.850  47.707 0.0000000000
53273  -23.874  -44.348  47.417 0.0000000000
84075  -40.346  -17.195  29.350 0.0000000000
63758  -32.136  -35.500  39.529 0.0000000000
72959  -28.490  -26.934  38.048 0.0000000000
72958  -28.073  -27.453  37.642 0.0000000000
74092  -28.461  -26.849  37.559 0.0000000000
75292  -30.328  -25.502  34.790 0.0000000000
52174  -11.441  -44.870  49.105 0.0000000000
52156  -11.352  -45.256  49.936 0.0000000000
52155  -10.392  -45.341  49.642 0.0000000000
51036  -10.365  -45.445  50.140 0.0000000000
51035  -9.448  -45.583  49.736 0.0000000000
51065  -8.140  -46.585  48.330 0.0000000000
61342  -30.247  -36.455  50.097 0.0000000000
60147  -30.961  -36.616  49.578 0.0000000000
60133  -30.974  -36.504  50.389 0.0000000000
60134  -31.318  -36.477  50.532 0.0000000000
60123  -31.747  -36.115  51.420 0.0000000000
58958  -23.078  -39.435  54.010 0.0000000000
58974  -23.290  -38.990  53.575 0.0000000000
62440  -27.966  -35.242  53.939 0.0000000000
61291  -28.814  -35.142  53.737 0.0000000000
61306  -29.120  -35.205  52.543 0.0000000000
61323  -29.150  -35.605  51.244 0.0000000000
74185  -37.866  -25.165  33.865 0.0000000000
75345  -38.452  -24.422  33.737 0.0000000000
79873  -42.523  -21.548  34.335 0.0000000000
79872  -41.791  -21.559  33.852 0.0000000000
80972  -41.134  -20.834  33.575 0.0000000000
80986  -40.776  -20.098  33.268 0.0000000000
82009  -41.003  -19.380  33.171 0.0000000000
83020  -41.686  -18.144  33.181 0.0000000000
83009  -43.804  -18.013  34.982 0.0000000000
70564  -29.617  -29.438  44.542 0.0000000000
72901  -32.043  -26.604  43.915 0.0000000000
72913  -31.603  -26.494  43.064 0.0000000000
72923  -30.776  -26.412  41.958 0.0000000000
72934  -30.421  -26.567  41.301 0.0000000000
72933  -29.992  -26.785  40.775 0.0000000000
74052  -30.800  -26.008  40.950 0.0000000000
75194  -31.569  -25.250  40.176 0.0000000000
75182  -33.466  -24.777  41.807 0.0000000000
51025  -19.035  -45.539  50.722 0.0000000000
51039  -18.594  -44.625  50.422 0.0000000000
54368  -15.611  -42.937  47.281 0.0000000000
54348  -12.938  -43.417  47.980 0.0000000000
90488  -46.135  -11.246  27.202 0.0000000000
90492  -46.194  -11.505  26.249 0.0000000000
90489  -46.672  -10.860  26.863 0.0000000000
90493  -46.856  -11.038  26.052 0.0000000000
91499  -47.282  -10.713  25.901 0.0000000000
44175  -0.623  -51.663  57.673 0.0000000000
60312  -32.130  -37.939  40.366 0.0000000000
61482  -32.456  -37.514  40.134 0.0000000000
61483  -32.893  -37.051  40.683 0.0000000000
64830  -32.915  -34.983  41.463 0.0000000000
61384  -32.630  -36.656  47.253 0.0000000000
60210  -32.903  -36.986  46.344 0.0000000000
62557  -33.543  -35.775  46.869 0.0000000000
63672  -33.810  -35.378  46.206 0.0000000000
64784  -33.971  -34.735  45.741 0.0000000000
68222  -32.624  -32.458  47.457 0.0000000000
67085  -32.532  -32.393  45.211 0.0000000000
67098  -32.513  -32.456  44.769 0.0000000000
68246  -32.235  -32.027  45.333 0.0000000000
68245  -31.420  -31.603  44.887 0.0000000000
72821  -31.687  -27.330  49.407 0.0000000000
54431  -23.042  -43.585  43.756 0.0000000000
61318  -23.250  -38.062  51.770 0.0000000000
60145  -22.544  -38.363  51.394 0.0000000000
61337  -22.904  -37.861  51.114 0.0000000000
61351  -23.190  -36.990  50.144 0.0000000000
62539  -24.473  -35.658  47.709 0.0000000000
49956  -20.618  -46.240  49.299 0.0000000000
50021  -21.218  -45.884  45.610 0.0000000000
50010  -20.966  -45.967  46.332 0.0000000000
51088  -20.531  -45.794  45.780 0.0000000000
52217  -19.354  -45.444  44.631 0.0000000000
85143  -42.590  -16.730  32.173 0.0000000000
86283  -43.686  -15.374  31.256 0.0000000000
89404  -44.792  -13.380  31.579 0.0000000000
89405  -45.184  -12.724  31.830 0.0000000000
89408  -44.759  -12.849  30.978 0.0000000000
89413  -44.456  -12.669  30.047 0.0000000000
88387  -44.069  -13.115  29.513 0.0000000000
90475  -44.879  -12.027  29.730 0.0000000000
90481  -44.897  -11.955  28.941 0.0000000000
90476  -45.485  -11.514  29.378 0.0000000000
91481  -45.730  -11.277  29.910 0.0000000000
91475  -46.572  -10.787  30.577 0.0000000000
91476  -47.372  -10.394  30.943 0.0000000000
48766  -4.743  -49.266  51.218 0.0000000000
47616  -4.351  -49.770  51.344 0.0000000000
68301  -28.574  -31.458  40.441 0.0000000000
68321  -28.997  -31.925  40.095 0.0000000000
68320  -28.489  -31.922  39.688 0.0000000000
68344  -27.954  -31.625  39.205 0.0000000000
71886  -34.016  -27.788  32.660 0.0000000000
71860  -34.594  -26.813  33.318 0.0000000000
76407  -33.169  -23.911  39.338 0.0000000000
76439  -32.645  -24.086  37.809 0.0000000000
77582  -33.814  -23.451  38.908 0.0000000000
77598  -33.904  -23.599  38.376 0.0000000000
77599  -34.436  -23.451  38.379 0.0000000000
77586  -37.877  -22.875  39.084 0.0000000000
77602  -37.465  -23.390  38.530 0.0000000000
76427  -37.191  -24.029  37.831 0.0000000000
75258  -36.793  -25.082  36.876 0.0000000000
74113  -36.395  -25.573  36.109 0.0000000000
72975  -36.677  -25.862  36.042 0.0000000000
71842  -36.897  -26.399  35.369 0.0000000000
71863  -37.354  -26.464  35.095 0.0000000000
71843  -37.744  -26.422  35.731 0.0000000000
71844  -38.503  -26.457  35.935 0.0000000000
71818  -39.130  -26.260  36.707 0.0000000000
49886  -8.608  -46.657  52.769 0.0000000000
48746  -6.263  -47.924  52.649 0.0000000000
48789  -6.197  -47.976  50.904 0.0000000000
49931  -6.131  -47.989  50.530 0.0000000000
46513  -3.485  -50.960  52.376 0.0000000000
45438  -3.053  -51.594  52.566 0.0000000000
45416  -2.819  -51.946  53.191 0.0000000000
41799  -0.635  -54.616  52.724 0.0000000000
41783  -1.069  -53.741  53.599 0.0000000000
43036  -0.225  -53.148  55.136 0.0000000000
43035  0.369  -52.917  55.223 0.0000000000
41744  1.079  -53.205  54.563 0.0000000000
61273  -29.316  -35.166  54.551 0.0000000000
75326  -41.695  -24.405  34.618 0.0000000000
75347  -40.963  -24.228  34.411 0.0000000000
75348  -41.869  -24.037  34.483 0.0000000000
77660  -42.075  -23.207  34.286 0.0000000000
78815  -42.101  -22.816  34.290 0.0000000000
80975  -43.596  -20.421  35.363 0.0000000000
81990  -44.091  -19.786  35.654 0.0000000000
82001  -43.527  -19.171  35.199 0.0000000000
72853  -31.598  -27.476  46.064 0.0000000000
72866  -30.698  -27.731  44.966 0.0000000000
72885  -32.024  -26.849  44.737 0.0000000000
72902  -32.406  -26.546  44.423 0.0000000000
74031  -32.411  -26.329  43.817 0.0000000000
74039  -33.821  -25.221  42.895 0.0000000000
52188  -18.321  -44.182  47.507 0.0000000000
53256  -17.570  -43.884  47.072 0.0000000000
53270  -16.930  -43.558  46.666 0.0000000000
45319  -3.229  -51.087  58.092 0.0000000000
44191  -2.616  -51.474  57.610 0.0000000000
59118  -31.003  -39.138  41.534 0.0000000000
59104  -30.404  -39.102  42.332 0.0000000000
60276  -31.915  -38.221  41.946 0.0000000000
60277  -32.484  -37.613  42.225 0.0000000000
61454  -33.137  -37.060  42.120 0.0000000000
70506  -31.421  -29.869  49.157 0.0000000000
54419  -23.245  -43.425  44.909 0.0000000000
54418  -22.909  -42.738  45.224 0.0000000000
55568  -22.372  -42.165  44.971 0.0000000000
56631  -21.922  -40.922  46.214 0.0000000000
62529  -26.393  -35.935  48.084 0.0000000000
62553  -24.836  -35.668  46.983 0.0000000000
62581  -27.296  -36.914  44.023 0.0000000000
48839  -21.446  -46.464  49.035 0.0000000000
48840  -21.947  -46.482  48.637 0.0000000000
50012  -22.066  -46.191  47.041 0.0000000000
51089  -23.139  -45.664  46.875 0.0000000000
50024  -22.346  -46.017  46.543 0.0000000000
50023  -22.048  -46.029  46.260 0.0000000000
51103  -21.548  -45.804  45.046 0.0000000000
79902  -36.964  -21.725  30.757 0.0000000000
86263  -45.538  -15.129  33.870 0.0000000000
86271  -45.088  -14.936  33.271 0.0000000000
87337  -45.873  -14.346  33.874 0.0000000000
91454  -46.941  -10.976  32.517 0.0000000000
70657  -27.239  -29.857  39.351 0.0000000000
74140  -33.401  -25.580  34.005 0.0000000000
78714  -36.832  -22.151  41.187 0.0000000000
78736  -36.423  -22.151  40.654 0.0000000000
78715  -37.362  -22.101  41.615 0.0000000000
79812  -37.791  -21.777  41.198 0.0000000000
79826  -37.877  -21.819  40.601 0.0000000000
79827  -38.487  -21.872  40.228 0.0000000000
78755  -38.573  -22.401  39.561 0.0000000000
77587  -38.907  -23.375  38.879 0.0000000000
76408  -39.011  -24.008  38.340 0.0000000000
76409  -39.621  -24.027  38.410 0.0000000000
52140  -11.838  -45.474  50.559 0.0000000000
51000  -12.120  -45.458  51.827 0.0000000000
49936  -9.605  -45.743  51.267 0.0000000000
49911  -8.945  -46.369  51.968 0.0000000000
49933  -7.376  -46.866  50.607 0.0000000000
40542  0.912  -55.737  52.980 0.0000000000
60192  -29.659  -37.864  47.009 0.0000000000
60206  -30.462  -38.129  46.229 0.0000000000
60193  -30.514  -37.823  47.139 0.0000000000
60194  -31.176  -37.709  47.094 0.0000000000
60179  -31.774  -36.999  47.940 0.0000000000
60164  -31.344  -36.871  48.810 0.0000000000
60165  -31.727  -36.769  48.882 0.0000000000
60180  -32.124  -36.713  48.023 0.0000000000
61370  -32.680  -35.825  48.256 0.0000000000
61310  -31.704  -35.776  51.956 0.0000000000
55479  -22.434  -42.633  50.766 0.0000000000
56571  -21.999  -41.809  50.935 0.0000000000
58972  -22.322  -39.499  52.424 0.0000000000
58988  -22.529  -39.160  52.295 0.0000000000
60119  -23.715  -38.406  53.131 0.0000000000
60118  -23.189  -38.746  52.743 0.0000000000
60131  -23.532  -38.248  52.435 0.0000000000
61319  -23.821  -37.778  52.115 0.0000000000
61289  -25.734  -36.419  54.066 0.0000000000
62459  -27.121  -35.341  53.554 0.0000000000
62458  -26.388  -35.723  53.749 0.0000000000
62471  -26.220  -35.635  53.051 0.0000000000
62485  -25.945  -35.570  51.816 0.0000000000
61340  -28.446  -35.726  50.101 0.0000000000
60175  -29.347  -37.413  47.692 0.0000000000
55446  -22.214  -42.464  53.837 0.0000000000
55468  -22.239  -42.584  51.556 0.0000000000
73047  -35.705  -26.703  32.400 0.0000000000
73067  -35.907  -26.925  31.354 0.0000000000
74183  -36.021  -26.015  32.080 0.0000000000
75343  -36.834  -24.887  32.618 0.0000000000
75358  -36.440  -25.029  31.947 0.0000000000
76507  -36.287  -24.494  31.274 0.0000000000
76497  -40.172  -23.598  34.016 0.0000000000
77656  -39.474  -23.130  33.476 0.0000000000
79885  -40.932  -21.898  33.405 0.0000000000
78811  -38.787  -22.590  33.036 0.0000000000
79882  -38.049  -21.974  32.770 0.0000000000
80982  -37.471  -21.608  32.264 0.0000000000
79892  -36.917  -22.104  31.668 0.0000000000
80992  -37.373  -20.965  31.651 0.0000000000
82017  -37.973  -19.995  31.600 0.0000000000
83017  -39.392  -19.216  32.237 0.0000000000
82018  -38.720  -19.348  31.813 0.0000000000
84047  -39.621  -18.191  31.031 0.0000000000
84064  -39.734  -17.913  30.357 0.0000000000
82998  -44.240  -18.884  35.481 0.0000000000
83010  -44.416  -17.484  35.037 0.0000000000
85136  -45.426  -16.011  34.486 0.0000000000
86256  -45.880  -15.557  34.491 0.0000000000
86257  -46.466  -15.200  34.753 0.0000000000
67123  -30.276  -32.673  41.642 0.0000000000
68288  -30.096  -32.212  41.778 0.0000000000
68287  -29.415  -31.648  41.512 0.0000000000
69466  -28.752  -30.614  42.080 0.0000000000
71743  -29.830  -28.037  43.654 0.0000000000
71760  -29.613  -27.841  42.716 0.0000000000
71791  -28.287  -28.680  40.817 0.0000000000
72940  -28.514  -27.311  39.120 0.0000000000
72942  -29.600  -26.919  40.201 0.0000000000
74061  -29.473  -26.643  39.543 0.0000000000
72949  -28.772  -26.875  38.707 0.0000000000
74094  -29.923  -25.287  37.696 0.0000000000
75230  -30.647  -24.873  38.136 0.0000000000
75231  -31.529  -24.630  38.564 0.0000000000
76421  -31.951  -24.470  38.479 0.0000000000
75210  -32.039  -24.727  39.604 0.0000000000
76406  -32.651  -24.378  39.777 0.0000000000
77556  -35.595  -22.973  41.473 0.0000000000
75174  -34.272  -24.763  42.663 0.0000000000
75184  -34.531  -24.350  42.465 0.0000000000
76374  -36.191  -23.964  43.893 0.0000000000
76379  -35.171  -23.949  42.813 0.0000000000
76388  -34.948  -23.832  42.118 0.0000000000
76389  -35.871  -23.277  42.179 0.0000000000
77557  -36.423  -22.588  41.628 0.0000000000
78703  -37.472  -22.324  42.319 0.0000000000
53232  -16.910  -43.329  49.359 0.0000000000
54351  -15.781  -42.874  48.073 0.0000000000
53231  -15.965  -43.317  49.752 0.0000000000
52159  -15.023  -43.915  50.818 0.0000000000
53220  -13.723  -44.365  50.451 0.0000000000
52158  -13.104  -44.521  50.051 0.0000000000
52175  -12.104  -44.595  49.072 0.0000000000
53240  -12.460  -44.042  48.654 0.0000000000
53239  -11.548  -44.519  48.529 0.0000000000
91497  -47.934  -9.998  27.079 0.0000000000
62661  -32.358  -36.756  39.226 0.0000000000
65951  -31.136  -33.374  41.414 0.0000000000
59046  -30.775  -38.305  45.525 0.0000000000
59061  -31.011  -38.315  45.213 0.0000000000
60223  -32.032  -37.744  44.982 0.0000000000
60224  -32.735  -37.343  45.415 0.0000000000
60240  -32.564  -37.414  44.401 0.0000000000
61425  -33.018  -37.047  43.824 0.0000000000
61438  -33.352  -36.727  43.277 0.0000000000
62611  -33.458  -36.522  42.528 0.0000000000
65906  -33.860  -33.879  45.825 0.0000000000
65905  -33.472  -33.291  46.068 0.0000000000
64794  -34.011  -34.858  44.622 0.0000000000
64804  -33.844  -34.904  43.613 0.0000000000
63714  -33.646  -35.590  42.820 0.0000000000
63728  -33.463  -36.187  42.125 0.0000000000
63713  -33.451  -35.383  42.374 0.0000000000
65953  -32.732  -34.404  41.868 0.0000000000
67109  -32.446  -32.731  43.759 0.0000000000
65943  -32.371  -33.192  42.916 0.0000000000
65952  -31.903  -33.715  41.763 0.0000000000
67116  -31.061  -32.645  42.646 0.0000000000
67124  -30.835  -32.920  42.055 0.0000000000
68289  -30.464  -32.357  42.322 0.0000000000
68262  -30.459  -31.641  43.179 0.0000000000
69416  -30.191  -30.588  44.722 0.0000000000
69415  -29.798  -29.960  44.981 0.0000000000
70550  -29.868  -29.394  45.298 0.0000000000
70505  -31.121  -29.704  48.684 0.0000000000
70504  -30.859  -29.495  47.997 0.0000000000
71668  -30.781  -28.982  47.667 0.0000000000
72820  -31.320  -27.986  48.889 0.0000000000
71669  -31.025  -28.329  47.390 0.0000000000
71683  -30.974  -28.108  46.441 0.0000000000
56582  -22.171  -41.633  49.941 0.0000000000
56594  -22.264  -41.597  49.082 0.0000000000
57778  -21.820  -40.965  49.625 0.0000000000
59001  -21.749  -39.155  50.907 0.0000000000
57777  -21.422  -40.297  49.375 0.0000000000
57792  -22.012  -40.973  48.620 0.0000000000
57791  -21.499  -40.202  48.427 0.0000000000
57803  -21.564  -40.057  47.467 0.0000000000
57814  -21.565  -40.151  46.367 0.0000000000
61365  -22.583  -37.115  49.568 0.0000000000
61349  -21.712  -37.797  49.240 0.0000000000
60174  -21.000  -38.475  47.995 0.0000000000
59032  -21.109  -39.342  47.179 0.0000000000
51040  -19.325  -45.204  49.852 0.0000000000
48861  -21.176  -46.329  48.529 0.0000000000
49969  -20.788  -46.125  48.416 0.0000000000
51055  -19.748  -45.314  47.975 0.0000000000
51068  -19.357  -45.049  47.521 0.0000000000
52189  -18.752  -44.649  47.036 0.0000000000
85170  -41.660  -16.422  30.155 0.0000000000
86303  -41.700  -15.648  28.857 0.0000000000
86315  -42.029  -15.196  28.385 0.0000000000
87343  -44.114  -14.946  31.538 0.0000000000
86294  -43.463  -15.208  30.645 0.0000000000
88373  -44.644  -13.965  31.663 0.0000000000
87359  -42.911  -14.831  29.576 0.0000000000
87382  -42.446  -14.663  27.928 0.0000000000
87394  -43.060  -14.137  27.521 0.0000000000
89429  -45.275  -12.158  26.866 0.0000000000
90487  -45.640  -11.668  27.497 0.0000000000
90482  -45.398  -11.679  28.364 0.0000000000
91490  -48.038  -10.134  29.334 0.0000000000
47584  -4.861  -49.498  53.827 0.0000000000
46514  -4.054  -50.244  52.751 0.0000000000
46531  -3.912  -50.288  51.756 0.0000000000
65959  -30.332  -33.261  40.313 0.0000000000
73046  -35.456  -27.250  31.939 0.0000000000
75294  -32.701  -24.886  35.117 0.0000000000
77584  -35.641  -22.611  39.379 0.0000000000
77600  -35.345  -23.272  38.378 0.0000000000
76425  -35.002  -23.845  37.716 0.0000000000
76426  -36.105  -23.986  37.619 0.0000000000
76442  -35.536  -24.430  37.067 0.0000000000
76455  -34.561  -24.736  36.346 0.0000000000
74127  -34.543  -25.635  35.073 0.0000000000
72987  -34.197  -25.759  34.374 0.0000000000
73028  -37.586  -25.984  34.237 0.0000000000
74159  -37.662  -25.617  34.041 0.0000000000
73050  -38.720  -25.406  34.457 0.0000000000
74160  -39.611  -25.323  34.641 0.0000000000
74161  -40.517  -25.096  34.701 0.0000000000
74064  -39.923  -25.068  37.777 0.0000000000
47569  -5.645  -48.669  55.007 0.0000000000
47603  -5.299  -48.801  53.310 0.0000000000
48744  -4.831  -49.035  51.960 0.0000000000
49951  -6.075  -47.944  50.118 0.0000000000
46496  -4.654  -49.986  54.652 0.0000000000
46488  -4.305  -50.442  55.247 0.0000000000
45374  -4.038  -51.018  54.995 0.0000000000
45353  -3.976  -50.926  55.803 0.0000000000
44259  -2.010  -53.129  52.291 0.0000000000
44248  -2.205  -52.654  52.965 0.0000000000
43061  -1.968  -52.879  53.873 0.0000000000
43051  -1.986  -52.783  54.596 0.0000000000
44190  -1.874  -51.926  57.190 0.0000000000
43007  -0.202  -52.433  56.472 0.0000000000
44188  -0.197  -52.071  57.014 0.0000000000
44174  0.055  -51.500  57.659 0.0000000000
44173  0.653  -51.452  57.299 0.0000000000
40522  1.636  -54.897  53.621 0.0000000000
40503  1.233  -54.378  53.900 0.0000000000
43034  1.112  -52.652  55.076 0.0000000000
41761  1.448  -53.657  54.237 0.0000000000
43006  0.055  -52.224  56.604 0.0000000000
43021  -0.703  -52.836  55.962 0.0000000000
43022  -1.215  -52.856  55.808 0.0000000000
44235  -3.086  -51.784  54.358 0.0000000000
45396  -3.990  -50.980  54.598 0.0000000000
48863  -21.825  -46.414  48.129 0.0000000000
49865  -8.560  -46.739  53.402 0.0000000000
49970  -22.284  -46.415  48.411 0.0000000000
49971  -22.695  -46.247  48.491 0.0000000000
49993  -22.861  -46.068  47.605 0.0000000000
50022  -21.549  -45.943  45.922 0.0000000000
51027  -23.154  -45.225  50.424 0.0000000000
51071  -23.589  -45.410  48.011 0.0000000000
52132  -23.190  -45.101  51.067 0.0000000000
52146  -23.284  -44.971  50.518 0.0000000000
52171  -9.136  -45.797  48.823 0.0000000000
52191  -23.788  -45.175  47.908 0.0000000000
52205  -23.914  -44.948  47.490 0.0000000000
53214  -23.234  -44.816  51.037 0.0000000000
53222  -23.189  -44.306  50.692 0.0000000000
53223  -23.366  -44.699  50.234 0.0000000000
53234  -23.555  -44.622  49.446 0.0000000000
53247  -23.744  -44.526  48.750 0.0000000000
53258  -23.912  -44.705  48.132 0.0000000000
55458  -22.602  -43.452  52.339 0.0000000000
55480  -22.719  -43.167  51.020 0.0000000000
55488  -22.529  -42.365  50.113 0.0000000000
55526  -22.999  -41.965  47.961 0.0000000000
55555  -23.130  -42.678  46.091 0.0000000000
56644  -22.127  -41.556  45.678 0.0000000000
57755  -21.546  -40.017  50.865 0.0000000000
57804  -22.021  -40.751  47.643 0.0000000000
57815  -21.947  -40.618  46.870 0.0000000000
58943  -23.319  -39.362  54.565 0.0000000000
58959  -23.551  -38.921  54.146 0.0000000000
58986  -21.670  -39.469  50.918 0.0000000000
59000  -21.536  -39.392  50.192 0.0000000000
59035  -31.271  -37.961  46.528 0.0000000000
59036  -31.469  -37.807  46.693 0.0000000000
59047  -31.101  -38.157  45.991 0.0000000000
59060  -30.724  -38.467  45.072 0.0000000000
59062  -31.487  -37.992  45.501 0.0000000000
59078  -31.325  -38.223  44.506 0.0000000000
60122  -31.435  -36.249  51.331 0.0000000000
60129  -22.358  -38.665  51.505 0.0000000000
60132  -30.645  -36.488  50.280 0.0000000000
60136  -32.180  -36.080  50.414 0.0000000000
60144  -22.036  -38.520  50.788 0.0000000000
60191  -29.187  -37.673  47.273 0.0000000000
60222  -30.307  -38.411  45.297 0.0000000000
60225  -33.009  -37.057  46.002 0.0000000000
60238  -30.110  -38.672  44.526 0.0000000000
60253  -30.199  -38.816  43.556 0.0000000000
60254  -30.612  -38.946  43.244 0.0000000000
60274  -29.992  -38.849  42.436 0.0000000000
61326  -32.012  -35.881  51.472 0.0000000000
61339  -24.445  -36.420  51.191 0.0000000000
61363  -21.365  -37.727  48.610 0.0000000000
61364  -22.047  -37.181  48.965 0.0000000000
61369  -32.396  -36.338  48.088 0.0000000000
61383  -29.124  -37.763  47.057 0.0000000000
61385  -32.965  -36.167  47.401 0.0000000000
61398  -32.747  -36.925  46.657 0.0000000000
61399  -33.149  -36.618  46.441 0.0000000000
61422  -27.770  -37.189  43.729 0.0000000000
61426  -33.399  -36.679  44.258 0.0000000000
61455  -33.318  -36.866  42.692 0.0000000000
62499  -24.292  -36.382  50.839 0.0000000000
62512  -23.349  -36.616  49.812 0.0000000000
62525  -22.315  -36.806  48.702 0.0000000000
62542  -26.846  -36.480  46.560 0.0000000000
62544  -33.531  -35.259  47.583 0.0000000000
62558  -33.703  -35.315  47.092 0.0000000000
62592  -27.854  -37.038  43.066 0.0000000000
63648  -33.743  -34.966  47.503 0.0000000000
63659  -33.721  -35.389  46.732 0.0000000000
63673  -33.866  -34.908  46.346 0.0000000000
63740  -32.404  -35.334  40.193 0.0000000000
64768  -33.791  -34.183  47.138 0.0000000000
64769  -33.819  -34.620  47.310 0.0000000000
64785  -33.892  -34.667  46.293 0.0000000000
64839  -31.677  -34.379  40.047 0.0000000000
65918  -33.975  -34.189  45.036 0.0000000000
65930  -32.700  -33.037  43.411 0.0000000000
67110  -32.900  -32.927  43.910 0.0000000000
67133  -30.096  -32.772  40.924 0.0000000000
68247  -32.467  -32.218  45.907 0.0000000000
68275  -31.290  -32.294  43.197 0.0000000000
69371  -30.859  -29.858  47.969 0.0000000000
69372  -30.986  -30.093  48.175 0.0000000000
69539  -27.576  -31.082  39.052 0.0000000000
71656  -30.884  -29.089  48.024 0.0000000000
71700  -29.946  -28.952  45.312 0.0000000000
71830  -38.817  -26.358  36.364 0.0000000000
71831  -39.388  -26.390  36.507 0.0000000000
71845  -39.130  -26.474  36.134 0.0000000000
71846  -39.668  -26.473  36.224 0.0000000000
71865  -38.990  -26.431  35.595 0.0000000000
72962  -38.682  -25.954  36.927 0.0000000000
72973  -35.032  -25.730  35.270 0.0000000000
72976  -37.862  -26.097  36.378 0.0000000000
72977  -38.551  -26.210  36.518 0.0000000000
72990  -36.543  -26.205  35.562 0.0000000000
73005  -39.276  -26.322  35.381 0.0000000000
74032  -32.876  -26.167  44.130 0.0000000000
74079  -38.427  -25.501  37.272 0.0000000000
74080  -39.517  -25.295  37.619 0.0000000000
74096  -36.601  -25.428  36.369 0.0000000000
74097  -37.524  -25.451  36.931 0.0000000000
74110  -34.360  -25.396  35.369 0.0000000000
75183  -34.135  -24.410  41.996 0.0000000000
75197  -33.718  -24.420  41.530 0.0000000000
75211  -39.182  -24.497  38.052 0.0000000000
75212  -39.918  -24.728  37.983 0.0000000000
75236  -39.371  -24.921  37.821 0.0000000000
75257  -36.042  -25.028  36.492 0.0000000000
75259  -37.254  -25.094  37.152 0.0000000000
75278  -35.043  -25.153  36.023 0.0000000000
75325  -41.359  -24.420  34.553 0.0000000000
76424  -34.104  -23.761  37.851 0.0000000000
76499  -41.826  -23.559  34.309 0.0000000000
77558  -36.990  -22.602  42.159 0.0000000000
77658  -41.307  -23.008  33.972 0.0000000000
77659  -41.843  -23.232  34.266 0.0000000000
78735  -35.998  -22.200  40.222 0.0000000000
78737  -37.230  -21.876  40.837 0.0000000000
78752  -35.817  -22.289  39.943 0.0000000000
78799  -41.187  -22.015  33.453 0.0000000000
78800  -41.537  -22.137  33.713 0.0000000000
79792  -37.755  -21.876  41.502 0.0000000000
79870  -40.733  -21.458  33.363 0.0000000000
79871  -41.078  -21.590  33.477 0.0000000000
79881  -37.332  -22.190  32.431 0.0000000000
80993  -37.894  -20.552  32.084 0.0000000000
82016  -37.454  -20.439  31.226 0.0000000000
84033  -45.629  -16.468  34.883 0.0000000000
85127  -46.067  -16.133  34.906 0.0000000000
86282  -43.118  -15.752  30.833 0.0000000000
87345  -45.031  -14.449  32.751 0.0000000000
87351  -43.966  -14.847  30.914 0.0000000000
88367  -45.749  -13.677  33.385 0.0000000000
89416  -43.856  -13.124  28.897 0.0000000000
91467  -46.115  -11.117  31.094 0.0000000000
91488  -46.376  -11.054  28.810 0.0000000000
