#!ascii label  , from subject mmSR20151113 vox2ras=TkReg
1102
118292  -47.213  18.564  25.353 0.0000000000
130078  -41.847  35.596  16.896 0.0000000000
124013  -40.597  27.037  27.199 0.0000000000
126001  -46.837  29.822  24.370 0.0000000000
129474  -46.720  34.062  15.822 0.0000000000
128083  -44.647  32.534  20.988 0.0000000000
125359  -45.925  28.070  17.994 0.0000000000
124044  -43.418  26.355  22.620 0.0000000000
113658  -43.725  12.637  28.840 0.0000000000
119080  -43.179  19.725  25.801 0.0000000000
135586  -40.649  45.582  17.416 0.0000000000
134532  -43.871  43.035  16.259 0.0000000000
133938  -47.225  41.080  12.704 0.0000000000
123347  -46.101  25.339  30.708 0.0000000000
128036  -40.362  32.037  22.818 0.0000000000
125988  -44.659  29.724  25.942 0.0000000000
122039  -48.495  23.469  24.310 0.0000000000
120618  -47.833  21.712  17.295 0.0000000000
120594  -40.718  21.506  18.133 0.0000000000
117486  -47.842  17.866  23.583 0.0000000000
128157  -48.726  32.651  14.155 0.0000000000
126789  -46.141  30.013  16.094 0.0000000000
126106  -45.431  29.798  14.743 0.0000000000
124718  -43.117  27.773  17.073 0.0000000000
117451  -42.294  17.177  28.912 0.0000000000
119067  -40.290  19.496  26.045 0.0000000000
135574  -38.409  44.467  19.658 0.0000000000
133923  -45.522  41.374  14.492 0.0000000000
123321  -43.595  25.274  32.577 0.0000000000
123996  -43.164  25.893  28.760 0.0000000000
130070  -38.999  35.761  18.327 0.0000000000
128095  -40.571  33.309  19.408 0.0000000000
128043  -46.324  32.664  23.468 0.0000000000
128024  -44.655  32.681  24.167 0.0000000000
126701  -46.801  30.987  25.639 0.0000000000
124619  -47.193  27.547  26.915 0.0000000000
124027  -48.108  26.747  24.216 0.0000000000
122073  -49.555  23.490  20.602 0.0000000000
123416  -47.446  25.581  22.813 0.0000000000
120544  -42.183  21.819  21.193 0.0000000000
130081  -44.336  35.574  16.352 0.0000000000
128111  -43.063  32.521  18.798 0.0000000000
127448  -45.293  31.092  17.945 0.0000000000
126762  -46.489  30.361  19.255 0.0000000000
126743  -45.668  30.925  21.504 0.0000000000
125310  -44.760  28.635  23.358 0.0000000000
126038  -43.905  29.115  20.846 0.0000000000
124075  -41.770  26.842  20.191 0.0000000000
115119  -45.649  14.465  31.348 0.0000000000
117435  -44.915  17.082  29.487 0.0000000000
119073  -45.759  19.081  26.144 0.0000000000
133246  -36.304  40.663  20.714 0.0000000000
133256  -37.789  40.288  18.852 0.0000000000
132625  -40.757  39.340  17.830 0.0000000000
131974  -43.703  38.842  17.777 0.0000000000
131977  -46.199  38.750  17.223 0.0000000000
131373  -48.494  37.295  16.089 0.0000000000
130749  -48.178  35.983  14.069 0.0000000000
132656  -47.626  39.803  12.168 0.0000000000
122021  -42.314  23.212  28.411 0.0000000000
122023  -44.818  23.214  28.577 0.0000000000
120510  -47.631  21.495  26.939 0.0000000000
125998  -40.370  29.970  24.854 0.0000000000
128054  -42.137  32.571  22.211 0.0000000000
126711  -42.684  30.879  24.688 0.0000000000
124637  -43.237  28.066  26.099 0.0000000000
124616  -45.066  27.380  27.693 0.0000000000
122739  -47.841  24.159  26.892 0.0000000000
119809  -48.481  20.466  24.814 0.0000000000
119093  -48.537  19.653  21.975 0.0000000000
119122  -47.927  19.887  18.790 0.0000000000
119870  -45.322  20.288  15.497 0.0000000000
121301  -45.906  23.216  22.046 0.0000000000
120615  -44.744  21.645  17.114 0.0000000000
121413  -42.217  22.453  13.747 0.0000000000
117479  -46.458  17.286  26.221 0.0000000000
116728  -46.601  16.910  25.073 0.0000000000
117483  -47.669  17.888  24.223 0.0000000000
128171  -47.610  32.300  13.484 0.0000000000
126815  -46.535  30.673  14.083 0.0000000000
126824  -45.956  30.923  13.793 0.0000000000
126104  -44.044  29.835  15.110 0.0000000000
124004  -42.530  26.349  27.964 0.0000000000
130073  -40.276  35.764  17.576 0.0000000000
127393  -46.425  31.602  23.799 0.0000000000
127378  -46.594  31.854  24.768 0.0000000000
126714  -46.867  30.774  24.655 0.0000000000
125298  -47.639  28.741  25.638 0.0000000000
124646  -47.470  27.900  24.280 0.0000000000
124034  -48.019  26.489  23.483 0.0000000000
124651  -46.942  27.449  23.800 0.0000000000
129461  -45.962  34.503  16.012 0.0000000000
128133  -44.765  32.642  16.696 0.0000000000
128134  -45.693  32.499  16.132 0.0000000000
126079  -46.317  29.149  16.698 0.0000000000
126771  -46.482  30.051  18.321 0.0000000000
126058  -46.611  29.512  18.600 0.0000000000
126754  -46.198  30.721  20.360 0.0000000000
126041  -46.036  29.865  20.030 0.0000000000
126742  -45.003  30.155  21.036 0.0000000000
125348  -44.997  28.452  18.994 0.0000000000
124702  -42.560  27.580  18.582 0.0000000000
118269  -42.639  17.938  27.316 0.0000000000
117452  -43.361  17.305  28.941 0.0000000000
118284  -43.724  18.468  26.659 0.0000000000
118272  -45.174  17.968  27.070 0.0000000000
119081  -44.173  19.749  25.832 0.0000000000
135577  -39.208  44.736  18.775 0.0000000000
134497  -38.450  42.484  19.370 0.0000000000
134500  -38.995  42.202  18.931 0.0000000000
133258  -39.622  40.524  18.314 0.0000000000
133881  -40.293  41.553  18.508 0.0000000000
134531  -42.822  43.119  16.301 0.0000000000
133884  -43.172  41.788  18.251 0.0000000000
133891  -44.518  41.954  17.704 0.0000000000
131975  -44.610  38.935  17.786 0.0000000000
133892  -44.994  41.847  17.070 0.0000000000
133937  -46.354  41.314  13.341 0.0000000000
132642  -46.690  39.642  15.413 0.0000000000
132647  -47.524  39.464  14.296 0.0000000000
131993  -48.556  37.872  15.172 0.0000000000
131999  -48.043  38.813  14.167 0.0000000000
131387  -47.874  37.985  13.937 0.0000000000
133297  -47.670  40.435  12.515 0.0000000000
123340  -39.747  25.504  31.061 0.0000000000
122709  -39.348  24.542  29.866 0.0000000000
122710  -40.218  24.194  30.091 0.0000000000
121999  -40.492  23.448  28.767 0.0000000000
121984  -41.615  23.505  29.845 0.0000000000
123332  -44.637  25.224  31.836 0.0000000000
121987  -44.581  23.414  30.386 0.0000000000
121988  -45.622  23.636  30.431 0.0000000000
121282  -46.158  22.371  27.310 0.0000000000
121244  -47.167  23.032  28.699 0.0000000000
127386  -38.739  31.599  23.689 0.0000000000
126707  -38.599  30.386  24.723 0.0000000000
127372  -40.275  31.146  24.046 0.0000000000
128099  -44.290  32.077  19.654 0.0000000000
128081  -42.490  32.722  20.586 0.0000000000
128067  -43.933  32.897  21.731 0.0000000000
127362  -44.545  31.463  25.203 0.0000000000
127375  -43.735  31.662  24.632 0.0000000000
126712  -43.327  30.912  24.916 0.0000000000
125986  -42.315  29.498  25.301 0.0000000000
125296  -43.797  28.812  25.917 0.0000000000
124626  -44.122  27.596  26.780 0.0000000000
124627  -45.373  28.202  27.217 0.0000000000
123395  -47.692  25.458  25.889 0.0000000000
123390  -47.284  25.351  27.147 0.0000000000
122743  -47.987  24.299  25.765 0.0000000000
121288  -48.714  22.287  26.193 0.0000000000
121290  -48.573  22.364  25.059 0.0000000000
119812  -48.593  20.445  23.695 0.0000000000
120528  -48.759  21.473  23.146 0.0000000000
121346  -49.119  22.793  19.103 0.0000000000
119841  -49.171  20.918  18.347 0.0000000000
119146  -47.940  20.545  16.895 0.0000000000
119144  -46.172  19.952  16.891 0.0000000000
119872  -46.719  20.968  15.556 0.0000000000
124648  -43.904  27.240  23.000 0.0000000000
123403  -45.857  25.923  23.413 0.0000000000
122748  -44.393  25.175  23.139 0.0000000000
120577  -41.803  21.262  19.273 0.0000000000
120579  -43.965  21.317  19.289 0.0000000000
120613  -42.589  21.625  17.367 0.0000000000
121380  -43.919  22.258  15.959 0.0000000000
120629  -41.579  21.926  16.383 0.0000000000
121389  -40.488  22.586  14.847 0.0000000000
115903  -47.021  15.972  29.924 0.0000000000
117493  -47.036  17.244  22.867 0.0000000000
128806  -48.045  33.476  15.411 0.0000000000
127464  -46.179  31.554  15.902 0.0000000000
127465  -47.140  31.563  15.081 0.0000000000
126093  -45.918  29.313  15.598 0.0000000000
124721  -45.689  27.786  16.515 0.0000000000
124712  -44.669  27.563  17.297 0.0000000000
125375  -44.029  28.391  15.962 0.0000000000
115136  -43.577  14.538  29.882 0.0000000000
116696  -41.802  16.258  29.539 0.0000000000
119801  -41.480  20.374  25.736 0.0000000000
136780  -39.367  46.458  16.683 0.0000000000
133909  -44.755  41.904  15.450 0.0000000000
133961  -46.140  41.566  11.542 0.0000000000
133973  -47.249  41.112  10.656 0.0000000000
122679  -42.273  24.985  32.520 0.0000000000
123360  -43.480  25.629  30.471 0.0000000000
123378  -44.702  25.863  29.517 0.0000000000
128064  -40.631  32.850  21.207 0.0000000000
128743  -45.773  33.253  22.404 0.0000000000
128057  -44.958  33.577  22.948 0.0000000000
128041  -45.312  33.396  23.655 0.0000000000
127363  -45.471  31.699  25.438 0.0000000000
126689  -46.248  30.490  26.321 0.0000000000
125285  -45.921  28.994  27.028 0.0000000000
125978  -47.186  29.653  26.668 0.0000000000
124023  -47.738  26.742  25.365 0.0000000000
123399  -48.360  25.592  24.174 0.0000000000
122041  -48.782  23.655  23.067 0.0000000000
122752  -48.925  24.695  22.638 0.0000000000
122784  -48.875  24.688  21.416 0.0000000000
121334  -48.021  23.383  20.273 0.0000000000
122049  -43.413  23.711  22.502 0.0000000000
124622  -39.788  27.722  26.778 0.0000000000
129458  -42.819  34.828  16.654 0.0000000000
128785  -42.797  33.566  17.372 0.0000000000
128794  -43.519  33.583  16.913 0.0000000000
128112  -44.019  32.044  18.284 0.0000000000
127429  -45.240  31.703  19.501 0.0000000000
126780  -45.745  30.726  17.325 0.0000000000
127438  -45.700  31.188  18.886 0.0000000000
128101  -45.810  32.114  20.649 0.0000000000
128070  -46.018  32.360  21.735 0.0000000000
127408  -46.026  31.816  21.879 0.0000000000
126722  -45.986  30.816  23.499 0.0000000000
125304  -46.414  29.151  23.995 0.0000000000
126721  -45.077  30.143  22.985 0.0000000000
126017  -44.262  29.263  22.444 0.0000000000
125318  -43.628  28.377  22.121 0.0000000000
124695  -44.154  27.885  18.806 0.0000000000
124684  -43.188  27.731  20.365 0.0000000000
115883  -43.847  15.757  30.500 0.0000000000
116680  -45.129  16.146  31.065 0.0000000000
116700  -46.266  16.459  30.239 0.0000000000
116720  -45.676  16.830  28.732 0.0000000000
117476  -46.194  17.670  26.646 0.0000000000
118291  -46.755  18.762  25.813 0.0000000000
131958  -35.577  38.560  20.019 0.0000000000
133250  -36.496  40.467  19.857 0.0000000000
131962  -36.946  38.573  18.982 0.0000000000
131348  -38.209  37.575  18.658 0.0000000000
131350  -39.806  37.862  18.199 0.0000000000
131358  -41.380  37.552  17.574 0.0000000000
135602  -40.994  44.958  16.752 0.0000000000
134503  -41.824  42.664  18.339 0.0000000000
132628  -42.312  39.498  17.799 0.0000000000
130733  -42.432  37.059  17.013 0.0000000000
130737  -43.898  36.532  16.583 0.0000000000
130738  -44.958  36.583  16.477 0.0000000000
130083  -46.657  35.620  16.174 0.0000000000
132636  -45.837  39.909  16.453 0.0000000000
131984  -46.993  38.549  16.583 0.0000000000
130093  -48.100  35.193  15.947 0.0000000000
129477  -48.979  34.657  15.278 0.0000000000
130106  -48.768  35.139  14.281 0.0000000000
130748  -47.199  36.448  13.832 0.0000000000
132020  -46.637  39.025  13.127 0.0000000000
133313  -48.339  39.909  10.493 0.0000000000
121278  -41.428  22.295  26.556 0.0000000000
121279  -42.536  22.443  26.630 0.0000000000
121970  -42.832  23.486  30.954 0.0000000000
122022  -43.596  23.215  28.444 0.0000000000
120507  -44.387  21.990  26.160 0.0000000000
120508  -45.574  21.887  26.449 0.0000000000
119806  -46.570  20.377  25.936 0.0000000000
119807  -47.413  20.373  25.917 0.0000000000
125293  -40.594  28.551  25.637 0.0000000000
128110  -42.041  33.086  18.658 0.0000000000
128065  -41.758  32.728  21.346 0.0000000000
128037  -41.467  32.139  22.850 0.0000000000
128039  -43.546  32.695  23.160 0.0000000000
128038  -42.533  32.392  22.996 0.0000000000
127373  -41.303  31.266  24.058 0.0000000000
125999  -41.195  30.207  24.768 0.0000000000
125294  -41.682  28.680  25.602 0.0000000000
124624  -41.612  27.289  26.492 0.0000000000
124016  -43.033  26.803  27.138 0.0000000000
124006  -44.737  26.654  28.184 0.0000000000
123999  -45.970  26.111  29.373 0.0000000000
124618  -46.752  27.502  27.539 0.0000000000
124008  -46.459  26.517  28.423 0.0000000000
123382  -46.845  25.096  29.171 0.0000000000
121267  -48.424  22.514  27.722 0.0000000000
120522  -48.484  21.078  26.202 0.0000000000
119086  -48.173  19.596  24.929 0.0000000000
119089  -48.394  19.523  24.040 0.0000000000
118304  -48.184  18.722  22.359 0.0000000000
118316  -47.491  18.581  21.473 0.0000000000
120549  -49.406  21.650  20.783 0.0000000000
119114  -48.642  20.104  19.645 0.0000000000
119112  -46.772  19.306  20.020 0.0000000000
119120  -45.843  19.311  19.250 0.0000000000
119143  -44.992  19.727  17.237 0.0000000000
124032  -46.375  26.737  23.625 0.0000000000
122052  -46.611  23.904  22.136 0.0000000000
120566  -47.089  22.531  19.997 0.0000000000
121317  -44.679  22.412  21.731 0.0000000000
120564  -45.270  21.699  20.258 0.0000000000
120599  -46.075  21.573  18.152 0.0000000000
120656  -45.852  22.126  14.863 0.0000000000
119898  -43.965  21.368  14.028 0.0000000000
117480  -46.630  17.610  25.523 0.0000000000
116727  -46.520  16.547  25.907 0.0000000000
117482  -47.162  17.565  24.723 0.0000000000
118296  -47.606  18.325  24.683 0.0000000000
128829  -47.086  33.186  13.478 0.0000000000
127495  -47.095  31.370  13.565 0.0000000000
128170  -46.652  32.271  13.402 0.0000000000
124003  -41.478  26.580  27.989 0.0000000000
124014  -41.119  26.855  27.133 0.0000000000
130074  -41.067  35.666  17.224 0.0000000000
129444  -40.435  34.811  17.686 0.0000000000
129445  -41.485  34.663  17.262 0.0000000000
126723  -46.487  30.918  24.012 0.0000000000
126002  -47.446  29.739  25.116 0.0000000000
125305  -47.150  28.981  24.402 0.0000000000
128804  -46.205  33.390  15.851 0.0000000000
125369  -46.474  28.298  17.202 0.0000000000
126068  -46.619  29.245  17.709 0.0000000000
125350  -46.549  29.173  18.741 0.0000000000
126051  -46.399  29.656  19.342 0.0000000000
125349  -46.153  28.846  18.817 0.0000000000
126050  -45.761  29.269  19.501 0.0000000000
114387  -43.951  13.488  29.469 0.0000000000
118283  -42.798  18.466  26.662 0.0000000000
118270  -43.587  17.918  27.310 0.0000000000
119071  -43.911  19.125  26.233 0.0000000000
135578  -40.274  44.960  17.989 0.0000000000
135042  -39.500  43.743  18.724 0.0000000000
134501  -39.818  42.609  18.737 0.0000000000
135043  -40.589  43.808  18.292 0.0000000000
133906  -42.247  42.087  15.746 0.0000000000
133905  -41.190  42.058  15.782 0.0000000000
135076  -43.885  43.444  16.591 0.0000000000
135055  -44.244  43.380  17.361 0.0000000000
135070  -44.962  43.073  17.034 0.0000000000
133270  -44.993  40.851  17.469 0.0000000000
134522  -44.886  42.713  16.660 0.0000000000
133294  -47.065  40.444  13.585 0.0000000000
133286  -47.026  40.049  14.268 0.0000000000
132651  -47.344  39.470  13.387 0.0000000000
123328  -40.779  25.588  31.932 0.0000000000
123341  -40.463  25.098  31.393 0.0000000000
122696  -39.825  24.746  30.475 0.0000000000
122697  -40.489  24.610  30.894 0.0000000000
121968  -41.028  23.912  30.398 0.0000000000
123333  -45.391  25.188  31.407 0.0000000000
121964  -45.676  24.481  31.624 0.0000000000
121974  -46.121  24.480  31.174 0.0000000000
122005  -46.589  23.481  29.219 0.0000000000
122724  -46.728  24.541  29.730 0.0000000000
128035  -39.212  32.030  22.910 0.0000000000
127387  -39.774  31.592  23.526 0.0000000000
127371  -39.245  31.075  24.135 0.0000000000
128082  -43.557  32.592  20.749 0.0000000000
126699  -45.026  30.909  25.682 0.0000000000
126698  -43.947  30.774  25.294 0.0000000000
125987  -43.403  29.637  25.500 0.0000000000
125297  -44.406  28.974  26.148 0.0000000000
125975  -45.065  29.455  26.312 0.0000000000
122744  -48.288  24.418  24.741 0.0000000000
122037  -48.350  23.278  25.636 0.0000000000
121292  -48.643  22.484  23.736 0.0000000000
120601  -48.263  22.201  18.152 0.0000000000
120602  -49.050  21.940  17.951 0.0000000000
119874  -48.089  21.209  16.755 0.0000000000
119859  -47.417  20.661  16.356 0.0000000000
120635  -47.585  21.394  16.661 0.0000000000
124030  -44.028  26.496  23.127 0.0000000000
123401  -44.136  25.759  23.153 0.0000000000
123415  -43.509  25.584  22.756 0.0000000000
120596  -42.713  21.424  18.311 0.0000000000
120595  -41.697  21.459  18.281 0.0000000000
120630  -42.506  21.897  16.505 0.0000000000
120612  -41.618  21.617  17.298 0.0000000000
120628  -40.692  22.060  16.222 0.0000000000
120611  -40.652  21.671  17.095 0.0000000000
115908  -46.765  15.840  28.877 0.0000000000
116737  -46.720  16.400  23.789 0.0000000000
128144  -48.386  32.642  14.921 0.0000000000
127466  -47.904  32.084  14.911 0.0000000000
127481  -48.174  31.887  14.418 0.0000000000
126107  -46.059  30.080  14.683 0.0000000000
126801  -46.514  30.473  15.011 0.0000000000
125386  -45.880  28.559  15.927 0.0000000000
125385  -45.471  28.602  15.721 0.0000000000
125376  -45.143  28.090  15.972 0.0000000000
125384  -44.751  28.662  15.542 0.0000000000
126090  -43.583  29.430  15.482 0.0000000000
116713  -40.919  16.626  28.996 0.0000000000
119068  -41.228  19.150  26.109 0.0000000000
119077  -40.903  19.765  25.856 0.0000000000
136771  -39.977  46.818  17.136 0.0000000000
133960  -45.102  41.435  11.720 0.0000000000
133971  -45.444  41.245  10.940 0.0000000000
133308  -44.769  40.750  10.445 0.0000000000
123376  -42.936  25.701  29.706 0.0000000000
123377  -43.813  25.704  29.553 0.0000000000
123361  -44.392  25.638  30.299 0.0000000000
130069  -38.306  35.753  18.806 0.0000000000
128079  -40.308  33.153  20.103 0.0000000000
128732  -46.140  33.113  22.802 0.0000000000
128730  -45.485  33.663  23.204 0.0000000000
128721  -46.120  33.337  23.329 0.0000000000
127364  -46.225  31.683  25.426 0.0000000000
127377  -45.956  32.346  25.041 0.0000000000
126700  -45.930  31.133  25.890 0.0000000000
126690  -46.989  30.321  26.357 0.0000000000
124639  -47.760  27.807  25.035 0.0000000000
123398  -48.013  25.972  24.892 0.0000000000
124028  -48.360  26.135  23.743 0.0000000000
123405  -47.771  26.028  23.053 0.0000000000
123418  -48.593  25.114  22.341 0.0000000000
123417  -48.023  25.484  22.486 0.0000000000
122071  -48.195  24.060  21.129 0.0000000000
122053  -47.557  24.301  21.808 0.0000000000
129459  -43.714  34.549  16.517 0.0000000000
129447  -43.026  34.140  16.866 0.0000000000
127455  -44.749  32.072  17.135 0.0000000000
128123  -44.235  32.336  17.351 0.0000000000
127447  -44.711  31.741  17.696 0.0000000000
127437  -44.877  31.623  18.758 0.0000000000
126800  -46.358  30.816  15.637 0.0000000000
126788  -46.024  30.730  16.496 0.0000000000
126770  -45.982  30.578  18.135 0.0000000000
127439  -46.241  30.724  18.922 0.0000000000
127430  -46.098  31.500  19.983 0.0000000000
128085  -46.002  32.232  21.040 0.0000000000
127419  -46.173  31.704  21.028 0.0000000000
126744  -46.073  31.344  21.183 0.0000000000
127407  -45.837  31.483  22.420 0.0000000000
127398  -46.003  31.405  23.159 0.0000000000
126731  -45.515  30.912  22.630 0.0000000000
126039  -44.672  29.434  20.387 0.0000000000
126030  -44.324  29.612  21.397 0.0000000000
126029  -43.772  29.019  21.668 0.0000000000
126016  -43.820  28.904  22.099 0.0000000000
124711  -43.740  27.574  17.519 0.0000000000
124704  -44.545  27.707  18.150 0.0000000000
124703  -43.534  27.614  18.326 0.0000000000
124693  -42.203  27.204  19.718 0.0000000000
124694  -43.431  27.743  19.289 0.0000000000
117432  -42.495  16.684  29.518 0.0000000000
115902  -43.289  15.355  30.109 0.0000000000
116697  -43.248  16.176  30.117 0.0000000000
117453  -44.262  17.291  28.876 0.0000000000
117434  -44.247  17.074  29.669 0.0000000000
116699  -45.244  16.751  30.281 0.0000000000
116715  -45.596  16.818  29.520 0.0000000000
116716  -46.257  16.437  29.286 0.0000000000
118286  -45.543  18.351  26.558 0.0000000000
117475  -45.695  17.711  27.085 0.0000000000
118287  -46.292  18.429  26.124 0.0000000000
119074  -46.405  19.084  25.960 0.0000000000
133243  -36.226  40.335  21.589 0.0000000000
132601  -35.446  39.105  22.078 0.0000000000
132605  -35.466  39.410  21.476 0.0000000000
131955  -35.006  38.390  20.917 0.0000000000
132610  -35.555  39.354  20.573 0.0000000000
136145  -38.156  44.770  20.396 0.0000000000
135036  -37.808  43.319  20.263 0.0000000000
133252  -37.887  40.935  19.025 0.0000000000
133877  -37.607  41.605  19.576 0.0000000000
133251  -37.230  40.560  19.275 0.0000000000
132616  -36.726  39.571  19.213 0.0000000000
132621  -37.325  39.196  18.823 0.0000000000
131963  -37.716  38.484  18.707 0.0000000000
132622  -38.025  39.489  18.618 0.0000000000
132624  -39.942  39.493  18.014 0.0000000000
131965  -39.440  38.571  18.249 0.0000000000
131966  -40.233  38.527  18.036 0.0000000000
131357  -40.431  37.523  17.898 0.0000000000
131971  -41.022  38.443  17.830 0.0000000000
135052  -41.800  44.194  17.574 0.0000000000
135045  -42.246  43.461  17.937 0.0000000000
133268  -43.649  40.577  17.947 0.0000000000
133267  -42.743  40.673  17.939 0.0000000000
131973  -42.788  38.678  17.725 0.0000000000
131359  -42.331  37.684  17.351 0.0000000000
131360  -43.222  38.022  17.352 0.0000000000
131368  -43.554  37.369  16.927 0.0000000000
131361  -44.116  38.165  17.319 0.0000000000
131976  -45.447  38.949  17.622 0.0000000000
131362  -45.032  38.235  17.294 0.0000000000
131370  -45.515  37.512  16.862 0.0000000000
130739  -46.069  36.650  16.484 0.0000000000
131371  -46.553  37.700  16.897 0.0000000000
133922  -44.632  41.645  14.576 0.0000000000
133910  -45.208  41.556  15.527 0.0000000000
133284  -45.602  41.064  15.064 0.0000000000
131985  -48.030  38.252  15.846 0.0000000000
132638  -47.220  38.991  15.914 0.0000000000
131372  -47.673  37.533  16.533 0.0000000000
130741  -48.139  36.617  16.372 0.0000000000
130094  -48.817  35.425  15.665 0.0000000000
130742  -48.807  36.419  15.937 0.0000000000
131380  -48.485  37.179  14.577 0.0000000000
130750  -48.909  35.907  14.620 0.0000000000
130105  -48.409  35.221  14.003 0.0000000000
131379  -47.628  37.134  14.043 0.0000000000
132650  -47.134  39.247  13.258 0.0000000000
132008  -47.210  38.804  13.462 0.0000000000
132655  -46.918  39.341  12.742 0.0000000000
133974  -47.708  40.934  10.553 0.0000000000
121259  -39.776  22.755  27.188 0.0000000000
122020  -41.164  23.194  28.097 0.0000000000
121260  -40.782  22.822  27.224 0.0000000000
121261  -41.862  22.860  27.354 0.0000000000
123320  -42.909  25.325  32.692 0.0000000000
122688  -42.573  24.423  32.223 0.0000000000
122689  -43.383  24.335  32.419 0.0000000000
122003  -44.145  23.305  29.412 0.0000000000
121263  -44.271  22.957  27.624 0.0000000000
121280  -43.718  22.561  26.721 0.0000000000
121281  -44.950  22.541  26.943 0.0000000000
120519  -45.023  21.252  25.829 0.0000000000
121283  -47.241  22.134  27.564 0.0000000000
120509  -46.676  21.696  26.772 0.0000000000
120521  -47.090  21.032  26.330 0.0000000000
119796  -47.883  20.956  26.398 0.0000000000
125997  -39.393  29.802  24.958 0.0000000000
125292  -39.394  28.410  25.999 0.0000000000
128121  -42.625  33.079  18.027 0.0000000000
128066  -42.849  32.757  21.516 0.0000000000
128040  -44.432  33.055  23.402 0.0000000000
128056  -44.199  33.119  22.621 0.0000000000
127391  -43.870  32.481  23.832 0.0000000000
127374  -42.381  31.437  24.210 0.0000000000
127390  -42.999  32.082  23.723 0.0000000000
127389  -41.919  31.808  23.537 0.0000000000
126710  -41.718  30.767  24.491 0.0000000000
125295  -42.761  28.758  25.681 0.0000000000
124636  -42.177  27.989  26.027 0.0000000000
124625  -42.700  27.338  26.513 0.0000000000
124615  -44.445  27.016  27.575 0.0000000000
123998  -45.163  26.193  29.025 0.0000000000
124007  -45.604  26.782  28.408 0.0000000000
125286  -46.746  29.108  27.166 0.0000000000
125276  -46.313  28.585  27.407 0.0000000000
125277  -46.784  28.351  27.399 0.0000000000
124009  -46.967  26.495  27.468 0.0000000000
123385  -46.995  25.396  28.331 0.0000000000
123384  -46.670  25.723  28.986 0.0000000000
122733  -47.565  24.318  27.993 0.0000000000
122006  -47.512  23.472  28.563 0.0000000000
122026  -48.138  23.301  27.783 0.0000000000
120523  -48.633  21.398  25.770 0.0000000000
120512  -48.806  21.758  26.519 0.0000000000
119808  -48.160  20.576  25.760 0.0000000000
118297  -48.035  18.652  24.268 0.0000000000
119814  -48.707  20.502  22.556 0.0000000000
119091  -48.465  19.546  23.016 0.0000000000
118317  -48.182  19.125  21.539 0.0000000000
122054  -49.312  23.868  21.963 0.0000000000
121321  -49.396  22.349  21.533 0.0000000000
121322  -49.678  22.801  20.870 0.0000000000
119123  -48.723  20.409  18.573 0.0000000000
119113  -47.758  19.510  20.012 0.0000000000
119121  -46.924  19.502  19.010 0.0000000000
119111  -46.051  19.194  20.141 0.0000000000
119157  -45.893  20.153  15.953 0.0000000000
119156  -45.156  19.988  16.228 0.0000000000
119142  -43.822  19.562  17.384 0.0000000000
119869  -44.444  20.302  15.494 0.0000000000
125311  -45.738  28.777  23.784 0.0000000000
124644  -46.178  28.543  23.876 0.0000000000
124650  -45.784  27.833  23.780 0.0000000000
122763  -46.034  24.498  22.847 0.0000000000
122750  -46.443  25.273  23.100 0.0000000000
121319  -46.647  23.137  21.444 0.0000000000
121332  -46.347  22.553  21.017 0.0000000000
121298  -43.104  23.081  22.135 0.0000000000
121316  -43.635  22.413  21.794 0.0000000000
120597  -43.793  21.448  18.258 0.0000000000
120563  -44.162  21.473  20.293 0.0000000000
120598  -44.924  21.486  18.178 0.0000000000
120616  -45.887  21.602  17.036 0.0000000000
120633  -45.620  21.893  16.042 0.0000000000
121404  -43.269  22.609  14.383 0.0000000000
121415  -43.956  22.413  14.000 0.0000000000
119912  -43.632  21.868  13.657 0.0000000000
119897  -42.862  21.033  13.988 0.0000000000
116725  -46.431  16.692  26.997 0.0000000000
115917  -46.404  15.514  25.725 0.0000000000
128172  -48.349  32.476  13.735 0.0000000000
127496  -48.007  31.718  13.798 0.0000000000
126825  -46.506  31.026  13.645 0.0000000000
126814  -45.738  30.416  14.220 0.0000000000
126105  -44.651  29.804  14.859 0.0000000000
126813  -44.895  30.503  14.329 0.0000000000
130072  -39.621  35.761  17.903 0.0000000000
129443  -39.931  35.247  17.815 0.0000000000
128760  -40.656  33.431  18.958 0.0000000000
128026  -46.279  32.668  24.340 0.0000000000
128027  -46.524  32.272  24.115 0.0000000000
126715  -47.270  30.540  25.321 0.0000000000
126702  -47.385  30.290  25.837 0.0000000000
125306  -47.568  28.677  24.873 0.0000000000
124035  -48.263  26.299  23.611 0.0000000000
124652  -47.629  27.060  23.840 0.0000000000
124033  -47.338  26.650  23.479 0.0000000000
129460  -44.805  34.559  16.233 0.0000000000
128795  -44.322  33.633  16.547 0.0000000000
128796  -45.257  33.529  16.204 0.0000000000
127456  -45.322  31.568  16.849 0.0000000000
126781  -46.210  29.997  17.266 0.0000000000
126753  -45.636  30.245  20.566 0.0000000000
126752  -45.210  29.885  20.527 0.0000000000
125339  -44.688  28.917  19.742 0.0000000000
124710  -42.715  27.688  17.656 0.0000000000
114376  -45.149  13.992  30.697 0.0000000000
117467  -42.484  17.525  28.086 0.0000000000
117433  -43.327  16.884  29.642 0.0000000000
117468  -43.461  17.497  28.088 0.0000000000
117469  -44.373  17.412  27.997 0.0000000000
117454  -45.047  17.119  28.770 0.0000000000
118271  -44.491  17.927  27.247 0.0000000000
119072  -44.870  19.123  26.251 0.0000000000
119082  -45.169  19.742  25.866 0.0000000000
133868  -36.777  41.416  21.262 0.0000000000
135041  -38.760  43.921  19.120 0.0000000000
135037  -38.300  43.410  19.665 0.0000000000
135038  -38.815  43.278  19.188 0.0000000000
133878  -38.433  41.560  19.001 0.0000000000
133257  -38.549  40.558  18.628 0.0000000000
133880  -39.277  41.495  18.691 0.0000000000
133259  -40.831  40.466  18.050 0.0000000000
134530  -41.765  42.974  16.189 0.0000000000
135046  -42.964  43.391  17.846 0.0000000000
135054  -43.478  43.552  17.439 0.0000000000
133890  -43.876  41.429  18.007 0.0000000000
132630  -44.123  39.769  17.953 0.0000000000
132631  -44.948  39.851  17.831 0.0000000000
132632  -45.560  39.749  17.206 0.0000000000
133924  -46.161  41.060  14.018 0.0000000000
133277  -46.138  40.169  15.386 0.0000000000
133285  -46.305  40.509  14.605 0.0000000000
132643  -47.543  39.157  15.217 0.0000000000
131986  -48.552  37.629  15.669 0.0000000000
131375  -48.801  37.108  15.467 0.0000000000
131992  -48.129  38.642  14.875 0.0000000000
132000  -48.331  38.181  14.524 0.0000000000
131388  -48.218  38.124  14.249 0.0000000000
132009  -47.920  38.621  13.899 0.0000000000
123961  -41.160  26.602  32.131 0.0000000000
123327  -40.089  25.995  31.782 0.0000000000
123358  -39.399  25.038  30.407 0.0000000000
122019  -40.166  23.162  27.955 0.0000000000
122000  -41.409  23.358  29.008 0.0000000000
122001  -42.165  23.341  29.327 0.0000000000
123322  -44.165  25.144  32.384 0.0000000000
121955  -44.118  24.458  32.475 0.0000000000
121963  -44.972  24.239  32.145 0.0000000000
121972  -44.877  23.663  31.348 0.0000000000
122004  -45.319  23.369  29.480 0.0000000000
121264  -45.513  22.886  27.905 0.0000000000
122024  -45.961  23.155  28.739 0.0000000000
121265  -46.706  22.815  28.414 0.0000000000
121266  -47.747  22.638  28.195 0.0000000000
126708  -39.769  30.504  24.505 0.0000000000
128098  -43.112  32.490  19.888 0.0000000000
126696  -42.004  30.167  24.868 0.0000000000
126697  -42.944  30.311  25.076 0.0000000000
124638  -43.852  28.204  26.208 0.0000000000
125283  -44.237  28.470  26.263 0.0000000000
124017  -47.317  26.571  26.422 0.0000000000
122032  -48.314  23.293  27.092 0.0000000000
122036  -48.209  23.535  26.459 0.0000000000
120526  -48.607  21.410  24.413 0.0000000000
120533  -49.043  21.521  21.979 0.0000000000
121336  -49.586  22.969  19.984 0.0000000000
120568  -49.670  21.826  19.713 0.0000000000
120603  -49.359  21.611  18.312 0.0000000000
119134  -48.758  20.670  17.849 0.0000000000
119133  -48.098  20.298  17.676 0.0000000000
119132  -47.101  19.846  17.873 0.0000000000
119145  -47.284  20.251  16.906 0.0000000000
119858  -46.638  20.360  16.090 0.0000000000
119871  -45.984  20.524  15.313 0.0000000000
124649  -44.561  27.467  23.345 0.0000000000
124031  -45.200  26.701  23.537 0.0000000000
123402  -44.799  25.847  23.348 0.0000000000
122762  -44.918  24.388  23.005 0.0000000000
120561  -41.958  21.307  20.294 0.0000000000
120562  -43.051  21.352  20.332 0.0000000000
120578  -42.862  21.231  19.313 0.0000000000
120614  -43.626  21.651  17.268 0.0000000000
120632  -44.513  22.085  16.087 0.0000000000
120631  -43.422  21.940  16.496 0.0000000000
121378  -42.471  22.310  15.728 0.0000000000
121391  -42.427  22.569  14.937 0.0000000000
121402  -41.372  22.637  14.158 0.0000000000
121390  -41.475  22.563  14.828 0.0000000000
121376  -40.643  22.386  15.542 0.0000000000
115904  -47.733  15.306  30.435 0.0000000000
128805  -47.128  33.361  15.591 0.0000000000
128142  -46.654  32.451  15.593 0.0000000000
128143  -47.593  32.543  15.254 0.0000000000
127480  -47.331  31.192  14.270 0.0000000000
124722  -46.200  27.965  16.554 0.0000000000
125368  -46.133  27.858  17.317 0.0000000000
124705  -45.241  27.726  17.763 0.0000000000
124713  -45.603  27.629  17.185 0.0000000000
124719  -43.855  27.730  16.743 0.0000000000
125383  -44.206  28.897  15.525 0.0000000000
126078  -43.050  28.987  15.973 0.0000000000
115135  -42.726  14.836  29.562 0.0000000000
115901  -42.354  15.578  29.720 0.0000000000
116714  -41.748  16.787  29.154 0.0000000000
117465  -40.421  17.523  27.850 0.0000000000
117450  -41.180  17.107  28.577 0.0000000000
118268  -41.662  17.964  27.261 0.0000000000
119069  -42.071  19.079  26.161 0.0000000000
119079  -42.237  19.694  25.794 0.0000000000
136156  -38.932  45.501  19.192 0.0000000000
136159  -39.706  45.761  18.344 0.0000000000
136160  -40.290  46.033  17.598 0.0000000000
136781  -39.865  46.236  16.624 0.0000000000
133908  -44.152  42.139  15.548 0.0000000000
133936  -45.250  41.599  13.507 0.0000000000
133949  -45.775  41.641  12.473 0.0000000000
133950  -46.791  41.523  12.205 0.0000000000
133951  -47.654  41.164  11.876 0.0000000000
133962  -47.079  41.430  11.315 0.0000000000
133310  -46.737  40.817  10.233 0.0000000000
123343  -43.210  25.713  31.423 0.0000000000
123331  -43.786  25.446  32.039 0.0000000000
123344  -44.075  25.505  31.216 0.0000000000
123345  -44.931  25.475  30.963 0.0000000000
123362  -45.275  25.770  30.070 0.0000000000
128052  -39.882  32.539  22.083 0.0000000000
128084  -45.514  32.520  21.151 0.0000000000
128068  -45.071  33.102  22.054 0.0000000000
128025  -45.569  32.885  24.408 0.0000000000
127376  -45.002  32.195  24.876 0.0000000000
125989  -45.508  30.435  26.104 0.0000000000
125976  -45.554  29.717  26.470 0.0000000000
125977  -46.466  29.784  26.758 0.0000000000
125287  -47.361  28.654  26.716 0.0000000000
125990  -47.559  29.570  26.080 0.0000000000
124629  -47.520  27.720  26.003 0.0000000000
123396  -48.070  25.168  25.056 0.0000000000
122746  -48.583  24.630  23.643 0.0000000000
123406  -48.456  25.706  23.165 0.0000000000
122766  -49.034  24.732  21.805 0.0000000000
122072  -49.184  24.238  21.023 0.0000000000
122083  -48.740  23.844  20.449 0.0000000000
121345  -48.273  22.885  19.374 0.0000000000
120583  -48.165  22.556  18.827 0.0000000000
122760  -42.788  24.671  22.417 0.0000000000
122048  -42.514  23.593  22.160 0.0000000000
121315  -42.507  22.793  21.859 0.0000000000
120543  -41.097  21.830  21.006 0.0000000000
120560  -40.921  21.378  20.142 0.0000000000
120576  -40.814  21.400  19.151 0.0000000000
130079  -42.509  35.604  16.663 0.0000000000
129446  -42.350  34.271  17.105 0.0000000000
128122  -43.418  32.806  17.615 0.0000000000
128132  -44.024  32.984  16.978 0.0000000000
128100  -45.333  32.084  20.351 0.0000000000
128069  -45.784  32.776  21.775 0.0000000000
128058  -46.155  32.517  22.495 0.0000000000
127399  -46.161  31.967  22.880 0.0000000000
127392  -46.210  31.302  23.487 0.0000000000
126713  -46.439  30.319  24.017 0.0000000000
126000  -46.378  29.762  24.000 0.0000000000
126008  -45.679  29.656  23.650 0.0000000000
126007  -44.852  29.461  23.190 0.0000000000
126730  -44.860  30.275  22.019 0.0000000000
125319  -44.096  28.560  22.742 0.0000000000
125309  -43.982  27.906  22.876 0.0000000000
124661  -43.376  27.100  22.364 0.0000000000
125358  -45.229  27.929  18.233 0.0000000000
125347  -44.158  28.137  19.255 0.0000000000
125338  -44.020  28.532  19.957 0.0000000000
125330  -43.485  28.447  21.044 0.0000000000
115117  -44.053  15.076  30.514 0.0000000000
115118  -44.821  14.810  30.970 0.0000000000
116679  -44.140  16.084  30.612 0.0000000000
115885  -45.371  15.383  31.460 0.0000000000
116681  -46.077  16.287  31.063 0.0000000000
115886  -47.111  15.910  30.978 0.0000000000
116721  -46.114  16.553  28.135 0.0000000000
117470  -45.346  17.326  27.800 0.0000000000
117471  -46.022  17.215  27.353 0.0000000000
117477  -46.485  17.856  26.060 0.0000000000
118288  -46.692  18.254  25.760 0.0000000000
134493  -36.945  41.957  20.950 0.0000000000
134496  -37.794  42.560  19.920 0.0000000000
133872  -36.913  41.498  20.314 0.0000000000
132615  -35.973  39.495  19.819 0.0000000000
131959  -36.257  38.651  19.433 0.0000000000
131339  -36.698  37.284  19.388 0.0000000000
131347  -37.311  37.590  18.984 0.0000000000
130726  -37.896  36.694  18.904 0.0000000000
130727  -38.637  36.642  18.521 0.0000000000
131964  -38.576  38.525  18.474 0.0000000000
131349  -39.114  37.555  18.370 0.0000000000
130728  -39.345  36.573  18.161 0.0000000000
130730  -40.007  36.574  17.801 0.0000000000
130731  -40.811  36.615  17.489 0.0000000000
130732  -41.827  36.618  17.063 0.0000000000
135579  -40.844  44.584  17.833 0.0000000000
135051  -41.201  44.292  17.814 0.0000000000
133882  -41.335  41.688  18.396 0.0000000000
133265  -41.180  39.828  17.757 0.0000000000
133261  -42.522  41.346  18.196 0.0000000000
133260  -41.904  41.035  18.146 0.0000000000
132627  -41.477  39.292  17.793 0.0000000000
131972  -41.885  38.507  17.722 0.0000000000
130735  -42.215  36.100  16.763 0.0000000000
130736  -42.800  36.547  16.737 0.0000000000
130080  -43.322  35.604  16.493 0.0000000000
131369  -44.514  37.434  16.863 0.0000000000
130082  -45.449  35.597  16.218 0.0000000000
129462  -46.841  34.747  15.929 0.0000000000
134534  -44.915  42.224  16.027 0.0000000000
133273  -45.338  40.819  16.748 0.0000000000
132633  -46.263  39.255  16.821 0.0000000000
132641  -46.109  39.904  15.845 0.0000000000
130740  -47.177  36.678  16.497 0.0000000000
130084  -47.690  35.867  16.246 0.0000000000
129475  -47.539  34.350  15.755 0.0000000000
129476  -48.438  34.469  15.547 0.0000000000
128808  -49.055  34.319  15.061 0.0000000000
130744  -49.074  36.089  15.193 0.0000000000
130107  -49.141  35.268  14.802 0.0000000000
128816  -48.798  33.651  14.476 0.0000000000
129488  -48.697  34.249  14.153 0.0000000000
129501  -47.500  34.100  13.618 0.0000000000
131386  -46.972  37.871  13.775 0.0000000000
133300  -48.126  40.365  11.370 0.0000000000
133301  -48.317  39.894  10.998 0.0000000000
120503  -39.960  21.332  26.192 0.0000000000
121277  -40.374  22.171  26.551 0.0000000000
119794  -40.640  20.464  25.879 0.0000000000
120504  -41.065  21.344  26.052 0.0000000000
120505  -42.110  21.725  26.070 0.0000000000
120517  -42.791  21.147  25.727 0.0000000000
121960  -42.210  23.981  31.539 0.0000000000
121969  -41.891  23.657  30.690 0.0000000000
121971  -43.858  23.456  31.194 0.0000000000
122002  -43.028  23.298  29.314 0.0000000000
121262  -43.036  22.926  27.481 0.0000000000
120506  -43.208  21.929  26.050 0.0000000000
120518  -43.879  21.242  25.731 0.0000000000
119804  -44.538  20.478  25.693 0.0000000000
119805  -45.596  20.454  25.807 0.0000000000
120520  -46.121  21.154  26.098 0.0000000000
119083  -46.094  19.699  25.897 0.0000000000
119084  -46.928  19.488  25.801 0.0000000000
119085  -47.656  19.596  25.457 0.0000000000
124634  -40.282  27.921  26.152 0.0000000000
124623  -40.634  27.360  26.669 0.0000000000
128784  -41.849  33.615  17.824 0.0000000000
128096  -41.249  33.138  19.280 0.0000000000
128097  -42.240  32.819  19.597 0.0000000000
128080  -41.445  32.910  20.363 0.0000000000
128053  -41.034  32.442  22.082 0.0000000000
128055  -43.212  32.768  22.376 0.0000000000
127388  -40.845  31.629  23.454 0.0000000000
126709  -40.764  30.649  24.452 0.0000000000
125985  -41.155  29.469  25.192 0.0000000000
124635  -41.150  27.937  26.051 0.0000000000
124015  -42.042  26.706  27.096 0.0000000000
124005  -43.764  26.538  27.800 0.0000000000
123997  -44.238  26.076  28.756 0.0000000000
123983  -45.488  25.986  29.557 0.0000000000
123380  -46.185  25.731  29.875 0.0000000000
124628  -45.927  28.466  27.458 0.0000000000
124617  -46.069  27.817  27.828 0.0000000000
124000  -46.414  25.991  29.140 0.0000000000
123381  -46.508  25.492  29.681 0.0000000000
122725  -47.168  24.355  28.928 0.0000000000
121284  -48.163  21.897  27.551 0.0000000000
122027  -48.574  22.815  27.354 0.0000000000
121285  -48.848  22.148  27.114 0.0000000000
120511  -48.453  21.370  26.723 0.0000000000
119797  -48.292  20.991  26.334 0.0000000000
118293  -47.810  18.926  24.965 0.0000000000
118300  -48.203  18.683  23.364 0.0000000000
117494  -47.867  18.051  22.886 0.0000000000
118303  -47.576  18.073  22.319 0.0000000000
121302  -49.079  22.642  22.417 0.0000000000
119816  -48.887  20.590  21.422 0.0000000000
120567  -49.498  21.208  20.046 0.0000000000
119825  -49.133  20.634  20.350 0.0000000000
119103  -48.531  19.740  20.847 0.0000000000
119102  -47.903  19.175  20.941 0.0000000000
118331  -47.342  19.089  20.679 0.0000000000
118315  -46.439  18.371  21.386 0.0000000000
118329  -45.584  18.865  20.602 0.0000000000
118341  -45.388  19.222  19.832 0.0000000000
119131  -45.978  19.567  18.099 0.0000000000
119130  -44.785  19.421  18.360 0.0000000000
123404  -46.945  25.939  23.241 0.0000000000
122751  -47.055  25.426  22.924 0.0000000000
122764  -47.217  24.918  22.484 0.0000000000
122070  -47.301  23.767  21.501 0.0000000000
121320  -47.433  23.466  20.960 0.0000000000
120582  -47.436  22.286  19.255 0.0000000000
122761  -43.866  24.506  22.829 0.0000000000
120547  -45.397  22.035  21.082 0.0000000000
120565  -46.361  22.165  20.337 0.0000000000
120581  -46.259  21.727  19.259 0.0000000000
120600  -47.191  21.795  18.179 0.0000000000
120634  -46.700  21.589  15.979 0.0000000000
119888  -46.225  21.554  15.006 0.0000000000
119887  -45.955  21.097  14.626 0.0000000000
121394  -44.939  22.486  15.157 0.0000000000
119899  -45.050  21.506  14.168 0.0000000000
119886  -44.982  20.745  14.709 0.0000000000
113644  -44.064  12.877  29.223 0.0000000000
113645  -44.471  12.465  29.431 0.0000000000
113659  -44.102  12.259  29.061 0.0000000000
114389  -45.285  13.404  30.497 0.0000000000
115137  -44.374  14.248  30.295 0.0000000000
115874  -46.559  15.599  31.615 0.0000000000
115884  -44.548  15.582  30.931 0.0000000000
116678  -43.754  16.044  30.467 0.0000000000
116698  -44.241  16.575  30.294 0.0000000000
118282  -41.870  18.493  26.627 0.0000000000
118285  -44.628  18.483  26.644 0.0000000000
118330  -46.646  18.872  20.733 0.0000000000
119070  -42.965  19.088  26.190 0.0000000000
119078  -41.468  19.673  25.833 0.0000000000
119155  -44.080  19.937  16.395 0.0000000000
119795  -41.084  20.770  25.838 0.0000000000
119800  -41.083  20.072  25.765 0.0000000000
119802  -42.459  20.398  25.669 0.0000000000
119803  -43.474  20.453  25.665 0.0000000000
119833  -49.350  20.911  19.296 0.0000000000
119834  -49.596  21.447  19.133 0.0000000000
119842  -49.457  21.311  18.677 0.0000000000
119849  -48.459  20.744  17.228 0.0000000000
119850  -48.963  21.194  17.717 0.0000000000
119851  -49.281  21.254  18.234 0.0000000000
119860  -48.064  20.861  16.678 0.0000000000
119861  -48.464  21.081  17.066 0.0000000000
119873  -47.496  21.102  16.274 0.0000000000
119900  -45.722  21.757  14.416 0.0000000000
119901  -45.960  21.917  14.739 0.0000000000
119911  -42.947  21.656  13.614 0.0000000000
120515  -41.325  20.880  25.802 0.0000000000
120516  -41.830  20.999  25.747 0.0000000000
120545  -43.295  21.793  21.229 0.0000000000
120546  -44.393  21.835  21.146 0.0000000000
120548  -45.951  22.266  21.039 0.0000000000
120550  -49.674  22.324  20.340 0.0000000000
120580  -45.097  21.492  19.251 0.0000000000
120584  -49.394  22.203  18.592 0.0000000000
120585  -49.644  21.803  18.903 0.0000000000
120617  -46.952  21.622  17.131 0.0000000000
120619  -48.459  21.522  17.338 0.0000000000
120636  -48.058  21.421  16.945 0.0000000000
120644  -44.834  22.372  15.422 0.0000000000
120645  -45.389  22.289  15.225 0.0000000000
120646  -46.026  21.897  15.207 0.0000000000
120653  -44.302  21.907  13.835 0.0000000000
120654  -44.863  22.202  14.110 0.0000000000
120655  -45.573  22.176  14.598 0.0000000000
120664  -42.995  22.151  13.580 0.0000000000
120665  -43.747  22.182  13.752 0.0000000000
120666  -44.251  22.192  13.872 0.0000000000
121243  -46.892  23.047  28.831 0.0000000000
121297  -42.691  23.150  22.051 0.0000000000
121303  -49.523  23.077  21.603 0.0000000000
121318  -45.702  22.604  21.558 0.0000000000
121333  -47.062  22.852  20.561 0.0000000000
121335  -48.888  23.383  19.825 0.0000000000
121344  -47.575  22.801  19.877 0.0000000000
121347  -49.555  22.350  19.238 0.0000000000
121357  -48.605  22.607  18.740 0.0000000000
121358  -48.968  22.433  18.426 0.0000000000
121377  -41.547  22.338  15.584 0.0000000000
121379  -43.346  22.291  15.862 0.0000000000
121392  -43.364  22.570  15.108 0.0000000000
121393  -44.302  22.469  15.345 0.0000000000
121403  -42.335  22.640  14.250 0.0000000000
121405  -44.180  22.541  14.545 0.0000000000
121406  -44.962  22.472  14.760 0.0000000000
121414  -43.123  22.474  13.870 0.0000000000
121956  -44.443  24.592  32.401 0.0000000000
121961  -43.142  23.794  31.819 0.0000000000
121962  -44.101  23.837  32.060 0.0000000000
121965  -45.965  24.666  31.410 0.0000000000
121973  -45.751  23.962  31.357 0.0000000000
121983  -40.762  23.661  29.584 0.0000000000
121985  -42.494  23.374  30.065 0.0000000000
121986  -43.491  23.324  30.236 0.0000000000
121989  -46.314  24.098  30.486 0.0000000000
122025  -46.492  23.117  28.815 0.0000000000
122033  -48.545  22.859  26.697 0.0000000000
122047  -42.142  23.819  22.092 0.0000000000
122051  -45.497  23.717  22.571 0.0000000000
122055  -49.561  23.556  21.202 0.0000000000
122069  -42.249  23.342  22.003 0.0000000000
122084  -49.307  23.639  20.316 0.0000000000
122085  -49.538  23.421  20.284 0.0000000000
122680  -42.828  24.839  32.693 0.0000000000
122681  -43.499  24.861  32.720 0.0000000000
122682  -44.098  24.869  32.594 0.0000000000
122690  -44.600  24.791  32.287 0.0000000000
122691  -45.224  24.787  31.879 0.0000000000
122692  -45.755  24.858  31.481 0.0000000000
122699  -46.125  24.923  31.150 0.0000000000
122711  -46.426  24.914  30.522 0.0000000000
122749  -45.394  25.144  23.239 0.0000000000
122765  -48.309  24.828  21.766 0.0000000000
122783  -48.687  24.521  21.289 0.0000000000
123319  -42.500  25.234  32.666 0.0000000000
123334  -45.860  25.189  31.154 0.0000000000
123346  -45.622  25.472  30.765 0.0000000000
123363  -45.909  25.739  30.138 0.0000000000
123364  -46.269  25.482  30.220 0.0000000000
123379  -45.194  25.960  29.532 0.0000000000
123984  -45.684  25.901  29.781 0.0000000000
124645  -46.719  28.346  23.954 0.0000000000
124714  -46.159  27.742  16.932 0.0000000000
124720  -44.862  27.690  16.535 0.0000000000
125278  -47.123  28.070  27.236 0.0000000000
125284  -44.949  28.881  26.490 0.0000000000
125360  -46.592  28.767  18.206 0.0000000000
125377  -45.831  28.142  16.107 0.0000000000
125378  -46.150  28.492  16.341 0.0000000000
126040  -45.453  29.648  20.124 0.0000000000
126049  -45.120  29.168  19.727 0.0000000000
126091  -44.412  29.271  15.277 0.0000000000
126092  -45.135  29.172  15.233 0.0000000000
126691  -47.388  30.034  26.301 0.0000000000
126823  -45.358  30.839  13.994 0.0000000000
127361  -44.073  31.318  25.057 0.0000000000
127428  -44.822  31.762  19.315 0.0000000000
127482  -48.643  32.156  14.230 0.0000000000
127494  -46.204  31.508  13.531 0.0000000000
127497  -48.594  32.009  13.966 0.0000000000
128042  -46.059  33.322  23.898 0.0000000000
128145  -48.717  32.971  14.596 0.0000000000
128156  -48.601  32.398  14.432 0.0000000000
128719  -45.525  33.632  23.465 0.0000000000
128720  -45.775  33.612  23.454 0.0000000000
128731  -45.829  33.499  22.978 0.0000000000
128742  -45.443  33.491  22.722 0.0000000000
128744  -46.033  32.876  22.230 0.0000000000
128771  -41.167  33.508  18.483 0.0000000000
128807  -48.818  33.739  15.079 0.0000000000
128817  -49.004  34.180  14.838 0.0000000000
128830  -47.967  33.217  13.596 0.0000000000
128831  -48.593  33.356  13.902 0.0000000000
129436  -40.162  34.425  18.091 0.0000000000
129457  -42.181  34.967  16.858 0.0000000000
129478  -49.156  34.706  14.970 0.0000000000
129489  -48.974  34.537  14.586 0.0000000000
129502  -48.262  34.102  13.779 0.0000000000
130085  -48.411  35.894  16.151 0.0000000000
130092  -47.382  35.164  16.021 0.0000000000
130095  -49.156  35.285  15.179 0.0000000000
130123  -48.483  34.745  13.964 0.0000000000
130745  -49.222  35.523  15.082 0.0000000000
130751  -49.175  35.696  14.932 0.0000000000
131346  -36.623  37.950  19.246 0.0000000000
131356  -39.740  37.206  18.101 0.0000000000
131363  -45.800  38.227  17.273 0.0000000000
131367  -42.852  37.349  17.045 0.0000000000
132010  -48.208  38.436  14.200 0.0000000000
132602  -36.012  39.543  22.241 0.0000000000
132606  -35.829  39.834  21.688 0.0000000000
132617  -37.376  39.841  18.891 0.0000000000
132623  -38.990  39.527  18.293 0.0000000000
132629  -43.236  39.677  17.849 0.0000000000
132637  -46.532  39.343  16.219 0.0000000000
132646  -47.033  39.735  14.730 0.0000000000
133242  -35.790  39.923  21.428 0.0000000000
133245  -35.747  40.040  21.006 0.0000000000
133249  -35.927  40.054  20.353 0.0000000000
133266  -41.736  40.160  17.803 0.0000000000
133269  -44.388  40.752  17.881 0.0000000000
133276  -45.616  40.701  15.735 0.0000000000
133293  -46.499  40.888  13.847 0.0000000000
133312  -48.056  40.562  10.458 0.0000000000
133873  -37.372  42.049  20.078 0.0000000000
133876  -37.011  41.064  19.724 0.0000000000
133883  -42.260  41.856  18.408 0.0000000000
133885  -43.972  42.277  18.024 0.0000000000
133886  -44.294  42.544  17.853 0.0000000000
133889  -43.379  41.130  18.027 0.0000000000
133897  -45.150  41.718  16.323 0.0000000000
133963  -47.780  41.062  11.012 0.0000000000
133972  -46.432  41.268  10.790 0.0000000000
134498  -39.110  42.856  19.005 0.0000000000
134502  -40.890  42.649  18.479 0.0000000000
134504  -42.706  42.711  18.240 0.0000000000
134505  -43.553  42.890  18.057 0.0000000000
134506  -44.099  42.814  17.940 0.0000000000
134508  -43.985  43.158  17.776 0.0000000000
134509  -44.455  42.903  17.686 0.0000000000
134510  -44.827  42.685  17.287 0.0000000000
134520  -44.104  43.365  16.575 0.0000000000
134521  -44.369  43.236  16.568 0.0000000000
134529  -40.823  42.899  16.124 0.0000000000
134533  -44.488  42.616  16.131 0.0000000000
135044  -41.445  43.550  18.114 0.0000000000
135056  -44.705  43.219  17.331 0.0000000000
135068  -43.935  43.616  16.856 0.0000000000
135069  -44.625  43.424  16.949 0.0000000000
135075  -43.494  43.513  16.580 0.0000000000
135564  -37.949  44.228  20.431 0.0000000000
135565  -38.196  44.696  20.164 0.0000000000
135573  -38.048  43.866  19.973 0.0000000000
135587  -41.155  45.006  17.279 0.0000000000
136134  -38.112  44.861  20.744 0.0000000000
136174  -38.852  46.273  16.678 0.0000000000
136176  -40.799  45.419  16.873 0.0000000000
