#!ascii label  , from subject mmSR20151113 vox2ras=TkReg
1113
55585  -32.457  -42.859  43.747 0.0000000000
50050  -17.753  -47.781  43.429 0.0000000000
57862  -23.148  -40.512  42.222 0.0000000000
83060  -39.291  -18.258  29.581 0.0000000000
88418  -44.867  -13.888  25.352 0.0000000000
52186  -9.463  -45.464  48.032 0.0000000000
79901  -36.625  -22.335  31.017 0.0000000000
59094  -36.315  -39.800  43.641 0.0000000000
60272  -25.962  -38.432  42.519 0.0000000000
52214  -13.379  -45.154  45.524 0.0000000000
48833  -12.609  -49.153  47.998 0.0000000000
59136  -29.313  -39.528  40.403 0.0000000000
57936  -32.666  -40.109  38.857 0.0000000000
48937  -24.055  -48.090  42.016 0.0000000000
63670  -24.227  -35.585  45.212 0.0000000000
68451  -35.830  -31.998  32.124 0.0000000000
71946  -39.516  -28.845  30.351 0.0000000000
76524  -41.916  -24.568  29.115 0.0000000000
46578  -5.340  -50.413  49.398 0.0000000000
44271  -2.307  -52.944  51.311 0.0000000000
62687  -32.529  -36.295  36.548 0.0000000000
68381  -29.171  -31.633  36.204 0.0000000000
69606  -31.472  -30.621  33.821 0.0000000000
46603  -8.336  -50.202  48.533 0.0000000000
48883  -17.771  -49.096  45.311 0.0000000000
47712  -19.966  -50.299  44.856 0.0000000000
56685  -29.342  -41.052  42.724 0.0000000000
53296  -17.596  -44.006  44.258 0.0000000000
51115  -15.685  -45.998  44.264 0.0000000000
50007  -15.265  -47.457  46.129 0.0000000000
61453  -28.876  -37.915  42.562 0.0000000000
62590  -26.796  -36.135  42.596 0.0000000000
70785  -35.536  -29.257  30.834 0.0000000000
69663  -38.792  -30.558  31.299 0.0000000000
71944  -37.340  -28.271  30.083 0.0000000000
77687  -38.231  -23.372  29.495 0.0000000000
81022  -39.412  -20.610  29.469 0.0000000000
79904  -41.717  -21.942  29.713 0.0000000000
82060  -40.123  -19.180  28.464 0.0000000000
83080  -41.187  -18.353  27.469 0.0000000000
62661  -32.358  -36.756  39.226 0.0000000000
60349  -33.391  -38.508  37.580 0.0000000000
63771  -31.020  -35.053  38.109 0.0000000000
69556  -27.384  -30.687  37.316 0.0000000000
72985  -28.273  -27.725  36.031 0.0000000000
70726  -29.691  -29.316  34.719 0.0000000000
73001  -29.877  -27.080  33.977 0.0000000000
71883  -31.665  -28.520  32.817 0.0000000000
53326  -25.327  -44.598  41.684 0.0000000000
48830  -6.911  -48.275  48.229 0.0000000000
48850  -8.462  -47.741  47.455 0.0000000000
40562  -2.043  -55.840  51.799 0.0000000000
36820  -0.074  -57.814  51.754 0.0000000000
75357  -36.250  -25.173  31.240 0.0000000000
61456  -37.637  -37.687  42.241 0.0000000000
60248  -23.806  -38.678  43.152 0.0000000000
52199  -11.327  -45.135  46.531 0.0000000000
49982  -10.795  -47.447  46.728 0.0000000000
50005  -13.391  -47.010  46.490 0.0000000000
87417  -46.769  -14.387  24.068 0.0000000000
56717  -30.453  -41.476  40.560 0.0000000000
56719  -32.451  -41.638  40.350 0.0000000000
57917  -31.034  -40.441  39.391 0.0000000000
52252  -19.026  -46.429  42.620 0.0000000000
47765  -21.149  -49.381  42.589 0.0000000000
51185  -22.284  -46.877  40.981 0.0000000000
53324  -23.682  -44.380  41.612 0.0000000000
56680  -21.609  -40.410  43.276 0.0000000000
62550  -21.508  -36.888  46.958 0.0000000000
62588  -21.745  -36.834  43.176 0.0000000000
63723  -24.161  -35.777  41.943 0.0000000000
59134  -27.397  -39.236  40.791 0.0000000000
66051  -36.786  -33.572  34.480 0.0000000000
74224  -37.598  -26.155  29.567 0.0000000000
74226  -39.867  -26.301  29.126 0.0000000000
84111  -43.209  -17.486  26.301 0.0000000000
46552  -3.689  -51.186  50.285 0.0000000000
41819  -3.807  -54.499  51.790 0.0000000000
57894  -34.637  -40.857  40.237 0.0000000000
60334  -35.732  -38.924  38.830 0.0000000000
62673  -36.040  -36.348  37.875 0.0000000000
65983  -28.756  -33.222  38.043 0.0000000000
66020  -30.843  -33.706  36.468 0.0000000000
66002  -32.819  -33.438  37.260 0.0000000000
69576  -31.320  -31.064  36.516 0.0000000000
70715  -32.140  -30.944  35.638 0.0000000000
68413  -34.053  -32.564  34.829 0.0000000000
68448  -33.132  -31.578  32.544 0.0000000000
70766  -33.918  -29.521  31.858 0.0000000000
46664  -22.944  -50.708  45.298 0.0000000000
48788  -5.679  -48.355  50.502 0.0000000000
46580  -6.947  -50.653  49.206 0.0000000000
47664  -10.829  -49.785  48.011 0.0000000000
38074  2.189  -56.909  52.138 0.0000000000
48900  -17.702  -48.444  44.269 0.0000000000
47710  -18.619  -49.724  45.235 0.0000000000
47744  -19.082  -49.396  43.728 0.0000000000
56673  -31.202  -42.503  43.420 0.0000000000
52239  -17.516  -45.844  43.086 0.0000000000
54429  -16.818  -44.270  43.690 0.0000000000
51128  -16.630  -46.450  43.663 0.0000000000
50036  -16.910  -47.555  44.273 0.0000000000
71909  -35.196  -27.629  31.723 0.0000000000
70802  -36.242  -28.658  30.551 0.0000000000
71926  -36.075  -27.478  30.795 0.0000000000
83045  -38.466  -18.940  30.361 0.0000000000
81021  -38.463  -20.609  29.826 0.0000000000
82047  -38.773  -19.601  29.505 0.0000000000
82048  -39.751  -19.839  29.077 0.0000000000
83067  -39.650  -18.383  28.691 0.0000000000
83078  -39.962  -18.016  28.386 0.0000000000
63773  -32.026  -36.128  38.569 0.0000000000
72972  -27.957  -27.808  36.817 0.0000000000
72986  -28.826  -27.569  35.184 0.0000000000
74123  -29.386  -26.439  34.942 0.0000000000
75306  -30.523  -25.705  34.340 0.0000000000
55594  -24.630  -42.321  41.863 0.0000000000
53320  -26.058  -45.219  43.134 0.0000000000
53310  -25.849  -44.212  43.510 0.0000000000
51065  -8.140  -46.585  48.330 0.0000000000
49980  -8.874  -47.025  47.286 0.0000000000
86342  -44.582  -15.581  25.248 0.0000000000
39347  -1.199  -56.686  51.849 0.0000000000
57834  -36.241  -40.481  45.270 0.0000000000
60279  -36.841  -38.457  42.223 0.0000000000
60271  -24.973  -37.924  42.465 0.0000000000
60250  -25.304  -38.518  43.404 0.0000000000
54401  -14.768  -43.517  45.507 0.0000000000
54385  -13.553  -43.537  46.482 0.0000000000
53253  -12.102  -43.946  47.548 0.0000000000
53282  -12.624  -44.562  46.123 0.0000000000
51082  -12.193  -46.111  46.106 0.0000000000
51083  -13.137  -46.142  45.950 0.0000000000
48859  -16.228  -48.700  47.322 0.0000000000
49987  -15.367  -48.012  47.081 0.0000000000
57892  -29.091  -40.310  40.360 0.0000000000
56740  -30.645  -41.184  39.712 0.0000000000
57916  -29.996  -40.290  39.761 0.0000000000
51131  -20.723  -46.394  42.845 0.0000000000
51163  -20.637  -47.232  41.610 0.0000000000
51149  -21.454  -46.511  42.100 0.0000000000
53318  -23.216  -44.406  42.388 0.0000000000
54440  -22.605  -42.820  42.961 0.0000000000
55605  -22.308  -42.072  42.333 0.0000000000
56655  -21.502  -40.749  44.564 0.0000000000
63647  -24.377  -35.514  47.018 0.0000000000
63655  -22.677  -35.548  46.237 0.0000000000
61409  -21.193  -37.524  44.834 0.0000000000
62578  -22.289  -35.850  44.476 0.0000000000
62604  -22.705  -36.527  42.555 0.0000000000
63694  -23.567  -35.482  43.667 0.0000000000
61481  -28.024  -37.662  40.847 0.0000000000
62638  -26.797  -37.080  40.639 0.0000000000
59135  -28.299  -39.325  40.532 0.0000000000
57891  -28.175  -39.982  40.800 0.0000000000
67275  -36.647  -32.713  32.819 0.0000000000
67257  -38.076  -33.023  33.519 0.0000000000
68432  -37.854  -32.631  32.846 0.0000000000
70805  -38.670  -29.328  30.471 0.0000000000
69644  -39.497  -30.968  31.896 0.0000000000
77667  -36.338  -23.563  31.042 0.0000000000
75370  -36.766  -25.098  30.072 0.0000000000
76519  -36.970  -24.165  29.905 0.0000000000
77688  -39.283  -23.403  29.278 0.0000000000
75373  -39.291  -25.334  29.126 0.0000000000
75375  -41.419  -25.440  29.030 0.0000000000
73096  -42.444  -26.993  29.478 0.0000000000
84110  -42.340  -17.603  26.733 0.0000000000
85210  -42.253  -16.602  26.749 0.0000000000
85211  -43.099  -16.486  26.197 0.0000000000
47626  -4.527  -49.776  50.541 0.0000000000
46553  -3.959  -50.373  50.760 0.0000000000
46577  -4.429  -50.664  49.886 0.0000000000
43100  -4.639  -53.421  50.956 0.0000000000
41801  -3.708  -55.026  52.592 0.0000000000
56742  -32.681  -41.174  39.625 0.0000000000
56721  -34.187  -41.282  40.499 0.0000000000
57920  -33.953  -40.624  39.412 0.0000000000
61519  -33.493  -37.755  37.073 0.0000000000
60341  -34.788  -38.840  38.018 0.0000000000
60351  -35.171  -37.818  37.394 0.0000000000
60343  -36.174  -37.803  38.527 0.0000000000
62689  -34.068  -36.113  36.510 0.0000000000
68344  -27.954  -31.625  39.205 0.0000000000
68380  -28.228  -31.425  36.459 0.0000000000
67201  -28.636  -32.339  36.681 0.0000000000
67202  -29.576  -32.503  36.461 0.0000000000
66021  -31.775  -33.873  36.532 0.0000000000
68383  -31.002  -32.300  36.671 0.0000000000
67185  -31.789  -32.369  37.158 0.0000000000
68382  -30.499  -31.775  36.434 0.0000000000
70727  -30.358  -29.656  34.435 0.0000000000
70714  -31.300  -30.597  35.343 0.0000000000
69590  -31.697  -30.868  34.809 0.0000000000
68395  -32.838  -31.652  35.252 0.0000000000
68428  -32.596  -31.792  33.944 0.0000000000
67252  -33.908  -32.431  33.450 0.0000000000
68447  -32.543  -31.563  33.096 0.0000000000
73025  -33.161  -27.343  32.989 0.0000000000
70765  -32.993  -29.318  32.312 0.0000000000
71885  -33.292  -28.273  32.638 0.0000000000
48935  -22.433  -48.752  41.966 0.0000000000
47747  -21.823  -49.777  43.224 0.0000000000
47732  -23.706  -49.873  44.055 0.0000000000
47661  -7.738  -49.190  48.030 0.0000000000
47660  -6.753  -49.304  48.405 0.0000000000
46602  -7.337  -50.093  48.624 0.0000000000
48854  -12.073  -48.659  47.447 0.0000000000
47679  -10.427  -49.057  47.484 0.0000000000
47665  -11.876  -49.747  48.207 0.0000000000
47683  -17.450  -49.580  47.103 0.0000000000
47693  -18.642  -49.981  46.196 0.0000000000
46643  -19.526  -50.526  46.550 0.0000000000
46627  -21.370  -50.960  47.256 0.0000000000
59103  -27.179  -39.472  42.286 0.0000000000
59088  -26.771  -39.088  43.898 0.0000000000
54389  -17.032  -43.518  45.331 0.0000000000
54415  -15.601  -43.691  44.726 0.0000000000
52227  -14.934  -45.035  44.520 0.0000000000
51085  -14.744  -46.766  45.730 0.0000000000
51098  -15.423  -46.800  45.203 0.0000000000
50020  -16.157  -47.671  45.464 0.0000000000
60290  -29.076  -38.286  41.625 0.0000000000
59137  -30.131  -39.353  40.761 0.0000000000
62569  -25.512  -36.059  45.211 0.0000000000
63683  -25.107  -35.780  44.117 0.0000000000
62609  -27.909  -36.973  42.625 0.0000000000
69660  -35.528  -30.634  31.241 0.0000000000
68468  -37.051  -31.407  31.507 0.0000000000
70786  -36.923  -29.657  30.570 0.0000000000
70804  -37.697  -29.127  30.302 0.0000000000
71945  -38.322  -28.573  30.064 0.0000000000
78841  -37.159  -22.470  30.189 0.0000000000
79918  -38.064  -21.537  29.929 0.0000000000
78843  -38.697  -22.451  29.573 0.0000000000
78844  -39.811  -22.442  29.438 0.0000000000
78846  -42.008  -22.996  29.412 0.0000000000
79920  -40.190  -21.483  29.591 0.0000000000
81024  -41.300  -20.480  29.387 0.0000000000
82050  -41.580  -19.870  29.020 0.0000000000
82069  -40.693  -18.887  27.996 0.0000000000
84097  -40.600  -17.556  27.778 0.0000000000
45511  -5.791  -51.188  49.578 0.0000000000
45486  -5.500  -51.769  49.866 0.0000000000
44291  -6.194  -52.152  50.749 0.0000000000
60340  -32.256  -38.400  38.780 0.0000000000
59186  -33.283  -39.078  38.008 0.0000000000
61511  -32.359  -37.719  38.490 0.0000000000
62671  -31.812  -36.154  37.754 0.0000000000
63782  -31.288  -35.579  37.414 0.0000000000
70671  -27.209  -29.711  38.804 0.0000000000
71809  -27.303  -28.964  38.047 0.0000000000
71826  -27.540  -29.410  36.617 0.0000000000
70711  -28.337  -29.550  35.692 0.0000000000
69588  -29.407  -30.360  35.592 0.0000000000
71838  -28.478  -28.582  35.461 0.0000000000
71857  -29.847  -28.513  34.072 0.0000000000
71882  -30.537  -28.485  33.400 0.0000000000
70763  -31.731  -29.536  32.795 0.0000000000
73023  -31.061  -27.416  33.063 0.0000000000
50067  -25.173  -47.259  42.176 0.0000000000
47733  -24.944  -49.248  43.841 0.0000000000
50038  -26.116  -47.632  43.555 0.0000000000
48831  -7.763  -48.024  47.707 0.0000000000
47662  -8.859  -49.512  47.954 0.0000000000
41842  -2.243  -54.459  51.234 0.0000000000
43077  -1.775  -53.710  51.908 0.0000000000
41841  -1.755  -54.578  51.453 0.0000000000
41816  -0.487  -55.043  52.488 0.0000000000
40559  0.621  -56.132  52.491 0.0000000000
62628  -37.971  -36.687  41.549 0.0000000000
59101  -23.142  -39.238  42.931 0.0000000000
56657  -24.457  -41.177  43.545 0.0000000000
53252  -11.510  -44.317  47.886 0.0000000000
52198  -10.575  -45.172  46.994 0.0000000000
51079  -10.004  -45.970  46.758 0.0000000000
50002  -10.708  -46.577  46.477 0.0000000000
49983  -11.752  -47.651  46.884 0.0000000000
48855  -13.144  -48.465  47.582 0.0000000000
50006  -14.294  -47.187  46.415 0.0000000000
48856  -14.088  -48.312  47.719 0.0000000000
48835  -14.535  -48.788  48.238 0.0000000000
87416  -45.862  -14.323  24.520 0.0000000000
56688  -31.897  -42.212  41.983 0.0000000000
55609  -32.535  -42.321  42.032 0.0000000000
56718  -31.421  -41.657  40.395 0.0000000000
56741  -31.691  -41.239  39.600 0.0000000000
57918  -32.087  -40.464  39.188 0.0000000000
59138  -31.122  -39.187  40.432 0.0000000000
59165  -31.447  -39.518  39.359 0.0000000000
59166  -31.983  -38.803  39.257 0.0000000000
61504  -32.328  -37.626  39.363 0.0000000000
51146  -18.729  -47.058  42.408 0.0000000000
48932  -19.339  -48.612  42.607 0.0000000000
50083  -19.866  -47.702  41.889 0.0000000000
50085  -21.427  -47.602  41.283 0.0000000000
50087  -23.094  -47.630  41.163 0.0000000000
52253  -22.871  -45.780  42.089 0.0000000000
52272  -23.363  -46.332  41.088 0.0000000000
51166  -24.376  -46.547  41.181 0.0000000000
53325  -24.379  -44.478  41.325 0.0000000000
55608  -24.349  -42.834  41.351 0.0000000000
57876  -22.729  -40.778  41.839 0.0000000000
59042  -21.153  -39.340  46.102 0.0000000000
60204  -21.036  -38.665  45.824 0.0000000000
60232  -21.260  -38.863  43.817 0.0000000000
60267  -21.905  -38.569  42.700 0.0000000000
61448  -22.611  -37.574  42.406 0.0000000000
61449  -23.402  -37.291  42.170 0.0000000000
61451  -25.038  -37.519  41.785 0.0000000000
63711  -25.361  -35.523  42.176 0.0000000000
62622  -25.959  -36.658  40.862 0.0000000000
60288  -26.229  -38.421  41.496 0.0000000000
57878  -28.125  -40.219  41.540 0.0000000000
56701  -29.443  -41.127  41.824 0.0000000000
52240  -18.482  -45.787  43.064 0.0000000000
69643  -38.578  -31.331  31.782 0.0000000000
73078  -36.293  -26.966  30.584 0.0000000000
74215  -37.173  -26.661  29.784 0.0000000000
73092  -38.308  -27.081  29.440 0.0000000000
76520  -37.759  -24.260  29.524 0.0000000000
74225  -38.756  -26.234  29.274 0.0000000000
73082  -40.003  -27.938  29.864 0.0000000000
73083  -41.131  -27.855  29.987 0.0000000000
84112  -43.971  -17.581  26.041 0.0000000000
86341  -43.844  -15.598  25.596 0.0000000000
87403  -44.046  -13.939  25.942 0.0000000000
46530  -3.392  -50.994  51.199 0.0000000000
45485  -2.988  -52.001  50.680 0.0000000000
44306  -4.463  -52.322  49.878 0.0000000000
44288  -3.404  -52.907  50.345 0.0000000000
43098  -2.787  -53.807  50.802 0.0000000000
41843  -2.798  -54.667  51.316 0.0000000000
56690  -34.000  -41.970  41.890 0.0000000000
56707  -34.875  -41.382  41.463 0.0000000000
59120  -35.785  -40.228  41.255 0.0000000000
57938  -34.274  -39.999  38.877 0.0000000000
57922  -35.547  -40.063  39.849 0.0000000000
59121  -36.123  -39.480  41.296 0.0000000000
61470  -36.728  -37.846  40.871 0.0000000000
61485  -37.012  -37.253  40.617 0.0000000000
63774  -36.120  -35.306  38.466 0.0000000000
65984  -29.572  -33.652  38.486 0.0000000000
64879  -29.984  -34.329  37.217 0.0000000000
67183  -27.862  -32.087  38.250 0.0000000000
66000  -28.837  -33.161  37.074 0.0000000000
63791  -32.009  -35.425  36.328 0.0000000000
63793  -33.955  -35.404  36.584 0.0000000000
64882  -34.417  -34.570  37.274 0.0000000000
70713  -30.302  -30.332  35.449 0.0000000000
70702  -31.488  -30.877  36.348 0.0000000000
66038  -36.167  -33.560  34.849 0.0000000000
67254  -35.355  -32.832  33.243 0.0000000000
68450  -34.997  -31.862  32.056 0.0000000000
70764  -32.209  -29.601  32.557 0.0000000000
69640  -33.378  -30.628  32.002 0.0000000000
69659  -34.910  -30.856  31.459 0.0000000000
70784  -34.728  -29.981  31.322 0.0000000000
70767  -34.586  -28.663  31.604 0.0000000000
47729  -20.518  -50.166  44.223 0.0000000000
46663  -21.939  -50.755  45.383 0.0000000000
46648  -24.698  -50.819  45.945 0.0000000000
47642  -5.477  -49.475  49.277 0.0000000000
48808  -5.846  -48.488  49.368 0.0000000000
47659  -6.021  -49.342  48.764 0.0000000000
46579  -6.140  -50.599  49.214 0.0000000000
45513  -7.283  -51.113  49.767 0.0000000000
48852  -10.102  -48.110  47.136 0.0000000000
47678  -9.458  -48.859  47.452 0.0000000000
46605  -10.346  -50.419  48.509 0.0000000000
36786  0.063  -58.314  53.142 0.0000000000
39345  0.735  -56.631  52.168 0.0000000000
39331  1.580  -56.417  52.442 0.0000000000
55586  -33.275  -42.745  43.356 0.0000000000
48914  -17.945  -48.307  43.734 0.0000000000
48915  -18.437  -48.708  43.573 0.0000000000
55595  -31.725  -42.638  43.292 0.0000000000
51129  -17.408  -46.807  43.150 0.0000000000
50049  -17.132  -47.154  43.568 0.0000000000
50037  -17.409  -47.945  44.093 0.0000000000
73066  -35.557  -27.305  31.652 0.0000000000
71925  -35.784  -27.933  30.898 0.0000000000
73067  -35.907  -26.925  31.354 0.0000000000
83046  -39.088  -18.383  30.385 0.0000000000
83059  -38.817  -18.775  29.636 0.0000000000
83066  -39.153  -18.714  29.167 0.0000000000
84074  -39.809  -17.715  29.493 0.0000000000
74109  -29.064  -26.173  36.232 0.0000000000
56683  -23.954  -41.455  41.883 0.0000000000
54442  -25.392  -43.435  42.275 0.0000000000
56684  -24.446  -41.664  42.242 0.0000000000
52185  -9.067  -45.800  48.501 0.0000000000
51066  -8.705  -46.248  47.896 0.0000000000
51067  -9.343  -46.160  47.208 0.0000000000
87409  -44.463  -14.481  25.390 0.0000000000
86343  -45.518  -15.454  24.824 0.0000000000
60241  -36.729  -39.062  44.002 0.0000000000
60257  -36.586  -39.118  42.924 0.0000000000
60251  -26.094  -38.742  43.614 0.0000000000
53284  -14.017  -44.288  45.355 0.0000000000
54400  -13.969  -43.679  45.839 0.0000000000
53283  -13.266  -44.294  45.856 0.0000000000
53269  -12.876  -44.074  46.339 0.0000000000
52213  -12.786  -44.943  45.830 0.0000000000
52201  -12.714  -45.516  45.900 0.0000000000
56644  -22.127  -41.556  45.678 0.0000000000
56656  -21.859  -41.478  44.767 0.0000000000
56668  -21.742  -41.345  43.852 0.0000000000
56643  -21.690  -40.843  45.473 0.0000000000
63657  -24.323  -35.518  46.264 0.0000000000
63646  -23.785  -35.403  47.049 0.0000000000
63656  -23.364  -35.364  46.288 0.0000000000
62568  -22.206  -35.856  45.467 0.0000000000
63680  -22.842  -35.492  44.969 0.0000000000
63693  -22.839  -35.573  44.060 0.0000000000
63681  -23.540  -35.479  44.625 0.0000000000
60309  -28.443  -38.368  40.809 0.0000000000
68431  -37.369  -32.627  32.728 0.0000000000
68452  -37.040  -32.269  32.288 0.0000000000
70806  -39.280  -29.423  30.696 0.0000000000
71947  -40.650  -28.560  30.401 0.0000000000
78821  -36.424  -23.024  31.212 0.0000000000
76514  -36.504  -24.328  30.507 0.0000000000
77674  -36.734  -23.424  30.327 0.0000000000
76523  -40.914  -24.482  29.053 0.0000000000
76522  -39.842  -24.399  29.088 0.0000000000
86325  -42.065  -15.595  27.359 0.0000000000
47641  -4.947  -49.706  49.832 0.0000000000
45510  -5.049  -51.261  49.580 0.0000000000
57919  -33.023  -40.646  39.197 0.0000000000
57937  -33.395  -40.126  38.785 0.0000000000
61525  -32.831  -37.158  36.924 0.0000000000
61526  -33.442  -36.928  36.658 0.0000000000
61520  -34.398  -37.298  36.908 0.0000000000
61527  -34.032  -36.582  36.586 0.0000000000
69573  -28.592  -30.578  35.930 0.0000000000
67203  -30.486  -32.779  36.512 0.0000000000
69574  -29.721  -30.965  36.004 0.0000000000
70744  -30.586  -29.402  33.785 0.0000000000
70728  -31.045  -30.122  34.239 0.0000000000
69607  -32.094  -31.320  34.372 0.0000000000
69624  -32.033  -31.089  33.422 0.0000000000
48936  -23.314  -48.568  42.037 0.0000000000
47748  -22.858  -49.638  43.170 0.0000000000
47749  -23.866  -49.112  43.081 0.0000000000
46582  -8.920  -50.834  49.216 0.0000000000
47681  -11.840  -49.232  47.759 0.0000000000
45459  -2.600  -52.295  51.444 0.0000000000
44260  -2.286  -52.691  51.969 0.0000000000
57843  -35.710  -41.085  44.066 0.0000000000
48871  -17.253  -49.042  46.144 0.0000000000
47684  -18.238  -49.988  47.001 0.0000000000
47692  -17.881  -49.607  46.209 0.0000000000
47711  -19.322  -49.985  45.011 0.0000000000
47694  -19.179  -50.144  45.723 0.0000000000
46661  -19.863  -50.454  45.633 0.0000000000
46644  -20.581  -50.748  46.407 0.0000000000
46662  -20.817  -50.638  45.329 0.0000000000
57865  -28.018  -40.113  42.326 0.0000000000
57851  -27.872  -39.864  42.857 0.0000000000
53272  -18.059  -44.298  45.440 0.0000000000
53285  -17.617  -43.825  45.074 0.0000000000
52237  -16.040  -45.249  43.772 0.0000000000
54416  -16.276  -43.777  44.223 0.0000000000
53294  -15.555  -44.350  44.249 0.0000000000
53293  -14.822  -44.170  44.825 0.0000000000
51114  -15.210  -45.529  44.474 0.0000000000
51097  -14.727  -45.953  45.019 0.0000000000
48882  -17.065  -48.357  45.146 0.0000000000
48870  -16.552  -48.509  46.245 0.0000000000
60291  -29.740  -39.063  41.433 0.0000000000
62570  -26.327  -36.499  45.018 0.0000000000
61435  -28.216  -37.385  43.157 0.0000000000
61452  -28.380  -37.357  42.239 0.0000000000
61468  -28.689  -37.739  41.913 0.0000000000
69661  -36.484  -30.589  31.064 0.0000000000
71943  -36.432  -27.970  30.436 0.0000000000
70803  -36.884  -28.768  30.298 0.0000000000
79903  -37.453  -21.294  30.378 0.0000000000
81005  -37.748  -20.686  30.331 0.0000000000
79919  -39.093  -21.517  29.643 0.0000000000
81023  -40.415  -20.603  29.368 0.0000000000
82049  -40.687  -19.896  28.946 0.0000000000
82061  -41.068  -19.471  28.349 0.0000000000
82068  -40.267  -18.761  28.177 0.0000000000
84085  -40.393  -17.219  28.523 0.0000000000
84096  -40.177  -17.735  28.246 0.0000000000
63772  -31.404  -35.333  38.427 0.0000000000
62672  -32.182  -36.923  38.112 0.0000000000
62680  -32.280  -36.746  37.254 0.0000000000
63781  -30.920  -35.116  37.763 0.0000000000
71817  -27.575  -28.324  37.363 0.0000000000
71827  -27.799  -28.766  36.351 0.0000000000
70700  -27.770  -29.816  36.219 0.0000000000
73000  -29.429  -27.475  34.378 0.0000000000
71839  -29.152  -28.482  34.773 0.0000000000
71881  -30.070  -27.998  33.648 0.0000000000
73022  -30.289  -27.368  33.542 0.0000000000
74156  -31.269  -26.526  33.291 0.0000000000
52263  -25.401  -45.667  41.756 0.0000000000
50052  -25.867  -47.313  43.043 0.0000000000
51135  -25.973  -46.701  42.957 0.0000000000
51122  -26.718  -46.412  44.302 0.0000000000
50039  -26.471  -47.530  44.025 0.0000000000
49979  -8.165  -47.128  47.757 0.0000000000
47677  -8.534  -48.567  47.561 0.0000000000
40574  -2.112  -55.111  51.383 0.0000000000
40573  -1.853  -54.908  51.340 0.0000000000
38088  -0.484  -57.258  51.726 0.0000000000
39346  -0.358  -56.549  51.846 0.0000000000
40560  -0.145  -55.711  52.310 0.0000000000
61439  -37.846  -37.806  43.382 0.0000000000
61457  -38.258  -37.321  42.760 0.0000000000
62612  -38.251  -37.025  42.203 0.0000000000
61471  -37.313  -37.397  41.269 0.0000000000
57839  -23.980  -40.072  43.645 0.0000000000
59086  -23.923  -39.484  43.570 0.0000000000
53268  -12.165  -44.279  46.628 0.0000000000
53267  -11.353  -44.502  47.111 0.0000000000
53266  -10.940  -44.704  47.539 0.0000000000
51080  -10.669  -45.854  46.532 0.0000000000
50004  -12.443  -46.932  46.435 0.0000000000
49984  -12.740  -47.706  47.042 0.0000000000
51084  -14.040  -46.444  45.879 0.0000000000
48857  -14.913  -48.309  47.683 0.0000000000
49986  -14.612  -47.792  47.061 0.0000000000
56703  -31.235  -41.851  41.364 0.0000000000
59164  -30.566  -39.687  39.751 0.0000000000
60312  -32.130  -37.939  40.366 0.0000000000
60333  -32.145  -38.045  39.552 0.0000000000
50065  -19.228  -47.718  42.188 0.0000000000
51147  -19.726  -47.046  42.033 0.0000000000
51164  -21.498  -46.939  41.364 0.0000000000
50109  -21.703  -47.217  41.110 0.0000000000
50086  -22.322  -47.718  41.172 0.0000000000
50111  -22.689  -47.249  40.927 0.0000000000
52261  -23.650  -45.506  41.394 0.0000000000
52273  -23.973  -46.116  41.026 0.0000000000
52262  -24.640  -45.600  41.286 0.0000000000
56681  -21.828  -41.057  42.855 0.0000000000
55606  -22.835  -42.194  41.646 0.0000000000
56698  -22.352  -41.349  41.903 0.0000000000
56699  -23.026  -41.323  41.592 0.0000000000
57860  -21.685  -40.090  43.025 0.0000000000
62537  -21.985  -36.703  48.001 0.0000000000
61378  -21.240  -37.474  47.557 0.0000000000
60174  -21.000  -38.475  47.995 0.0000000000
60190  -20.954  -38.496  46.800 0.0000000000
61394  -21.092  -37.712  46.104 0.0000000000
61421  -21.294  -37.553  43.743 0.0000000000
60247  -21.393  -38.592  43.360 0.0000000000
61433  -21.590  -37.747  42.900 0.0000000000
61447  -22.067  -37.899  42.512 0.0000000000
62603  -22.070  -37.263  42.617 0.0000000000
63709  -23.636  -35.675  42.596 0.0000000000
62605  -23.916  -36.396  41.850 0.0000000000
61450  -24.402  -37.218  41.784 0.0000000000
62606  -24.385  -36.672  41.491 0.0000000000
63697  -25.986  -35.806  42.858 0.0000000000
63696  -25.195  -35.570  43.084 0.0000000000
63712  -26.203  -35.676  41.923 0.0000000000
61479  -26.803  -37.697  40.520 0.0000000000
61478  -26.137  -37.500  40.779 0.0000000000
60306  -25.926  -37.886  41.127 0.0000000000
60307  -26.610  -38.349  40.774 0.0000000000
59116  -27.173  -39.433  41.478 0.0000000000
56716  -29.574  -41.127  40.815 0.0000000000
57879  -28.807  -40.627  41.182 0.0000000000
56702  -30.312  -41.554  41.591 0.0000000000
52241  -19.286  -45.956  43.244 0.0000000000
52229  -18.841  -45.300  43.875 0.0000000000
52251  -18.223  -46.437  42.755 0.0000000000
66039  -36.811  -33.766  35.187 0.0000000000
68414  -39.479  -32.949  33.765 0.0000000000
67241  -39.306  -33.369  34.369 0.0000000000
69662  -37.688  -30.775  31.194 0.0000000000
69642  -37.752  -31.631  31.765 0.0000000000
74205  -36.121  -25.875  31.183 0.0000000000
74223  -37.057  -25.633  29.808 0.0000000000
73091  -37.555  -27.009  29.645 0.0000000000
78842  -37.783  -22.490  29.832 0.0000000000
77686  -37.276  -23.331  29.860 0.0000000000
73093  -39.374  -27.169  29.353 0.0000000000
73094  -40.486  -27.191  29.370 0.0000000000
73084  -42.488  -27.838  30.256 0.0000000000
78830  -41.699  -22.196  29.623 0.0000000000
83081  -42.274  -18.854  27.564 0.0000000000
83097  -43.127  -18.475  26.848 0.0000000000
87401  -42.951  -15.156  26.403 0.0000000000
86335  -43.227  -15.629  26.050 0.0000000000
44290  -5.434  -52.573  50.585 0.0000000000
44307  -4.994  -51.967  49.721 0.0000000000
43079  -4.472  -53.996  51.693 0.0000000000
44289  -4.268  -53.002  50.314 0.0000000000
43099  -3.710  -53.927  50.915 0.0000000000
41844  -3.377  -54.521  51.409 0.0000000000
40545  -2.980  -55.689  52.627 0.0000000000
55610  -32.959  -42.230  41.760 0.0000000000
56689  -33.473  -42.192  41.934 0.0000000000
56705  -33.262  -41.895  41.226 0.0000000000
57880  -34.661  -41.248  40.885 0.0000000000
57881  -35.245  -40.885  41.176 0.0000000000
59107  -35.696  -40.618  41.924 0.0000000000
57895  -35.404  -40.424  40.366 0.0000000000
59179  -33.744  -39.574  38.355 0.0000000000
59187  -34.018  -39.052  37.906 0.0000000000
59181  -35.450  -39.124  38.672 0.0000000000
59168  -35.690  -39.466  39.349 0.0000000000
59140  -35.853  -39.849  40.401 0.0000000000
59141  -36.187  -39.163  40.385 0.0000000000
60294  -36.484  -38.617  41.256 0.0000000000
60314  -36.403  -38.438  40.270 0.0000000000
61513  -36.438  -37.023  38.397 0.0000000000
61506  -36.582  -37.348  39.181 0.0000000000
62674  -36.490  -36.462  38.412 0.0000000000
62663  -36.664  -36.471  38.975 0.0000000000
63775  -36.471  -35.985  38.578 0.0000000000
67164  -28.304  -32.383  38.830 0.0000000000
67165  -29.104  -32.995  38.832 0.0000000000
64869  -30.043  -34.254  37.863 0.0000000000
66001  -29.455  -33.813  37.409 0.0000000000
70686  -27.211  -29.859  37.731 0.0000000000
69538  -27.318  -30.727  38.341 0.0000000000
68362  -27.630  -31.577  37.699 0.0000000000
66018  -29.138  -32.913  36.641 0.0000000000
66019  -29.752  -33.480  36.662 0.0000000000
64892  -30.478  -34.485  36.773 0.0000000000
64893  -31.408  -34.626  36.420 0.0000000000
63792  -32.911  -35.467  36.305 0.0000000000
64894  -32.299  -34.687  36.354 0.0000000000
67205  -32.181  -33.327  36.962 0.0000000000
66022  -32.576  -34.000  36.716 0.0000000000
66023  -33.184  -34.031  36.973 0.0000000000
64883  -35.068  -34.654  37.745 0.0000000000
66003  -33.612  -33.734  37.489 0.0000000000
68365  -31.587  -31.854  37.091 0.0000000000
70712  -29.093  -29.544  35.203 0.0000000000
69589  -30.027  -30.626  35.794 0.0000000000
68397  -33.935  -32.311  35.349 0.0000000000
68396  -33.278  -31.806  35.549 0.0000000000
67206  -34.349  -32.403  35.706 0.0000000000
67219  -34.474  -32.701  35.248 0.0000000000
67220  -35.369  -33.173  35.273 0.0000000000
68430  -33.742  -32.118  32.864 0.0000000000
67253  -34.466  -32.446  32.915 0.0000000000
67273  -35.230  -32.388  32.501 0.0000000000
68449  -34.116  -31.719  32.132 0.0000000000
69638  -31.952  -30.014  32.669 0.0000000000
71906  -31.976  -29.157  32.672 0.0000000000
70746  -33.291  -28.802  32.414 0.0000000000
69641  -34.247  -30.729  31.633 0.0000000000
47764  -20.261  -49.318  42.718 0.0000000000
47745  -19.749  -49.556  43.371 0.0000000000
47746  -20.813  -49.786  43.308 0.0000000000
46677  -22.240  -50.520  44.605 0.0000000000
46646  -22.706  -50.911  46.175 0.0000000000
47734  -25.758  -49.027  44.155 0.0000000000
47714  -24.613  -49.962  44.647 0.0000000000
46666  -25.140  -50.341  45.329 0.0000000000
55569  -25.319  -42.652  44.232 0.0000000000
48787  -4.999  -49.072  50.501 0.0000000000
48807  -5.281  -48.963  49.816 0.0000000000
49965  -6.804  -47.541  48.820 0.0000000000
49952  -6.508  -47.547  49.651 0.0000000000
48809  -6.367  -48.058  48.850 0.0000000000
46601  -6.475  -50.042  48.772 0.0000000000
46600  -5.834  -50.001  48.978 0.0000000000
45512  -6.562  -51.151  49.694 0.0000000000
49981  -9.834  -46.971  46.772 0.0000000000
47663  -9.866  -49.701  47.948 0.0000000000
38086  1.415  -57.427  51.955 0.0000000000
39344  1.409  -56.889  52.186 0.0000000000
39332  0.972  -56.281  52.543 0.0000000000
48901  -18.221  -49.173  44.642 0.0000000000
47727  -18.806  -49.545  44.365 0.0000000000
47728  -19.541  -49.857  44.238 0.0000000000
56686  -30.055  -41.562  42.674 0.0000000000
53307  -17.306  -44.639  43.575 0.0000000000
54417  -16.959  -43.926  43.908 0.0000000000
52238  -16.658  -45.391  43.449 0.0000000000
51127  -16.235  -45.759  43.742 0.0000000000
51116  -16.092  -46.944  44.656 0.0000000000
48899  -17.266  -48.067  44.435 0.0000000000
61436  -28.802  -38.043  43.600 0.0000000000
71942  -36.142  -28.213  30.630 0.0000000000
82031  -38.012  -19.812  30.429 0.0000000000
82058  -38.939  -19.050  29.239 0.0000000000
82059  -39.319  -19.143  28.922 0.0000000000
83068  -40.045  -18.664  28.303 0.0000000000
84084  -39.975  -17.671  28.746 0.0000000000
63757  -31.742  -35.176  39.031 0.0000000000
64853  -31.516  -34.800  39.251 0.0000000000
64852  -30.822  -34.357  38.984 0.0000000000
74122  -28.707  -26.920  35.805 0.0000000000
74137  -30.354  -26.268  34.044 0.0000000000
74124  -29.947  -25.991  34.669 0.0000000000
54452  -24.767  -43.478  41.440 0.0000000000
52255  -25.797  -45.361  42.407 0.0000000000
53319  -25.799  -44.425  42.866 0.0000000000
53311  -26.141  -44.673  43.857 0.0000000000
85218  -44.474  -16.451  25.418 0.0000000000
85219  -45.367  -16.457  25.116 0.0000000000
39348  -1.767  -56.461  52.116 0.0000000000
39333  -1.512  -56.917  52.458 0.0000000000
38077  -1.052  -57.400  52.173 0.0000000000
38076  -0.599  -57.702  51.931 0.0000000000
60258  -37.163  -38.414  43.178 0.0000000000
60270  -24.023  -37.909  42.593 0.0000000000
60249  -24.513  -38.487  43.248 0.0000000000
60234  -24.814  -38.860  44.078 0.0000000000
60235  -25.517  -38.863  44.289 0.0000000000
54387  -15.564  -43.100  46.179 0.0000000000
54386  -14.590  -43.176  46.393 0.0000000000
54367  -14.323  -43.014  47.269 0.0000000000
54366  -13.342  -43.324  47.284 0.0000000000
54365  -12.623  -43.655  47.198 0.0000000000
52200  -12.123  -45.204  46.107 0.0000000000
50008  -15.913  -48.077  46.591 0.0000000000
49988  -15.776  -48.307  47.163 0.0000000000
48858  -15.561  -48.476  47.588 0.0000000000
56739  -29.814  -41.018  40.015 0.0000000000
51130  -19.884  -46.473  42.687 0.0000000000
51148  -20.624  -46.713  42.025 0.0000000000
51165  -22.198  -46.569  41.481 0.0000000000
52254  -23.203  -45.198  42.137 0.0000000000
54441  -22.988  -43.593  42.637 0.0000000000
54450  -23.302  -43.298  41.727 0.0000000000
54449  -22.695  -42.841  42.097 0.0000000000
56667  -21.521  -40.586  43.720 0.0000000000
62538  -23.177  -35.869  47.826 0.0000000000
62551  -22.189  -36.039  46.765 0.0000000000
62567  -21.480  -36.667  45.751 0.0000000000
62577  -21.636  -36.533  44.397 0.0000000000
62589  -22.239  -36.075  43.572 0.0000000000
63708  -22.907  -35.750  43.207 0.0000000000
62624  -27.546  -36.784  41.367 0.0000000000
62607  -26.930  -36.121  41.658 0.0000000000
62639  -27.310  -36.996  40.820 0.0000000000
60308  -27.492  -38.437  40.542 0.0000000000
67255  -36.269  -32.959  33.300 0.0000000000
67239  -37.397  -33.330  33.968 0.0000000000
67256  -37.169  -32.879  33.148 0.0000000000
68433  -39.050  -32.641  33.292 0.0000000000
70787  -38.139  -29.913  30.763 0.0000000000
70788  -39.061  -29.837  30.985 0.0000000000
76507  -36.287  -24.494  31.274 0.0000000000
75364  -36.373  -25.196  30.688 0.0000000000
75371  -37.359  -25.101  29.665 0.0000000000
76521  -38.742  -24.340  29.243 0.0000000000
75374  -40.382  -25.396  29.013 0.0000000000
74227  -40.949  -26.337  29.073 0.0000000000
74228  -41.951  -26.317  29.146 0.0000000000
83095  -41.507  -17.926  27.173 0.0000000000
83096  -42.004  -18.178  27.065 0.0000000000
84109  -41.723  -17.520  27.066 0.0000000000
86334  -42.628  -15.698  26.544 0.0000000000
46576  -4.026  -51.329  49.857 0.0000000000
56720  -33.451  -41.441  40.322 0.0000000000
56743  -33.396  -41.011  39.691 0.0000000000
57893  -33.911  -41.041  40.030 0.0000000000
60350  -34.419  -38.437  37.497 0.0000000000
60342  -35.479  -38.554  38.175 0.0000000000
61512  -35.870  -37.463  37.842 0.0000000000
61521  -35.376  -36.931  37.200 0.0000000000
62681  -34.723  -36.180  36.813 0.0000000000
69572  -27.708  -30.653  36.510 0.0000000000
68379  -27.671  -31.285  36.933 0.0000000000
67204  -31.495  -32.821  36.805 0.0000000000
68364  -31.107  -31.665  36.674 0.0000000000
69557  -31.185  -31.375  36.627 0.0000000000
69591  -32.525  -31.398  35.336 0.0000000000
68411  -32.759  -31.744  34.843 0.0000000000
68412  -33.465  -32.259  34.514 0.0000000000
67235  -33.732  -32.466  33.893 0.0000000000
71884  -32.608  -28.142  32.785 0.0000000000
71907  -32.374  -28.928  32.626 0.0000000000
70747  -33.590  -28.712  32.313 0.0000000000
48934  -21.498  -48.828  42.020 0.0000000000
47766  -22.127  -49.327  42.514 0.0000000000
47731  -22.540  -50.072  43.931 0.0000000000
46678  -23.180  -50.368  44.583 0.0000000000
46581  -7.914  -50.799  49.349 0.0000000000
48853  -11.065  -48.371  47.199 0.0000000000
47680  -11.347  -49.196  47.621 0.0000000000
57844  -36.094  -40.445  44.355 0.0000000000
57855  -35.917  -40.508  43.390 0.0000000000
47671  -17.971  -49.991  47.749 0.0000000000
46625  -19.404  -50.675  47.590 0.0000000000
59115  -26.652  -38.977  41.940 0.0000000000
59102  -26.684  -39.039  42.908 0.0000000000
54388  -16.513  -43.297  45.909 0.0000000000
54404  -17.012  -43.592  44.586 0.0000000000
54403  -16.352  -43.416  44.998 0.0000000000
54402  -15.650  -43.357  45.378 0.0000000000
54414  -15.177  -43.624  45.070 0.0000000000
52215  -14.241  -45.066  45.045 0.0000000000
51096  -13.900  -45.751  45.485 0.0000000000
50019  -15.678  -47.266  45.508 0.0000000000
51099  -15.848  -47.158  45.215 0.0000000000
48860  -16.882  -49.006  46.889 0.0000000000
60310  -29.371  -39.012  40.964 0.0000000000
60311  -29.705  -39.240  41.013 0.0000000000
62553  -24.836  -35.668  46.983 0.0000000000
63658  -24.870  -35.756  45.603 0.0000000000
63671  -24.800  -35.767  44.896 0.0000000000
62579  -25.833  -36.177  44.352 0.0000000000
62580  -26.550  -36.404  43.801 0.0000000000
62591  -27.454  -36.750  43.173 0.0000000000
62608  -27.500  -36.511  42.214 0.0000000000
62625  -27.986  -36.955  41.932 0.0000000000
60289  -28.631  -38.033  41.197 0.0000000000
68467  -36.219  -31.460  31.557 0.0000000000
78829  -36.801  -22.616  30.552 0.0000000000
79902  -36.964  -21.725  30.757 0.0000000000
79917  -37.443  -21.875  30.186 0.0000000000
77689  -40.421  -23.455  29.217 0.0000000000
77690  -41.479  -23.608  29.220 0.0000000000
78845  -41.199  -22.402  29.479 0.0000000000
79921  -41.270  -21.319  29.674 0.0000000000
82070  -41.436  -19.062  27.866 0.0000000000
83079  -40.268  -18.307  28.054 0.0000000000
84098  -41.212  -17.533  27.361 0.0000000000
85198  -41.004  -17.138  27.639 0.0000000000
59178  -32.693  -39.392  38.451 0.0000000000
60348  -32.711  -38.534  38.073 0.0000000000
61518  -32.675  -37.700  37.566 0.0000000000
62679  -31.784  -36.065  36.960 0.0000000000
71816  -27.355  -29.180  37.127 0.0000000000
70699  -27.371  -29.932  36.865 0.0000000000
69587  -28.829  -30.005  35.565 0.0000000000
71858  -30.277  -29.016  33.878 0.0000000000
70745  -31.119  -29.607  33.292 0.0000000000
74155  -30.686  -26.851  33.390 0.0000000000
73024  -32.328  -26.913  33.030 0.0000000000
73002  -32.901  -26.301  33.337 0.0000000000
48938  -24.703  -47.887  42.322 0.0000000000
47750  -24.585  -48.904  43.234 0.0000000000
48919  -25.199  -48.003  42.866 0.0000000000
48903  -25.834  -48.328  43.645 0.0000000000
48885  -26.199  -48.762  44.314 0.0000000000
51136  -26.270  -46.677  43.406 0.0000000000
48904  -26.380  -48.277  44.172 0.0000000000
49966  -7.466  -47.218  48.377 0.0000000000
48810  -13.784  -49.551  48.941 0.0000000000
43097  -2.149  -53.747  51.241 0.0000000000
44270  -2.117  -53.170  51.753 0.0000000000
43096  -1.725  -54.181  51.594 0.0000000000
41817  -1.120  -54.670  52.039 0.0000000000
40561  -1.333  -55.516  51.687 0.0000000000
41799  -0.635  -54.616  52.724 0.0000000000
40543  -0.025  -55.070  53.068 0.0000000000
75358  -36.440  -25.029  31.947 0.0000000000
77668  -36.476  -23.801  31.713 0.0000000000
78822  -36.563  -23.039  31.703 0.0000000000
79892  -36.917  -22.104  31.668 0.0000000000
63743  -37.580  -36.166  40.863 0.0000000000
57863  -23.846  -40.748  42.569 0.0000000000
56669  -24.298  -41.205  42.678 0.0000000000
57849  -23.669  -40.089  43.034 0.0000000000
53238  -10.927  -44.774  48.480 0.0000000000
52187  -10.387  -44.969  47.853 0.0000000000
52197  -9.904  -45.531  47.308 0.0000000000
50001  -10.282  -46.355  46.603 0.0000000000
51081  -11.378  -45.951  46.260 0.0000000000
50003  -11.514  -46.810  46.392 0.0000000000
49985  -13.711  -47.717  47.091 0.0000000000
48834  -13.606  -49.100  48.340 0.0000000000
87410  -45.266  -14.408  24.958 0.0000000000
55596  -32.322  -42.577  42.747 0.0000000000
56704  -32.247  -41.992  41.278 0.0000000000
59163  -29.968  -39.702  40.017 0.0000000000
59177  -32.143  -39.710  38.889 0.0000000000
61505  -32.660  -37.061  39.950 0.0000000000
51145  -17.978  -47.133  42.774 0.0000000000
48931  -18.593  -48.321  42.968 0.0000000000
50064  -18.450  -47.792  42.736 0.0000000000
48954  -19.597  -48.076  42.083 0.0000000000
48955  -20.099  -48.222  41.936 0.0000000000
51162  -20.164  -47.427  41.743 0.0000000000
50084  -20.497  -47.751  41.602 0.0000000000
48956  -20.957  -48.292  41.645 0.0000000000
48957  -21.887  -48.291  41.481 0.0000000000
48958  -22.760  -48.205  41.481 0.0000000000
48959  -23.453  -48.002  41.545 0.0000000000
51133  -22.343  -45.896  43.151 0.0000000000
51150  -22.229  -46.231  42.181 0.0000000000
52260  -22.874  -46.177  41.474 0.0000000000
52271  -22.759  -46.534  41.087 0.0000000000
50112  -23.318  -47.170  40.913 0.0000000000
50088  -23.956  -47.388  41.272 0.0000000000
50066  -24.535  -47.541  41.837 0.0000000000
50089  -24.679  -47.052  41.532 0.0000000000
51167  -25.087  -46.431  41.601 0.0000000000
54451  -24.047  -43.432  41.282 0.0000000000
56700  -23.554  -41.538  41.547 0.0000000000
57814  -21.565  -40.151  46.367 0.0000000000
57827  -21.318  -40.085  45.327 0.0000000000
57838  -21.252  -39.992  44.386 0.0000000000
57848  -21.410  -39.930  43.636 0.0000000000
60218  -21.060  -38.462  45.007 0.0000000000
59069  -21.150  -39.163  44.113 0.0000000000
59099  -21.817  -39.393  42.870 0.0000000000
59100  -22.438  -39.416  42.570 0.0000000000
60268  -22.531  -38.458  42.560 0.0000000000
60269  -23.213  -38.160  42.636 0.0000000000
60287  -25.552  -37.888  41.737 0.0000000000
63695  -24.379  -35.460  43.349 0.0000000000
63710  -24.548  -35.517  42.425 0.0000000000
63724  -24.735  -35.714  41.690 0.0000000000
63726  -26.303  -36.016  41.225 0.0000000000
63725  -25.524  -35.823  41.364 0.0000000000
62621  -24.781  -36.359  41.286 0.0000000000
61465  -25.257  -37.228  41.242 0.0000000000
57877  -27.607  -39.851  41.843 0.0000000000
57866  -28.674  -40.617  42.263 0.0000000000
56687  -31.155  -42.147  42.595 0.0000000000
53286  -18.070  -44.267  44.776 0.0000000000
53308  -18.075  -45.162  43.443 0.0000000000
66054  -38.840  -33.774  35.037 0.0000000000
68453  -38.291  -32.087  32.352 0.0000000000
68454  -39.316  -31.735  32.428 0.0000000000
73079  -36.996  -27.280  29.986 0.0000000000
74214  -36.682  -26.127  30.106 0.0000000000
73080  -37.869  -27.741  29.729 0.0000000000
73081  -38.892  -27.946  29.715 0.0000000000
75372  -38.220  -25.250  29.356 0.0000000000
71948  -41.608  -28.408  30.561 0.0000000000
73095  -41.583  -27.161  29.451 0.0000000000
84120  -44.316  -17.241  25.732 0.0000000000
84119  -43.676  -17.052  26.006 0.0000000000
85217  -43.755  -16.417  25.798 0.0000000000
87408  -44.017  -15.020  25.511 0.0000000000
88410  -43.931  -13.624  26.420 0.0000000000
45460  -2.971  -51.619  51.723 0.0000000000
45484  -2.598  -52.536  50.983 0.0000000000
45509  -4.423  -51.576  49.719 0.0000000000
45508  -3.755  -51.977  49.916 0.0000000000
44305  -3.948  -52.569  49.992 0.0000000000
44287  -2.646  -52.975  50.775 0.0000000000
40575  -2.389  -55.213  51.559 0.0000000000
41818  -3.222  -54.964  51.881 0.0000000000
40544  -2.494  -55.811  52.167 0.0000000000
55597  -33.221  -42.488  42.436 0.0000000000
56706  -34.201  -41.631  41.153 0.0000000000
56691  -34.703  -41.723  42.008 0.0000000000
57868  -35.754  -40.696  42.618 0.0000000000
59108  -36.070  -39.934  42.399 0.0000000000
57921  -34.964  -40.221  39.447 0.0000000000
59180  -34.800  -39.381  38.470 0.0000000000
59167  -35.077  -39.775  39.019 0.0000000000
60278  -36.411  -39.109  42.032 0.0000000000
60295  -36.937  -37.950  41.606 0.0000000000
61484  -36.659  -37.654  40.039 0.0000000000
62642  -37.380  -36.806  40.861 0.0000000000
62641  -36.985  -36.566  40.049 0.0000000000
65985  -30.263  -34.128  38.603 0.0000000000
67143  -29.312  -32.595  39.793 0.0000000000
65967  -29.535  -33.214  39.160 0.0000000000
64880  -30.424  -34.734  37.448 0.0000000000
63789  -30.797  -35.136  37.148 0.0000000000
63790  -31.327  -35.353  36.715 0.0000000000
68343  -27.726  -31.678  38.566 0.0000000000
67184  -28.138  -32.482  37.618 0.0000000000
64891  -29.809  -34.108  36.904 0.0000000000
62688  -33.483  -36.174  36.405 0.0000000000
63783  -34.655  -35.379  36.969 0.0000000000
64895  -33.227  -34.648  36.556 0.0000000000
64896  -33.844  -34.730  36.786 0.0000000000
63784  -35.366  -35.367  37.458 0.0000000000
63760  -36.283  -35.063  38.970 0.0000000000
64855  -35.939  -34.566  39.157 0.0000000000
67186  -32.370  -32.451  37.516 0.0000000000
69575  -30.675  -30.918  36.161 0.0000000000
70701  -30.833  -30.656  36.010 0.0000000000
66050  -36.318  -33.443  34.353 0.0000000000
67236  -34.445  -32.826  34.158 0.0000000000
67237  -35.755  -33.275  34.133 0.0000000000
67238  -36.610  -33.288  33.885 0.0000000000
69623  -31.685  -30.279  33.018 0.0000000000
69639  -32.378  -30.575  32.547 0.0000000000
68465  -34.713  -31.372  31.706 0.0000000000
68466  -35.366  -31.418  31.626 0.0000000000
70748  -34.113  -28.400  32.134 0.0000000000
48916  -19.123  -49.079  43.290 0.0000000000
47730  -21.535  -50.174  43.974 0.0000000000
46676  -21.388  -50.538  44.667 0.0000000000
46645  -21.649  -50.852  46.286 0.0000000000
47713  -23.984  -50.131  44.625 0.0000000000
46665  -23.987  -50.468  45.121 0.0000000000
45564  -25.266  -51.297  46.612 0.0000000000
46647  -23.701  -50.882  45.998 0.0000000000
46629  -23.564  -51.249  46.826 0.0000000000
55582  -25.185  -42.570  43.049 0.0000000000
54433  -25.860  -44.122  43.819 0.0000000000
48829  -6.309  -48.693  48.634 0.0000000000
48851  -9.177  -47.897  47.231 0.0000000000
46604  -9.360  -50.344  48.501 0.0000000000
47666  -12.874  -49.660  48.608 0.0000000000
47644  -12.371  -50.180  49.072 0.0000000000
46583  -9.893  -50.929  49.232 0.0000000000
86351  -45.721  -14.896  24.614 0.0000000000
36800  -0.108  -58.199  52.253 0.0000000000
36799  0.660  -58.830  52.479 0.0000000000
36819  0.624  -58.120  51.830 0.0000000000
38087  0.322  -57.332  51.774 0.0000000000
40542  0.912  -55.737  52.980 0.0000000000
39330  2.401  -56.083  52.339 0.0000000000
40541  2.022  -55.746  53.061 0.0000000000
36801  -0.675  -57.808  52.397 0.0000000000
38075  1.705  -56.941  52.186 0.0000000000
38089  -0.867  -57.297  51.839 0.0000000000
39334  -2.225  -56.324  52.580 0.0000000000
40563  -2.658  -55.363  51.841 0.0000000000
43078  -2.119  -53.391  51.510 0.0000000000
46642  -18.857  -50.372  47.001 0.0000000000
46679  -23.702  -50.225  44.603 0.0000000000
47667  -13.404  -49.594  48.804 0.0000000000
47709  -18.185  -49.602  45.614 0.0000000000
47767  -23.028  -49.100  42.514 0.0000000000
47768  -23.508  -48.866  42.535 0.0000000000
48832  -12.094  -49.220  47.837 0.0000000000
48884  -18.180  -49.411  45.193 0.0000000000
48902  -25.036  -48.643  43.249 0.0000000000
48917  -23.850  -48.647  42.478 0.0000000000
48918  -24.492  -48.508  42.734 0.0000000000
48933  -20.520  -48.805  42.186 0.0000000000
50051  -18.278  -48.150  43.136 0.0000000000
50053  -26.205  -47.303  43.504 0.0000000000
50063  -18.049  -47.548  42.950 0.0000000000
50110  -22.056  -47.287  41.017 0.0000000000
51151  -25.732  -46.394  42.430 0.0000000000
51152  -26.001  -46.427  42.949 0.0000000000
51184  -21.862  -47.062  40.991 0.0000000000
51186  -23.027  -46.791  40.853 0.0000000000
51187  -23.704  -46.719  40.915 0.0000000000
52228  -15.522  -45.135  44.140 0.0000000000
52244  -26.403  -45.707  43.684 0.0000000000
52250  -17.755  -46.529  42.888 0.0000000000
52256  -26.089  -45.960  42.971 0.0000000000
53251  -11.020  -44.615  48.043 0.0000000000
53295  -16.114  -44.247  43.883 0.0000000000
53297  -18.191  -44.576  44.071 0.0000000000
53305  -15.909  -44.689  43.876 0.0000000000
53306  -16.469  -44.611  43.647 0.0000000000
54384  -12.872  -43.726  46.744 0.0000000000
54428  -16.520  -44.098  43.798 0.0000000000
54432  -25.661  -43.573  43.575 0.0000000000
55581  -22.088  -41.982  44.174 0.0000000000
55592  -22.133  -42.027  43.316 0.0000000000
55593  -24.178  -41.958  41.559 0.0000000000
55607  -23.772  -42.236  41.425 0.0000000000
56670  -24.692  -41.785  42.830 0.0000000000
56682  -23.415  -41.219  41.737 0.0000000000
57850  -24.121  -40.581  43.258 0.0000000000
57852  -28.243  -40.155  43.119 0.0000000000
57861  -22.269  -40.433  42.285 0.0000000000
57864  -27.630  -39.778  42.483 0.0000000000
57867  -35.323  -41.198  42.172 0.0000000000
57875  -22.541  -40.986  41.771 0.0000000000
57890  -27.665  -39.787  41.213 0.0000000000
57939  -34.770  -39.851  38.953 0.0000000000
59054  -21.083  -39.301  45.116 0.0000000000
59068  -21.193  -39.009  44.002 0.0000000000
59084  -21.311  -39.102  43.803 0.0000000000
59085  -21.439  -39.316  43.484 0.0000000000
59133  -26.727  -38.968  41.187 0.0000000000
59169  -36.192  -38.915  39.788 0.0000000000
59188  -34.488  -38.923  37.983 0.0000000000
60233  -21.136  -38.361  44.115 0.0000000000
60246  -21.372  -38.968  43.620 0.0000000000
60335  -36.178  -38.423  39.240 0.0000000000
61464  -24.650  -36.846  41.351 0.0000000000
61466  -27.765  -37.273  40.931 0.0000000000
61467  -28.305  -37.563  41.372 0.0000000000
61480  -27.518  -37.620  40.633 0.0000000000
62536  -21.550  -37.011  47.512 0.0000000000
62552  -22.986  -35.510  46.884 0.0000000000
62620  -24.310  -35.972  41.554 0.0000000000
62623  -26.828  -36.513  40.983 0.0000000000
62629  -38.358  -36.621  42.071 0.0000000000
62637  -26.410  -37.221  40.637 0.0000000000
62682  -35.459  -36.212  37.239 0.0000000000
62686  -31.884  -35.814  36.572 0.0000000000
63668  -22.889  -35.424  45.696 0.0000000000
63669  -23.537  -35.427  45.513 0.0000000000
63682  -24.274  -35.547  44.313 0.0000000000
63684  -25.737  -35.933  43.635 0.0000000000
64856  -36.342  -34.668  39.709 0.0000000000
64870  -30.718  -34.752  38.230 0.0000000000
64871  -31.133  -34.785  38.694 0.0000000000
64873  -35.512  -34.612  38.237 0.0000000000
64881  -33.672  -34.335  36.979 0.0000000000
66004  -34.213  -33.783  38.013 0.0000000000
66053  -38.308  -33.741  34.847 0.0000000000
67163  -27.943  -32.058  38.544 0.0000000000
67240  -38.220  -33.402  34.179 0.0000000000
67258  -38.676  -33.119  33.821 0.0000000000
67272  -34.697  -32.141  32.369 0.0000000000
67274  -36.065  -32.612  32.646 0.0000000000
68363  -27.962  -31.876  37.014 0.0000000000
68429  -33.262  -32.093  33.456 0.0000000000
70789  -39.870  -29.598  31.051 0.0000000000
71908  -32.820  -28.699  32.602 0.0000000000
73021  -29.859  -27.668  33.883 0.0000000000
74136  -29.705  -26.777  34.292 0.0000000000
74139  -32.624  -25.831  33.543 0.0000000000
75291  -29.800  -25.844  34.962 0.0000000000
77675  -36.946  -22.941  30.184 0.0000000000
77685  -36.943  -23.624  29.972 0.0000000000
78828  -36.510  -22.911  30.876 0.0000000000
78831  -42.112  -22.313  29.691 0.0000000000
79891  -36.568  -22.649  31.285 0.0000000000
83110  -44.349  -17.783  25.928 0.0000000000
