#!ascii label  , from subject mmSR20151113 vox2ras=TkReg
1982
53263  -40.814  -44.146  47.234 0.0000000000
35656  -32.047  -59.092  51.836 0.0000000000
54553  -51.921  -43.904  32.596 0.0000000000
54539  -38.174  -43.365  34.476 0.0000000000
62615  -44.074  -36.102  42.438 0.0000000000
46545  -38.455  -50.672  51.657 0.0000000000
43168  -34.867  -53.692  42.819 0.0000000000
51171  -35.319  -46.014  41.486 0.0000000000
39317  -21.419  -56.963  54.780 0.0000000000
61528  -49.613  -37.377  36.819 0.0000000000
42002  -24.409  -53.686  42.377 0.0000000000
52264  -40.852  -45.637  40.369 0.0000000000
56745  -40.164  -41.295  39.882 0.0000000000
57824  -43.618  -40.426  46.595 0.0000000000
49948  -41.908  -48.503  49.762 0.0000000000
47702  -39.791  -49.373  46.496 0.0000000000
48977  -39.999  -48.589  40.043 0.0000000000
51274  -36.734  -46.198  36.050 0.0000000000
64910  -52.393  -34.722  34.085 0.0000000000
36812  -26.628  -59.331  52.356 0.0000000000
40643  -22.719  -55.845  46.733 0.0000000000
40626  -27.605  -55.900  47.025 0.0000000000
55649  -46.856  -42.318  38.985 0.0000000000
43120  -33.628  -53.681  49.512 0.0000000000
39447  -34.305  -56.754  46.451 0.0000000000
41915  -38.308  -54.705  47.113 0.0000000000
47752  -34.206  -49.853  44.004 0.0000000000
40472  -17.576  -55.458  56.511 0.0000000000
67092  -47.512  -32.143  45.582 0.0000000000
54445  -49.857  -43.275  42.432 0.0000000000
59151  -51.773  -38.653  41.132 0.0000000000
54481  -54.526  -44.222  39.335 0.0000000000
56807  -56.073  -41.466  34.949 0.0000000000
41887  -18.824  -54.813  48.861 0.0000000000
43166  -30.633  -53.589  43.483 0.0000000000
53314  -42.744  -45.490  44.039 0.0000000000
54422  -41.816  -43.048  44.424 0.0000000000
55536  -42.988  -42.317  47.291 0.0000000000
51061  -40.252  -46.625  48.689 0.0000000000
47741  -43.776  -49.450  44.167 0.0000000000
51142  -43.282  -47.396  43.437 0.0000000000
50132  -41.528  -47.750  39.250 0.0000000000
51369  -49.569  -46.613  28.618 0.0000000000
51335  -51.222  -46.317  30.100 0.0000000000
35670  -29.068  -59.527  51.690 0.0000000000
38132  -27.470  -57.909  49.531 0.0000000000
38135  -29.995  -58.466  49.298 0.0000000000
58007  -39.296  -41.111  33.547 0.0000000000
60296  -41.844  -38.840  41.559 0.0000000000
57950  -42.370  -40.466  37.770 0.0000000000
59146  -43.855  -39.050  39.930 0.0000000000
56799  -46.447  -41.537  35.884 0.0000000000
60319  -45.651  -38.686  39.906 0.0000000000
45500  -35.622  -51.618  49.806 0.0000000000
39368  -38.058  -56.215  49.611 0.0000000000
40588  -40.526  -54.968  49.898 0.0000000000
50058  -37.517  -47.025  43.529 0.0000000000
47719  -36.617  -48.743  46.042 0.0000000000
50055  -34.722  -47.372  43.908 0.0000000000
52382  -37.602  -45.400  34.774 0.0000000000
62616  -49.191  -36.638  42.550 0.0000000000
56751  -52.313  -41.863  40.035 0.0000000000
56775  -52.243  -41.230  38.176 0.0000000000
55664  -54.747  -43.048  37.296 0.0000000000
59198  -51.968  -39.615  35.667 0.0000000000
62708  -54.932  -36.866  34.345 0.0000000000
39293  -20.037  -56.209  55.976 0.0000000000
41790  -17.698  -54.914  53.459 0.0000000000
40568  -19.481  -55.373  51.443 0.0000000000
40696  -23.190  -55.160  44.915 0.0000000000
41945  -20.555  -55.066  44.364 0.0000000000
41999  -21.868  -54.446  42.385 0.0000000000
41933  -34.495  -54.635  44.980 0.0000000000
41930  -31.832  -54.878  45.412 0.0000000000
41980  -32.864  -54.258  43.551 0.0000000000
52346  -39.960  -45.302  36.797 0.0000000000
55679  -40.021  -42.906  35.899 0.0000000000
54453  -39.798  -43.459  41.091 0.0000000000
57857  -41.239  -40.746  43.633 0.0000000000
61418  -43.677  -37.665  44.672 0.0000000000
46549  -42.095  -50.474  50.806 0.0000000000
44332  -42.338  -52.711  49.172 0.0000000000
45570  -43.897  -51.216  46.159 0.0000000000
48923  -40.509  -49.171  43.438 0.0000000000
50116  -37.796  -47.350  40.408 0.0000000000
51231  -36.203  -46.620  38.471 0.0000000000
50148  -38.584  -47.469  37.822 0.0000000000
50157  -39.414  -47.080  36.966 0.0000000000
63801  -49.751  -35.399  34.608 0.0000000000
69599  -51.620  -30.462  35.283 0.0000000000
38081  -23.920  -58.431  52.646 0.0000000000
39360  -21.710  -56.600  50.290 0.0000000000
38129  -24.295  -57.331  49.532 0.0000000000
40624  -25.734  -55.938  47.021 0.0000000000
41925  -26.360  -54.584  44.970 0.0000000000
56816  -41.302  -41.110  34.715 0.0000000000
58016  -48.700  -40.147  33.699 0.0000000000
56804  -50.455  -41.872  35.306 0.0000000000
39363  -33.054  -56.479  50.319 0.0000000000
35713  -33.203  -59.423  48.918 0.0000000000
35705  -36.359  -59.045  49.128 0.0000000000
39450  -37.089  -56.316  46.783 0.0000000000
41935  -36.243  -53.969  45.296 0.0000000000
46617  -38.860  -51.617  48.173 0.0000000000
45567  -36.624  -51.664  46.464 0.0000000000
45585  -35.112  -51.909  42.937 0.0000000000
57773  -41.736  -40.479  50.203 0.0000000000
40556  -32.157  -55.278  52.658 0.0000000000
47634  -32.510  -48.817  50.111 0.0000000000
48780  -35.427  -48.101  51.470 0.0000000000
57789  -44.817  -39.522  49.110 0.0000000000
62547  -45.280  -36.616  47.942 0.0000000000
64779  -44.365  -34.410  46.400 0.0000000000
68225  -45.059  -31.410  47.088 0.0000000000
65936  -45.731  -33.585  43.893 0.0000000000
61491  -48.133  -37.693  40.693 0.0000000000
55623  -48.240  -42.834  40.874 0.0000000000
53379  -51.029  -44.246  37.997 0.0000000000
56713  -51.471  -41.276  42.481 0.0000000000
51197  -53.406  -46.831  40.271 0.0000000000
52366  -53.892  -45.609  35.628 0.0000000000
52400  -54.751  -45.639  33.792 0.0000000000
61534  -53.531  -37.569  34.927 0.0000000000
41769  -15.520  -54.809  54.053 0.0000000000
41906  -16.784  -54.303  46.522 0.0000000000
40619  -20.310  -55.459  47.390 0.0000000000
41920  -18.335  -54.543  45.375 0.0000000000
40630  -31.219  -56.468  46.987 0.0000000000
41927  -28.765  -54.165  45.188 0.0000000000
43163  -27.736  -52.967  43.147 0.0000000000
43213  -29.422  -53.730  40.737 0.0000000000
53289  -42.309  -44.505  45.941 0.0000000000
53290  -42.557  -44.134  45.706 0.0000000000
54380  -42.024  -43.329  47.058 0.0000000000
52194  -40.066  -45.481  47.393 0.0000000000
50015  -41.968  -47.269  45.952 0.0000000000
51109  -42.458  -46.374  45.262 0.0000000000
52247  -42.942  -46.412  43.764 0.0000000000
55730  -50.915  -42.785  31.683 0.0000000000
52446  -50.089  -45.429  30.436 0.0000000000
51351  -50.367  -46.410  29.408 0.0000000000
51314  -50.893  -45.974  31.000 0.0000000000
35671  -30.208  -59.608  51.226 0.0000000000
36852  -29.964  -59.273  50.335 0.0000000000
35684  -31.067  -59.611  50.356 0.0000000000
55702  -37.565  -42.314  33.654 0.0000000000
55704  -39.139  -42.558  34.585 0.0000000000
61459  -42.907  -37.535  42.060 0.0000000000
60315  -42.741  -38.635  40.606 0.0000000000
61486  -43.718  -37.740  40.510 0.0000000000
60318  -44.638  -38.521  39.971 0.0000000000
62631  -44.466  -36.172  41.258 0.0000000000
46571  -37.226  -51.096  50.999 0.0000000000
43088  -37.901  -53.260  51.120 0.0000000000
43090  -39.532  -53.360  51.385 0.0000000000
51156  -36.299  -46.369  42.612 0.0000000000
50056  -35.679  -47.070  44.005 0.0000000000
51155  -35.440  -46.231  42.476 0.0000000000
51153  -33.614  -46.431  42.147 0.0000000000
53406  -37.900  -44.350  34.601 0.0000000000
52397  -37.234  -44.799  34.155 0.0000000000
53423  -37.297  -44.309  34.124 0.0000000000
57944  -51.091  -39.631  38.429 0.0000000000
59190  -51.028  -39.893  37.408 0.0000000000
57963  -52.014  -40.483  36.594 0.0000000000
60361  -50.376  -38.563  35.790 0.0000000000
39307  -20.615  -56.377  55.263 0.0000000000
40532  -19.749  -55.447  53.515 0.0000000000
39326  -21.001  -56.352  53.151 0.0000000000
41976  -23.526  -54.226  43.247 0.0000000000
41975  -22.577  -54.488  43.271 0.0000000000
42000  -22.781  -54.229  42.326 0.0000000000
42024  -22.750  -54.699  40.838 0.0000000000
42014  -23.931  -54.028  41.323 0.0000000000
41958  -34.560  -53.791  44.010 0.0000000000
41957  -33.643  -54.301  44.234 0.0000000000
41982  -34.312  -54.029  42.852 0.0000000000
52316  -40.596  -45.991  37.886 0.0000000000
53352  -39.893  -44.495  38.936 0.0000000000
53328  -40.268  -44.512  41.110 0.0000000000
56651  -42.827  -41.483  45.764 0.0000000000
56663  -42.019  -41.667  44.726 0.0000000000
57846  -42.285  -40.704  44.911 0.0000000000
59081  -42.257  -39.712  44.428 0.0000000000
59066  -43.825  -38.944  46.049 0.0000000000
48784  -42.362  -49.342  50.159 0.0000000000
46573  -43.756  -50.776  49.196 0.0000000000
47657  -43.997  -50.045  48.520 0.0000000000
47786  -42.149  -49.159  41.471 0.0000000000
47754  -41.896  -49.902  43.362 0.0000000000
48963  -40.475  -49.070  41.561 0.0000000000
50095  -39.195  -48.123  41.788 0.0000000000
50118  -39.119  -48.282  40.727 0.0000000000
50130  -38.138  -47.654  39.727 0.0000000000
50131  -39.066  -48.184  39.569 0.0000000000
51218  -41.500  -47.100  39.248 0.0000000000
50150  -40.472  -47.285  37.761 0.0000000000
51251  -40.776  -46.800  37.864 0.0000000000
51265  -39.561  -46.463  36.676 0.0000000000
38082  -24.696  -58.689  52.376 0.0000000000
38096  -23.771  -57.966  51.364 0.0000000000
38098  -25.690  -58.641  51.310 0.0000000000
39403  -27.579  -56.932  48.269 0.0000000000
39402  -26.587  -56.870  48.248 0.0000000000
40625  -26.608  -55.907  46.972 0.0000000000
40646  -25.952  -55.549  46.346 0.0000000000
40647  -27.055  -55.325  46.167 0.0000000000
55658  -39.829  -42.438  37.424 0.0000000000
56794  -40.446  -41.850  35.959 0.0000000000
56782  -40.386  -41.438  36.902 0.0000000000
57971  -43.454  -40.508  35.503 0.0000000000
57987  -42.631  -40.624  34.827 0.0000000000
58011  -43.762  -40.421  33.695 0.0000000000
56763  -46.187  -41.896  38.361 0.0000000000
56821  -47.265  -41.294  35.048 0.0000000000
55680  -47.782  -41.886  36.062 0.0000000000
56824  -50.069  -41.177  34.625 0.0000000000
55671  -48.701  -42.515  36.713 0.0000000000
41873  -33.209  -54.568  49.738 0.0000000000
38115  -34.220  -57.654  49.948 0.0000000000
39365  -34.803  -56.514  49.850 0.0000000000
40611  -39.065  -55.927  48.277 0.0000000000
38162  -37.851  -57.183  48.172 0.0000000000
40657  -37.944  -55.482  46.932 0.0000000000
40681  -36.651  -54.570  45.865 0.0000000000
43144  -37.246  -53.836  46.189 0.0000000000
45559  -41.794  -51.484  47.883 0.0000000000
45541  -40.478  -51.948  48.553 0.0000000000
46636  -39.531  -50.548  47.852 0.0000000000
47737  -35.222  -49.318  45.246 0.0000000000
46652  -36.096  -49.904  46.209 0.0000000000
46681  -35.060  -50.322  44.856 0.0000000000
45581  -35.829  -52.011  44.649 0.0000000000
51262  -36.544  -46.522  36.859 0.0000000000
49943  -33.218  -47.622  50.982 0.0000000000
48740  -38.895  -48.336  52.699 0.0000000000
57787  -43.507  -39.841  49.518 0.0000000000
62521  -45.364  -36.700  49.476 0.0000000000
64764  -45.312  -35.145  48.781 0.0000000000
62560  -44.781  -36.289  46.921 0.0000000000
65894  -44.553  -33.587  47.969 0.0000000000
68237  -45.838  -31.677  46.231 0.0000000000
67090  -45.520  -32.425  45.621 0.0000000000
65923  -46.413  -33.061  44.417 0.0000000000
64824  -46.870  -34.251  42.654 0.0000000000
64825  -47.881  -34.742  42.624 0.0000000000
59126  -49.565  -39.689  42.070 0.0000000000
59125  -48.918  -40.327  41.494 0.0000000000
55615  -49.113  -42.708  41.844 0.0000000000
54493  -50.035  -44.054  38.548 0.0000000000
53355  -50.627  -45.295  39.923 0.0000000000
59127  -51.752  -39.137  42.035 0.0000000000
55639  -53.376  -43.168  39.548 0.0000000000
54465  -52.735  -44.018  40.860 0.0000000000
52283  -54.595  -45.968  39.926 0.0000000000
52332  -53.796  -46.097  37.750 0.0000000000
51267  -54.888  -46.426  37.174 0.0000000000
52386  -54.529  -46.030  34.848 0.0000000000
52349  -55.951  -46.106  36.264 0.0000000000
56791  -55.197  -42.096  35.931 0.0000000000
54525  -56.401  -43.786  35.219 0.0000000000
55695  -56.490  -42.697  34.439 0.0000000000
64909  -51.337  -34.682  34.038 0.0000000000
61543  -51.674  -37.153  34.629 0.0000000000
62704  -52.297  -36.307  34.546 0.0000000000
41850  -18.144  -54.888  50.775 0.0000000000
41807  -16.695  -54.727  52.432 0.0000000000
41869  -16.992  -54.453  49.590 0.0000000000
41885  -16.669  -54.328  48.544 0.0000000000
41898  -17.361  -54.327  47.538 0.0000000000
40610  -22.101  -56.312  48.435 0.0000000000
40609  -21.517  -56.151  48.665 0.0000000000
40642  -21.721  -55.729  46.765 0.0000000000
41944  -19.586  -54.833  44.293 0.0000000000
39488  -18.664  -56.324  41.594 0.0000000000
38177  -33.745  -58.033  47.392 0.0000000000
38175  -31.863  -57.987  47.914 0.0000000000
39445  -32.279  -56.591  46.746 0.0000000000
43151  -31.066  -54.017  44.372 0.0000000000
41929  -30.912  -54.543  45.397 0.0000000000
43140  -29.645  -53.882  44.867 0.0000000000
41953  -28.416  -53.694  44.556 0.0000000000
43165  -29.604  -53.211  43.405 0.0000000000
43201  -27.785  -53.075  41.034 0.0000000000
52245  -41.874  -45.401  42.967 0.0000000000
53322  -41.086  -44.732  42.370 0.0000000000
53300  -42.299  -44.229  44.453 0.0000000000
54424  -42.650  -43.200  45.517 0.0000000000
56639  -43.573  -41.205  46.851 0.0000000000
49960  -41.514  -47.996  49.286 0.0000000000
48867  -43.830  -49.160  47.033 0.0000000000
48877  -43.295  -48.645  46.171 0.0000000000
50061  -43.619  -48.313  43.530 0.0000000000
48979  -42.028  -48.796  40.744 0.0000000000
48986  -40.829  -48.446  39.492 0.0000000000
50119  -42.390  -47.798  40.636 0.0000000000
52266  -42.112  -46.725  41.537 0.0000000000
53503  -51.752  -45.401  29.268 0.0000000000
35669  -28.083  -59.464  51.903 0.0000000000
36849  -26.824  -58.759  50.892 0.0000000000
36850  -27.797  -58.767  50.523 0.0000000000
38133  -28.491  -58.177  49.570 0.0000000000
39405  -29.430  -57.236  48.259 0.0000000000
59142  -41.067  -39.831  40.824 0.0000000000
56760  -40.981  -40.827  38.687 0.0000000000
57898  -41.972  -39.805  39.914 0.0000000000
57942  -43.363  -40.511  38.423 0.0000000000
57952  -44.216  -40.683  37.276 0.0000000000
56819  -45.722  -41.160  35.244 0.0000000000
56772  -44.958  -41.057  37.993 0.0000000000
56748  -45.610  -41.235  39.312 0.0000000000
56725  -46.471  -41.480  39.803 0.0000000000
44317  -34.977  -52.429  49.633 0.0000000000
41856  -35.539  -54.236  50.118 0.0000000000
43109  -36.198  -53.496  50.391 0.0000000000
40586  -38.899  -55.623  49.959 0.0000000000
41889  -39.668  -54.593  48.544 0.0000000000
50030  -38.505  -48.082  45.276 0.0000000000
48874  -38.094  -48.767  46.462 0.0000000000
50027  -36.552  -47.663  45.073 0.0000000000
48906  -34.952  -48.253  44.654 0.0000000000
48920  -34.055  -48.258  44.010 0.0000000000
47770  -33.228  -49.239  43.101 0.0000000000
50069  -33.433  -47.183  42.902 0.0000000000
51284  -37.001  -46.074  35.374 0.0000000000
52381  -36.651  -45.785  34.716 0.0000000000
67079  -48.142  -32.031  45.796 0.0000000000
65939  -48.619  -34.012  43.912 0.0000000000
64798  -49.164  -34.125  44.181 0.0000000000
62617  -49.799  -36.893  43.130 0.0000000000
59111  -50.133  -40.291  42.545 0.0000000000
59171  -51.550  -38.941  39.978 0.0000000000
56750  -51.955  -40.812  40.241 0.0000000000
59183  -51.461  -39.488  39.438 0.0000000000
56764  -51.977  -41.098  39.027 0.0000000000
56766  -53.183  -42.247  38.431 0.0000000000
55654  -54.357  -43.257  38.292 0.0000000000
56777  -53.619  -42.181  37.643 0.0000000000
57965  -53.585  -41.107  36.095 0.0000000000
57975  -54.103  -40.375  35.419 0.0000000000
64923  -53.609  -33.921  33.807 0.0000000000
63805  -53.787  -35.504  34.448 0.0000000000
63807  -54.788  -35.714  34.227 0.0000000000
40452  -18.999  -56.110  57.009 0.0000000000
40510  -17.453  -55.088  54.818 0.0000000000
40512  -19.021  -55.218  54.358 0.0000000000
40550  -18.979  -55.146  52.248 0.0000000000
41871  -18.905  -55.017  49.960 0.0000000000
40670  -23.043  -55.587  45.797 0.0000000000
40669  -22.056  -55.599  45.872 0.0000000000
41946  -21.509  -55.055  44.203 0.0000000000
41973  -20.761  -54.762  43.366 0.0000000000
42010  -20.537  -54.842  41.706 0.0000000000
39490  -20.277  -56.208  40.945 0.0000000000
40728  -21.496  -54.958  40.943 0.0000000000
39462  -34.393  -56.069  46.065 0.0000000000
40653  -33.162  -55.934  46.134 0.0000000000
41932  -33.607  -54.922  44.980 0.0000000000
41956  -32.809  -54.508  44.409 0.0000000000
42003  -32.069  -54.149  42.998 0.0000000000
53408  -39.109  -44.338  35.501 0.0000000000
54531  -39.593  -43.707  35.685 0.0000000000
53387  -39.829  -44.515  36.519 0.0000000000
54489  -39.628  -43.577  38.436 0.0000000000
55634  -39.587  -42.394  39.849 0.0000000000
54443  -40.752  -43.561  42.777 0.0000000000
56692  -40.502  -41.745  42.672 0.0000000000
57869  -40.529  -40.948  42.335 0.0000000000
59110  -41.166  -39.620  42.320 0.0000000000
60261  -43.005  -37.951  43.705 0.0000000000
62585  -43.757  -36.637  43.729 0.0000000000
45457  -39.643  -50.528  51.748 0.0000000000
44282  -40.740  -52.362  51.317 0.0000000000
45503  -42.581  -52.246  50.289 0.0000000000
45544  -43.478  -51.656  48.090 0.0000000000
46656  -41.761  -50.714  46.286 0.0000000000
46672  -43.733  -50.714  45.360 0.0000000000
46682  -42.289  -50.609  44.899 0.0000000000
48892  -40.149  -49.063  45.092 0.0000000000
50060  -39.233  -48.080  43.828 0.0000000000
50071  -37.793  -46.991  42.235 0.0000000000
51194  -37.148  -46.774  40.738 0.0000000000
51216  -36.214  -46.405  39.472 0.0000000000
51217  -36.972  -46.860  39.771 0.0000000000
50147  -37.812  -47.320  38.442 0.0000000000
51248  -38.214  -47.105  37.094 0.0000000000
48993  -40.212  -48.104  38.536 0.0000000000
50156  -38.941  -47.288  37.112 0.0000000000
51264  -38.610  -46.801  36.551 0.0000000000
51276  -38.612  -46.214  35.991 0.0000000000
52363  -38.548  -45.546  35.540 0.0000000000
62694  -49.103  -35.647  35.608 0.0000000000
66047  -49.118  -33.740  35.485 0.0000000000
67246  -50.115  -32.466  34.451 0.0000000000
68437  -51.307  -31.541  33.769 0.0000000000
67261  -52.783  -32.379  33.344 0.0000000000
67262  -53.754  -32.546  33.245 0.0000000000
38070  -22.925  -57.915  53.419 0.0000000000
39339  -21.753  -56.980  52.421 0.0000000000
39353  -22.302  -57.267  51.600 0.0000000000
39379  -23.200  -57.065  49.694 0.0000000000
39418  -23.111  -56.505  48.191 0.0000000000
38130  -25.391  -57.647  49.676 0.0000000000
39400  -24.661  -56.804  48.354 0.0000000000
40644  -23.857  -55.875  46.733 0.0000000000
40671  -24.117  -55.393  45.648 0.0000000000
41923  -24.616  -55.011  45.042 0.0000000000
41950  -25.597  -54.002  43.984 0.0000000000
56814  -39.823  -42.273  34.745 0.0000000000
58008  -40.319  -40.974  33.695 0.0000000000
57969  -41.598  -40.629  36.187 0.0000000000
56851  -50.897  -41.296  32.667 0.0000000000
56840  -51.582  -41.753  33.948 0.0000000000
36837  -32.706  -58.555  51.208 0.0000000000
35701  -32.864  -59.544  49.577 0.0000000000
35702  -33.990  -59.399  49.667 0.0000000000
36891  -34.561  -59.301  48.436 0.0000000000
38178  -34.702  -58.084  47.339 0.0000000000
38138  -36.753  -57.753  49.244 0.0000000000
38180  -36.824  -58.118  47.811 0.0000000000
38194  -35.599  -57.229  46.828 0.0000000000
40679  -35.382  -55.296  45.714 0.0000000000
41934  -35.400  -54.298  45.122 0.0000000000
41959  -35.525  -53.616  44.557 0.0000000000
41877  -41.501  -54.152  50.072 0.0000000000
43128  -40.613  -53.910  49.149 0.0000000000
44339  -38.459  -52.767  47.898 0.0000000000
47686  -37.893  -50.162  47.384 0.0000000000
45556  -37.172  -51.821  47.137 0.0000000000
44342  -37.369  -52.747  46.891 0.0000000000
44344  -36.576  -52.508  45.813 0.0000000000
44347  -35.744  -52.324  44.266 0.0000000000
51229  -35.016  -46.118  37.947 0.0000000000
54343  -39.845  -43.409  49.096 0.0000000000
56602  -40.917  -41.984  49.046 0.0000000000
39281  -19.927  -56.537  57.205 0.0000000000
38051  -22.175  -57.573  55.641 0.0000000000
38062  -23.645  -58.435  54.842 0.0000000000
36793  -24.761  -59.065  53.940 0.0000000000
35652  -28.661  -59.530  52.610 0.0000000000
35634  -30.017  -59.202  52.926 0.0000000000
36814  -31.176  -58.946  52.564 0.0000000000
38084  -32.225  -57.686  51.936 0.0000000000
40570  -32.234  -55.454  51.636 0.0000000000
43107  -31.997  -53.717  50.783 0.0000000000
44314  -32.246  -52.543  49.597 0.0000000000
46568  -31.712  -50.473  50.826 0.0000000000
46594  -32.621  -50.495  49.253 0.0000000000
47653  -33.934  -49.495  49.256 0.0000000000
48822  -35.385  -49.174  50.081 0.0000000000
48802  -36.620  -49.525  51.174 0.0000000000
46525  -38.481  -49.964  51.930 0.0000000000
47611  -39.091  -49.201  52.355 0.0000000000
48763  -39.712  -48.456  52.201 0.0000000000
52182  -39.556  -45.025  49.085 0.0000000000
56604  -42.437  -41.070  48.886 0.0000000000
56618  -43.767  -40.824  48.372 0.0000000000
57811  -44.515  -40.117  47.877 0.0000000000
61347  -45.063  -37.384  49.831 0.0000000000
60168  -45.428  -38.421  48.891 0.0000000000
60199  -44.582  -38.873  47.293 0.0000000000
61402  -44.554  -37.397  46.377 0.0000000000
62574  -44.345  -36.428  45.636 0.0000000000
63687  -44.257  -35.441  44.951 0.0000000000
65901  -44.392  -33.455  46.907 0.0000000000
65921  -44.722  -33.710  44.991 0.0000000000
64808  -44.965  -34.385  43.365 0.0000000000
64833  -45.940  -34.911  41.763 0.0000000000
62646  -46.863  -36.757  40.333 0.0000000000
59149  -47.281  -39.865  40.357 0.0000000000
62634  -48.756  -36.906  41.711 0.0000000000
59150  -48.259  -40.010  40.850 0.0000000000
55637  -47.538  -42.643  39.696 0.0000000000
54501  -48.787  -43.298  38.359 0.0000000000
55674  -51.134  -43.075  36.451 0.0000000000
55694  -52.389  -42.951  35.133 0.0000000000
59112  -50.773  -39.864  42.809 0.0000000000
54447  -50.813  -43.359  42.621 0.0000000000
56729  -52.044  -41.820  40.928 0.0000000000
54459  -52.059  -44.046  41.654 0.0000000000
52267  -51.362  -45.709  41.397 0.0000000000
53372  -52.360  -45.722  38.661 0.0000000000
54515  -52.993  -44.638  36.745 0.0000000000
53424  -52.555  -44.911  33.491 0.0000000000
52409  -52.369  -45.477  32.740 0.0000000000
52410  -53.564  -45.573  32.749 0.0000000000
53487  -52.688  -44.913  30.221 0.0000000000
53391  -56.332  -44.831  36.127 0.0000000000
53444  -55.248  -44.692  32.669 0.0000000000
53505  -53.242  -44.010  29.843 0.0000000000
61532  -50.252  -37.687  35.133 0.0000000000
60363  -52.692  -38.417  35.044 0.0000000000
59201  -54.697  -39.438  35.120 0.0000000000
62696  -54.209  -36.941  34.789 0.0000000000
60366  -55.011  -38.582  34.961 0.0000000000
57996  -56.457  -40.490  34.285 0.0000000000
41789  -16.918  -54.848  53.307 0.0000000000
39351  -21.005  -56.308  51.004 0.0000000000
40592  -19.752  -55.273  49.168 0.0000000000
40607  -19.647  -55.118  48.069 0.0000000000
40667  -20.292  -55.278  45.841 0.0000000000
40666  -19.727  -55.054  46.140 0.0000000000
41899  -18.634  -54.671  47.570 0.0000000000
41907  -17.930  -54.432  46.463 0.0000000000
36888  -31.421  -58.772  48.853 0.0000000000
38173  -30.414  -57.534  48.132 0.0000000000
40628  -29.637  -56.132  47.185 0.0000000000
40675  -31.939  -55.405  46.033 0.0000000000
40650  -30.129  -55.576  46.614 0.0000000000
40649  -29.066  -55.456  46.596 0.0000000000
41926  -27.466  -54.614  45.365 0.0000000000
41951  -26.804  -53.990  44.444 0.0000000000
43161  -25.798  -53.319  43.039 0.0000000000
42004  -32.895  -54.390  42.540 0.0000000000
43190  -31.224  -53.807  42.605 0.0000000000
43189  -30.273  -53.335  42.577 0.0000000000
44368  -28.315  -52.718  42.262 0.0000000000
44366  -27.074  -52.772  42.109 0.0000000000
43185  -25.457  -53.252  42.060 0.0000000000
53279  -42.002  -44.281  46.456 0.0000000000
53264  -41.494  -43.921  46.983 0.0000000000
53277  -40.526  -44.841  47.048 0.0000000000
52208  -40.648  -45.492  46.738 0.0000000000
52209  -41.406  -45.359  46.217 0.0000000000
52222  -42.288  -45.330  45.563 0.0000000000
55731  -51.507  -43.085  32.216 0.0000000000
54572  -50.692  -43.846  31.362 0.0000000000
53462  -50.513  -44.874  31.089 0.0000000000
52425  -50.655  -45.678  30.925 0.0000000000
53463  -51.057  -44.694  31.688 0.0000000000
35672  -31.315  -59.590  51.311 0.0000000000
35683  -30.464  -59.531  50.531 0.0000000000
55703  -38.494  -42.677  34.365 0.0000000000
62614  -43.489  -36.886  41.975 0.0000000000
61473  -43.107  -37.687  41.191 0.0000000000
62630  -43.817  -37.074  40.913 0.0000000000
46544  -37.692  -50.637  51.400 0.0000000000
44279  -38.147  -52.512  51.290 0.0000000000
44280  -38.941  -52.454  51.482 0.0000000000
51172  -36.295  -46.260  41.613 0.0000000000
54538  -37.568  -43.540  34.145 0.0000000000
60356  -49.951  -38.022  37.383 0.0000000000
59189  -50.709  -39.377  37.812 0.0000000000
60357  -50.178  -38.760  37.037 0.0000000000
59193  -50.696  -39.390  36.739 0.0000000000
60360  -49.830  -38.104  36.524 0.0000000000
39316  -20.898  -56.379  54.198 0.0000000000
41977  -24.509  -53.851  43.170 0.0000000000
42001  -23.733  -53.927  42.250 0.0000000000
43183  -24.221  -53.743  41.868 0.0000000000
43153  -35.204  -53.405  43.746 0.0000000000
52277  -40.823  -45.775  39.353 0.0000000000
53353  -40.439  -45.282  38.939 0.0000000000
56664  -42.480  -41.379  45.269 0.0000000000
57836  -43.138  -40.528  45.990 0.0000000000
59065  -43.080  -39.615  45.408 0.0000000000
59051  -43.540  -39.789  46.203 0.0000000000
48803  -41.900  -48.770  50.136 0.0000000000
48785  -42.953  -49.622  49.721 0.0000000000
48804  -42.532  -49.053  49.661 0.0000000000
48978  -41.003  -48.946  40.610 0.0000000000
47785  -41.290  -49.325  41.723 0.0000000000
48962  -39.893  -48.735  41.108 0.0000000000
52278  -41.319  -46.385  39.760 0.0000000000
50151  -40.807  -47.022  37.932 0.0000000000
52300  -41.071  -46.376  38.875 0.0000000000
51233  -40.710  -46.487  37.857 0.0000000000
36831  -25.200  -58.852  52.324 0.0000000000
38097  -24.925  -58.505  51.597 0.0000000000
39423  -28.104  -56.468  47.676 0.0000000000
39422  -27.112  -56.414  47.620 0.0000000000
55635  -39.840  -41.921  39.149 0.0000000000
56759  -40.336  -41.377  38.893 0.0000000000
57972  -44.414  -40.719  35.399 0.0000000000
57988  -43.589  -40.587  34.636 0.0000000000
55659  -46.876  -42.186  37.892 0.0000000000
55669  -47.177  -42.113  37.084 0.0000000000
55670  -47.792  -42.202  36.668 0.0000000000
55681  -48.300  -42.012  36.129 0.0000000000
55660  -47.677  -42.563  37.684 0.0000000000
40596  -33.584  -55.388  49.809 0.0000000000
41874  -34.062  -54.652  49.713 0.0000000000
40631  -38.753  -55.645  47.703 0.0000000000
41914  -37.607  -54.569  46.507 0.0000000000
47689  -40.409  -50.001  46.940 0.0000000000
46637  -40.706  -50.676  47.605 0.0000000000
47688  -39.649  -49.887  47.274 0.0000000000
47736  -34.468  -49.360  44.481 0.0000000000
46680  -34.618  -50.369  44.128 0.0000000000
64763  -44.988  -34.653  48.334 0.0000000000
68251  -47.252  -31.688  46.011 0.0000000000
68238  -46.855  -31.364  46.333 0.0000000000
68250  -46.694  -31.789  45.852 0.0000000000
67091  -46.506  -32.193  45.396 0.0000000000
67103  -47.014  -32.611  44.938 0.0000000000
65947  -47.172  -33.829  43.233 0.0000000000
65938  -47.811  -33.689  43.744 0.0000000000
56693  -49.695  -42.339  42.417 0.0000000000
56712  -49.232  -41.802  41.982 0.0000000000
54456  -49.566  -43.633  41.918 0.0000000000
53337  -49.929  -44.571  41.417 0.0000000000
61476  -51.545  -37.385  41.674 0.0000000000
60301  -51.753  -38.154  41.932 0.0000000000
57905  -51.874  -39.838  41.061 0.0000000000
54480  -53.888  -43.941  39.747 0.0000000000
53357  -54.342  -44.754  39.823 0.0000000000
52304  -55.109  -46.017  39.199 0.0000000000
51238  -55.061  -46.394  38.361 0.0000000000
52322  -55.497  -45.894  38.225 0.0000000000
51268  -55.439  -46.317  36.765 0.0000000000
53374  -55.493  -45.006  38.423 0.0000000000
56805  -55.148  -41.374  35.478 0.0000000000
55686  -55.806  -42.173  35.492 0.0000000000
56826  -56.377  -41.600  34.461 0.0000000000
63803  -51.818  -35.495  34.307 0.0000000000
63804  -52.877  -35.486  34.385 0.0000000000
41870  -17.990  -54.702  49.742 0.0000000000
41886  -17.770  -54.501  48.640 0.0000000000
40621  -22.276  -56.145  47.774 0.0000000000
38192  -34.075  -57.431  46.881 0.0000000000
38191  -33.342  -57.460  46.997 0.0000000000
39446  -33.278  -56.706  46.540 0.0000000000
43141  -30.434  -54.061  44.908 0.0000000000
43150  -30.078  -53.611  44.269 0.0000000000
43149  -29.034  -53.450  44.331 0.0000000000
52246  -42.521  -45.872  43.384 0.0000000000
53313  -42.254  -44.704  43.868 0.0000000000
53301  -42.564  -44.595  44.745 0.0000000000
54397  -42.739  -43.147  46.511 0.0000000000
54411  -42.932  -42.983  46.109 0.0000000000
55565  -42.965  -42.137  46.024 0.0000000000
55550  -43.240  -42.119  46.828 0.0000000000
49973  -40.998  -47.377  48.282 0.0000000000
49998  -42.444  -48.347  47.711 0.0000000000
49997  -41.570  -47.558  47.137 0.0000000000
50033  -43.183  -47.759  44.881 0.0000000000
50075  -43.389  -47.963  42.669 0.0000000000
48965  -42.899  -48.548  41.750 0.0000000000
50097  -43.137  -48.076  42.029 0.0000000000
48988  -42.194  -48.204  40.338 0.0000000000
51159  -43.077  -47.394  42.647 0.0000000000
52233  -42.854  -45.945  44.452 0.0000000000
51141  -42.818  -46.781  42.979 0.0000000000
52258  -42.281  -46.348  42.512 0.0000000000
51350  -49.589  -46.146  29.530 0.0000000000
51352  -50.955  -46.326  29.214 0.0000000000
52463  -51.590  -45.988  29.673 0.0000000000
36834  -27.505  -59.147  51.318 0.0000000000
36835  -28.427  -59.255  51.082 0.0000000000
36869  -29.672  -58.722  49.737 0.0000000000
36868  -29.107  -58.495  49.705 0.0000000000
38134  -29.418  -58.230  49.295 0.0000000000
38157  -29.033  -57.653  48.836 0.0000000000
58006  -38.816  -41.101  33.449 0.0000000000
59123  -41.372  -39.349  41.388 0.0000000000
57897  -41.231  -40.090  40.198 0.0000000000
59124  -41.863  -39.019  40.995 0.0000000000
59145  -43.028  -38.962  40.188 0.0000000000
57899  -42.989  -39.606  39.715 0.0000000000
57926  -43.301  -40.253  39.124 0.0000000000
57943  -44.230  -40.746  38.222 0.0000000000
57927  -44.480  -40.696  39.080 0.0000000000
61488  -45.136  -37.676  40.001 0.0000000000
59147  -44.986  -39.496  39.832 0.0000000000
57901  -45.519  -40.663  39.633 0.0000000000
56724  -45.882  -41.157  39.586 0.0000000000
59148  -46.145  -39.765  39.992 0.0000000000
45525  -34.931  -51.390  49.358 0.0000000000
43108  -35.450  -53.287  50.039 0.0000000000
44298  -35.884  -52.544  50.134 0.0000000000
41835  -39.099  -54.213  51.131 0.0000000000
41859  -38.515  -54.895  50.605 0.0000000000
40587  -39.976  -55.277  49.996 0.0000000000
40600  -39.396  -55.653  49.350 0.0000000000
40601  -40.176  -55.135  49.541 0.0000000000
50043  -37.781  -47.484  44.539 0.0000000000
50029  -37.947  -47.879  45.315 0.0000000000
50042  -36.883  -47.287  44.599 0.0000000000
50040  -35.274  -47.530  44.379 0.0000000000
48921  -34.479  -48.084  44.276 0.0000000000
48940  -33.454  -48.282  43.463 0.0000000000
50054  -33.930  -47.569  43.559 0.0000000000
51285  -37.408  -45.967  35.162 0.0000000000
52396  -36.713  -45.234  33.974 0.0000000000
67093  -48.465  -32.610  45.360 0.0000000000
65912  -48.690  -32.975  45.088 0.0000000000
62599  -50.088  -36.410  43.519 0.0000000000
60282  -50.281  -38.856  42.714 0.0000000000
61515  -50.471  -37.048  38.983 0.0000000000
62664  -50.487  -36.515  39.463 0.0000000000
59170  -51.146  -38.553  39.352 0.0000000000
57929  -51.712  -39.827  39.937 0.0000000000
57954  -51.594  -40.538  37.785 0.0000000000
56765  -52.626  -41.918  38.928 0.0000000000
56776  -52.839  -41.611  37.718 0.0000000000
57964  -52.812  -40.967  36.554 0.0000000000
57973  -52.578  -40.251  35.835 0.0000000000
57974  -53.315  -40.332  35.586 0.0000000000
66057  -54.154  -34.182  33.890 0.0000000000
64912  -54.285  -34.850  34.186 0.0000000000
40474  -19.303  -55.921  56.242 0.0000000000
40493  -18.759  -55.431  55.467 0.0000000000
40494  -19.625  -55.685  55.292 0.0000000000
40551  -19.659  -55.426  52.492 0.0000000000
40531  -19.026  -55.153  53.200 0.0000000000
41851  -18.928  -55.139  50.947 0.0000000000
40579  -19.690  -55.423  50.269 0.0000000000
40695  -22.270  -55.282  45.008 0.0000000000
41947  -22.421  -54.908  44.140 0.0000000000
41974  -21.670  -54.664  43.318 0.0000000000
41998  -20.995  -54.616  42.454 0.0000000000
42011  -21.258  -54.688  41.598 0.0000000000
40727  -20.775  -55.301  40.995 0.0000000000
40739  -22.170  -55.303  40.656 0.0000000000
40678  -34.421  -55.425  45.544 0.0000000000
40677  -33.539  -55.571  45.672 0.0000000000
41979  -32.134  -54.223  43.886 0.0000000000
52365  -39.668  -44.940  36.314 0.0000000000
53396  -39.699  -44.437  36.178 0.0000000000
53335  -39.776  -44.176  40.050 0.0000000000
53367  -39.910  -44.308  37.926 0.0000000000
54475  -39.529  -43.462  39.397 0.0000000000
55647  -39.592  -42.687  38.858 0.0000000000
55620  -39.676  -42.556  40.865 0.0000000000
54435  -41.512  -43.608  43.841 0.0000000000
54444  -41.217  -44.128  43.111 0.0000000000
56677  -41.498  -41.466  44.090 0.0000000000
56676  -40.998  -41.805  43.500 0.0000000000
57856  -40.769  -41.097  43.020 0.0000000000
56709  -40.121  -41.593  41.785 0.0000000000
57870  -40.933  -40.379  42.825 0.0000000000
59109  -40.695  -40.290  42.109 0.0000000000
59095  -41.517  -39.760  43.420 0.0000000000
59082  -42.968  -38.863  44.719 0.0000000000
60243  -42.670  -38.642  44.021 0.0000000000
60244  -43.270  -38.116  44.388 0.0000000000
61431  -43.854  -37.232  44.560 0.0000000000
46548  -41.072  -50.401  51.423 0.0000000000
45479  -41.074  -51.498  51.324 0.0000000000
45481  -42.553  -51.034  50.481 0.0000000000
45545  -44.128  -51.271  48.037 0.0000000000
45526  -43.843  -51.260  48.875 0.0000000000
45561  -43.763  -51.455  47.151 0.0000000000
46639  -42.475  -51.210  46.644 0.0000000000
46657  -42.645  -51.133  45.998 0.0000000000
47705  -44.137  -49.330  45.823 0.0000000000
48879  -44.321  -49.602  46.510 0.0000000000
46684  -43.517  -50.046  44.295 0.0000000000
47753  -41.205  -49.689  43.767 0.0000000000
47739  -41.897  -50.249  44.231 0.0000000000
48893  -40.679  -49.472  44.811 0.0000000000
48910  -40.571  -49.303  44.312 0.0000000000
48909  -39.754  -48.579  44.263 0.0000000000
50094  -38.485  -47.620  41.479 0.0000000000
50072  -38.535  -47.442  42.576 0.0000000000
50093  -37.792  -47.184  41.188 0.0000000000
51173  -37.110  -46.593  41.860 0.0000000000
50129  -37.532  -47.239  39.960 0.0000000000
50139  -38.477  -47.693  38.836 0.0000000000
50138  -37.657  -47.336  39.232 0.0000000000
51247  -37.243  -46.992  37.667 0.0000000000
48995  -41.237  -48.073  39.070 0.0000000000
48994  -40.696  -48.102  38.723 0.0000000000
50149  -39.678  -47.518  37.551 0.0000000000
51266  -40.091  -45.996  36.899 0.0000000000
51277  -39.147  -45.874  36.119 0.0000000000
52364  -39.269  -45.250  35.950 0.0000000000
53394  -38.907  -44.823  35.528 0.0000000000
67230  -50.054  -32.187  35.461 0.0000000000
68420  -50.511  -31.539  34.808 0.0000000000
68436  -50.660  -31.816  34.159 0.0000000000
69616  -51.462  -30.759  34.311 0.0000000000
69630  -52.587  -30.379  33.600 0.0000000000
70755  -53.568  -29.508  33.746 0.0000000000
68439  -53.381  -31.430  33.029 0.0000000000
69631  -54.028  -30.302  33.021 0.0000000000
38079  -22.220  -57.366  52.451 0.0000000000
38080  -22.788  -57.687  52.203 0.0000000000
38128  -23.701  -57.256  49.734 0.0000000000
38108  -23.585  -57.451  50.332 0.0000000000
39380  -23.740  -57.157  49.429 0.0000000000
39398  -22.819  -56.743  48.913 0.0000000000
39399  -23.781  -56.918  48.836 0.0000000000
38111  -27.019  -58.354  50.164 0.0000000000
38131  -26.466  -57.820  49.628 0.0000000000
39421  -26.119  -56.372  47.597 0.0000000000
39401  -25.591  -56.808  48.245 0.0000000000
39420  -24.994  -56.293  47.485 0.0000000000
39442  -24.262  -56.136  47.293 0.0000000000
39443  -24.526  -55.991  47.035 0.0000000000
40645  -24.925  -55.750  46.575 0.0000000000
40673  -26.124  -55.073  45.614 0.0000000000
40672  -25.194  -55.255  45.701 0.0000000000
41924  -25.386  -54.752  44.921 0.0000000000
41949  -24.403  -54.482  44.206 0.0000000000
55692  -39.708  -43.172  35.520 0.0000000000
55691  -39.466  -42.784  34.881 0.0000000000
56836  -40.766  -41.263  34.298 0.0000000000
57940  -41.734  -40.554  38.852 0.0000000000
57959  -41.303  -40.557  37.056 0.0000000000
57970  -42.344  -40.514  35.688 0.0000000000
58034  -42.938  -40.224  33.284 0.0000000000
56798  -45.772  -41.334  36.032 0.0000000000
56820  -46.482  -41.270  35.142 0.0000000000
57993  -48.385  -40.648  34.364 0.0000000000
58017  -49.570  -40.216  33.309 0.0000000000
56839  -50.798  -41.094  33.686 0.0000000000
56852  -51.511  -41.822  33.146 0.0000000000
56825  -51.097  -41.711  34.675 0.0000000000
38099  -32.857  -57.624  50.887 0.0000000000
35686  -33.016  -59.204  50.562 0.0000000000
36854  -33.549  -58.399  50.389 0.0000000000
36856  -35.121  -58.676  49.686 0.0000000000
35703  -35.033  -59.179  49.581 0.0000000000
35716  -35.663  -59.366  49.081 0.0000000000
36906  -35.201  -58.848  47.815 0.0000000000
36907  -36.156  -58.849  47.986 0.0000000000
40584  -36.709  -55.605  50.143 0.0000000000
39366  -35.931  -56.573  49.795 0.0000000000
39367  -36.985  -56.601  49.643 0.0000000000
39430  -37.065  -57.204  47.297 0.0000000000
38181  -37.450  -57.450  47.797 0.0000000000
39429  -36.538  -57.566  47.319 0.0000000000
39449  -36.221  -56.903  46.759 0.0000000000
40654  -35.648  -56.103  46.277 0.0000000000
40655  -36.304  -55.787  46.304 0.0000000000
40680  -36.216  -54.863  45.771 0.0000000000
41960  -35.916  -53.451  44.795 0.0000000000
44301  -42.445  -52.930  50.200 0.0000000000
43111  -41.523  -53.528  50.658 0.0000000000
43130  -42.085  -53.395  49.658 0.0000000000
46618  -39.503  -51.315  48.236 0.0000000000
44330  -40.164  -52.878  48.729 0.0000000000
44329  -39.362  -52.794  48.424 0.0000000000
43127  -39.715  -53.590  48.548 0.0000000000
45539  -38.835  -52.272  48.215 0.0000000000
48873  -37.495  -48.941  46.508 0.0000000000
47700  -37.830  -49.431  46.946 0.0000000000
47699  -36.865  -49.301  46.510 0.0000000000
46669  -36.128  -51.031  46.102 0.0000000000
46633  -36.866  -51.256  46.928 0.0000000000
45555  -36.867  -51.571  46.857 0.0000000000
45568  -36.981  -52.187  46.748 0.0000000000
44341  -36.910  -52.471  46.428 0.0000000000
44345  -37.086  -53.144  46.264 0.0000000000
45580  -35.295  -51.406  44.152 0.0000000000
44354  -35.491  -52.428  43.501 0.0000000000
51215  -35.461  -46.088  39.132 0.0000000000
51230  -35.347  -46.233  38.260 0.0000000000
39280  -19.128  -56.238  57.755 0.0000000000
36766  -23.907  -58.553  55.995 0.0000000000
35632  -28.260  -59.430  53.507 0.0000000000
39341  -32.165  -56.410  52.302 0.0000000000
43118  -32.062  -53.477  50.293 0.0000000000
44313  -31.866  -52.619  50.236 0.0000000000
48778  -31.956  -48.174  51.392 0.0000000000
47618  -31.555  -49.392  51.545 0.0000000000
47633  -32.041  -49.358  50.372 0.0000000000
46593  -32.028  -50.538  49.892 0.0000000000
47651  -32.301  -49.909  49.693 0.0000000000
46595  -33.400  -50.232  49.038 0.0000000000
47652  -32.853  -49.344  49.569 0.0000000000
49945  -34.555  -47.957  50.850 0.0000000000
48799  -34.178  -48.203  50.286 0.0000000000
48800  -35.182  -48.366  50.766 0.0000000000
48801  -36.101  -49.220  50.781 0.0000000000
48781  -36.003  -48.422  51.698 0.0000000000
47609  -37.746  -49.328  52.169 0.0000000000
47596  -37.926  -48.925  52.527 0.0000000000
47610  -38.458  -49.371  52.290 0.0000000000
47597  -38.317  -48.810  52.615 0.0000000000
49883  -39.353  -47.698  52.527 0.0000000000
48764  -40.589  -48.578  51.504 0.0000000000
53249  -39.631  -44.196  48.887 0.0000000000
56592  -41.177  -41.186  49.907 0.0000000000
56603  -41.501  -41.634  48.915 0.0000000000
57785  -41.853  -40.881  49.442 0.0000000000
59018  -44.139  -39.547  49.496 0.0000000000
56606  -43.786  -40.352  48.966 0.0000000000
57788  -44.312  -39.952  49.034 0.0000000000
56628  -44.019  -40.796  47.845 0.0000000000
57812  -44.811  -39.656  48.393 0.0000000000
62533  -45.597  -36.770  48.865 0.0000000000
61361  -45.481  -37.567  49.188 0.0000000000
61373  -45.486  -37.658  48.500 0.0000000000
60200  -44.930  -38.729  47.789 0.0000000000
61388  -45.182  -37.867  47.756 0.0000000000
60214  -44.443  -38.413  46.702 0.0000000000
62561  -44.966  -37.225  47.237 0.0000000000
63663  -44.593  -35.249  46.874 0.0000000000
63675  -44.391  -35.391  46.023 0.0000000000
64788  -44.380  -34.468  45.425 0.0000000000
67070  -44.458  -32.496  47.516 0.0000000000
65922  -45.473  -33.184  44.784 0.0000000000
65911  -44.963  -33.093  45.383 0.0000000000
65935  -45.004  -33.819  44.254 0.0000000000
64797  -44.498  -34.489  44.443 0.0000000000
64822  -44.970  -34.816  42.696 0.0000000000
64823  -45.670  -34.618  42.379 0.0000000000
63735  -47.595  -35.377  41.735 0.0000000000
63746  -47.417  -36.208  40.890 0.0000000000
61490  -47.351  -37.762  40.241 0.0000000000
60321  -48.033  -38.769  40.556 0.0000000000
63720  -48.661  -35.443  42.745 0.0000000000
61460  -49.181  -37.400  42.095 0.0000000000
56711  -48.448  -42.043  41.312 0.0000000000
57904  -48.358  -40.800  41.133 0.0000000000
56727  -48.178  -41.381  41.032 0.0000000000
56726  -47.579  -41.723  40.563 0.0000000000
54476  -48.071  -42.980  40.317 0.0000000000
54490  -48.024  -43.047  39.649 0.0000000000
54491  -48.474  -43.364  39.175 0.0000000000
54503  -50.517  -43.827  37.810 0.0000000000
54512  -50.887  -43.393  36.992 0.0000000000
54522  -51.960  -43.176  35.919 0.0000000000
54513  -51.718  -43.523  36.551 0.0000000000
59113  -51.317  -39.522  42.659 0.0000000000
57873  -51.173  -40.613  42.748 0.0000000000
56695  -50.998  -41.707  42.913 0.0000000000
55616  -51.398  -42.492  42.396 0.0000000000
53339  -53.020  -45.167  40.999 0.0000000000
53333  -52.418  -45.040  41.465 0.0000000000
52269  -52.692  -45.685  41.292 0.0000000000
53332  -51.667  -44.999  41.777 0.0000000000
52280  -52.036  -46.353  40.859 0.0000000000
52302  -51.851  -46.141  39.751 0.0000000000
52319  -52.933  -46.331  38.915 0.0000000000
52347  -53.935  -45.688  36.422 0.0000000000
53389  -53.333  -45.132  36.942 0.0000000000
53397  -53.588  -45.114  35.720 0.0000000000
54533  -53.253  -44.425  35.272 0.0000000000
53410  -53.456  -45.000  34.983 0.0000000000
52398  -52.996  -45.470  33.932 0.0000000000
52428  -53.393  -45.387  31.842 0.0000000000
52411  -54.657  -45.244  33.000 0.0000000000
54507  -55.556  -44.065  37.443 0.0000000000
54516  -56.009  -43.952  36.684 0.0000000000
53427  -56.718  -44.395  33.320 0.0000000000
52402  -56.462  -44.876  33.833 0.0000000000
53445  -56.060  -44.521  32.910 0.0000000000
53488  -53.706  -44.246  30.692 0.0000000000
62695  -49.429  -36.234  35.340 0.0000000000
61541  -49.931  -37.015  34.994 0.0000000000
61533  -52.941  -37.738  34.899 0.0000000000
60373  -52.055  -37.903  34.839 0.0000000000
59200  -53.948  -39.384  35.244 0.0000000000
60364  -53.735  -38.448  35.136 0.0000000000
62707  -54.544  -36.406  34.547 0.0000000000
62706  -54.050  -36.227  34.669 0.0000000000
62697  -54.669  -37.167  34.691 0.0000000000
60375  -55.490  -38.437  34.599 0.0000000000
59203  -55.852  -39.525  34.644 0.0000000000
41772  -17.868  -55.007  54.199 0.0000000000
41771  -17.171  -54.945  54.085 0.0000000000
41824  -16.474  -54.609  51.486 0.0000000000
41868  -15.964  -54.330  49.495 0.0000000000
41897  -16.232  -54.284  47.539 0.0000000000
41884  -15.621  -54.315  48.513 0.0000000000
41918  -16.216  -54.608  45.662 0.0000000000
39352  -21.693  -56.794  51.306 0.0000000000
39359  -21.101  -56.198  50.036 0.0000000000
40608  -20.539  -55.625  48.384 0.0000000000
40593  -20.697  -55.853  49.479 0.0000000000
40694  -21.381  -55.328  45.097 0.0000000000
40668  -21.158  -55.542  45.899 0.0000000000
40693  -20.705  -55.299  45.238 0.0000000000
41921  -19.425  -54.860  45.339 0.0000000000
41908  -19.075  -54.777  46.359 0.0000000000
39501  -21.063  -56.153  40.742 0.0000000000
36872  -32.226  -59.463  49.331 0.0000000000
36889  -32.446  -58.982  48.645 0.0000000000
39426  -31.209  -57.061  47.382 0.0000000000
38174  -30.835  -57.639  48.014 0.0000000000
39425  -30.194  -57.042  47.802 0.0000000000
40629  -30.636  -56.339  47.092 0.0000000000
40676  -32.623  -55.432  45.791 0.0000000000
40652  -32.463  -55.957  46.333 0.0000000000
41928  -29.962  -54.353  45.465 0.0000000000
41912  -30.539  -54.990  46.056 0.0000000000
41911  -29.480  -54.848  46.046 0.0000000000
41910  -28.429  -54.889  45.997 0.0000000000
43148  -28.126  -53.342  44.050 0.0000000000
41952  -27.792  -53.863  44.599 0.0000000000
43147  -27.255  -53.425  43.886 0.0000000000
43146  -26.424  -53.535  43.726 0.0000000000
43162  -26.765  -53.089  43.139 0.0000000000
42017  -31.828  -54.258  41.812 0.0000000000
43214  -30.436  -53.813  40.958 0.0000000000
43204  -30.891  -53.728  41.746 0.0000000000
43203  -29.643  -53.192  41.674 0.0000000000
44369  -28.953  -52.863  42.339 0.0000000000
44382  -28.748  -52.843  41.781 0.0000000000
43200  -26.871  -53.105  41.254 0.0000000000
44380  -27.367  -52.788  41.660 0.0000000000
43186  -26.453  -52.959  42.166 0.0000000000
43199  -25.988  -53.342  41.345 0.0000000000
52223  -42.647  -45.496  45.080 0.0000000000
53280  -42.482  -43.929  46.241 0.0000000000
54396  -42.413  -43.538  46.611 0.0000000000
54381  -42.541  -43.001  46.949 0.0000000000
51075  -40.456  -46.488  47.442 0.0000000000
49996  -40.982  -47.097  47.435 0.0000000000
51076  -40.995  -46.843  46.890 0.0000000000
50031  -42.254  -46.910  45.461 0.0000000000
51110  -42.813  -46.688  44.849 0.0000000000
51123  -43.119  -47.031  44.261 0.0000000000
55744  -50.290  -42.855  31.027 0.0000000000
53486  -49.929  -44.571  30.530 0.0000000000
52445  -49.625  -45.629  29.964 0.0000000000
51333  -49.940  -45.907  30.101 0.0000000000
51334  -50.502  -46.056  30.330 0.0000000000
51315  -51.290  -46.130  30.918 0.0000000000
36836  -29.298  -59.402  50.896 0.0000000000
36853  -30.545  -59.420  50.192 0.0000000000
36870  -30.674  -58.987  49.527 0.0000000000
61441  -42.630  -37.946  42.425 0.0000000000
60297  -42.332  -38.500  41.176 0.0000000000
61472  -42.710  -38.102  41.257 0.0000000000
60316  -43.277  -38.354  40.438 0.0000000000
57900  -44.194  -39.983  39.526 0.0000000000
61487  -44.317  -37.770  40.197 0.0000000000
62644  -44.521  -37.040  40.453 0.0000000000
46569  -36.027  -50.987  50.089 0.0000000000
44299  -36.673  -52.649  50.585 0.0000000000
44300  -37.442  -52.608  50.948 0.0000000000
43089  -38.621  -53.349  51.319 0.0000000000
41836  -40.127  -54.156  51.079 0.0000000000
51140  -36.829  -46.776  43.473 0.0000000000
50057  -36.506  -46.980  44.015 0.0000000000
51139  -36.302  -46.652  43.417 0.0000000000
51138  -35.522  -46.579  43.336 0.0000000000
51137  -34.822  -46.564  43.165 0.0000000000
50070  -34.216  -46.935  43.258 0.0000000000
51154  -34.400  -46.318  42.481 0.0000000000
51170  -34.288  -46.039  41.431 0.0000000000
53422  -36.691  -44.323  33.588 0.0000000000
60344  -50.376  -37.763  38.483 0.0000000000
59182  -51.061  -39.085  38.864 0.0000000000
60353  -50.390  -38.553  38.046 0.0000000000
57955  -52.249  -41.016  37.359 0.0000000000
59194  -51.321  -39.961  36.651 0.0000000000
59197  -51.087  -39.342  35.938 0.0000000000
39306  -20.120  -55.987  55.406 0.0000000000
40513  -19.915  -55.597  54.431 0.0000000000
40514  -20.414  -55.964  54.548 0.0000000000
40552  -20.374  -55.823  52.794 0.0000000000
40569  -20.317  -55.835  51.741 0.0000000000
41948  -23.333  -54.702  44.109 0.0000000000
42012  -22.147  -54.529  41.387 0.0000000000
42013  -23.090  -54.247  41.442 0.0000000000
42025  -23.499  -54.615  40.811 0.0000000000
41981  -33.677  -54.182  43.233 0.0000000000
52330  -40.274  -45.769  37.265 0.0000000000
53368  -40.327  -45.141  38.214 0.0000000000
53336  -40.310  -45.015  39.790 0.0000000000
55575  -42.041  -42.603  44.722 0.0000000000
55589  -41.546  -42.420  44.176 0.0000000000
57845  -41.784  -40.730  44.333 0.0000000000
59080  -41.665  -40.207  43.978 0.0000000000
59064  -42.587  -40.158  45.071 0.0000000000
60229  -43.587  -38.366  45.204 0.0000000000
47622  -42.242  -49.763  50.569 0.0000000000
46550  -42.771  -50.580  50.301 0.0000000000
47623  -42.965  -50.005  50.036 0.0000000000
47638  -43.868  -50.426  48.947 0.0000000000
45562  -44.392  -50.973  46.903 0.0000000000
47756  -43.302  -49.401  43.360 0.0000000000
47755  -42.635  -49.757  43.280 0.0000000000
47772  -42.003  -49.556  42.454 0.0000000000
47771  -41.212  -49.551  42.827 0.0000000000
48942  -40.492  -49.151  42.439 0.0000000000
48922  -39.863  -48.589  43.142 0.0000000000
48941  -39.843  -48.649  42.125 0.0000000000
50117  -38.372  -47.778  40.501 0.0000000000
50142  -41.022  -47.507  38.479 0.0000000000
51249  -40.014  -47.054  37.219 0.0000000000
51250  -40.490  -46.591  37.531 0.0000000000
38109  -24.624  -57.899  50.499 0.0000000000
38155  -27.029  -57.400  48.894 0.0000000000
40674  -26.760  -54.930  45.520 0.0000000000
55668  -40.006  -42.657  36.543 0.0000000000
56795  -41.223  -41.091  35.486 0.0000000000
57961  -43.353  -40.411  36.487 0.0000000000
57960  -42.367  -40.346  36.768 0.0000000000
56786  -46.467  -41.741  36.802 0.0000000000
56800  -47.224  -41.695  35.821 0.0000000000
56822  -48.083  -41.229  34.965 0.0000000000
57994  -49.311  -40.590  34.177 0.0000000000
56802  -48.635  -41.647  35.546 0.0000000000
56803  -49.556  -41.705  35.438 0.0000000000
55682  -49.126  -42.162  36.118 0.0000000000
40595  -32.924  -55.426  50.014 0.0000000000
38114  -33.506  -57.455  50.325 0.0000000000
39364  -33.893  -56.790  49.993 0.0000000000
39383  -34.207  -56.283  49.875 0.0000000000
38116  -35.276  -57.795  49.655 0.0000000000
39386  -38.494  -56.388  49.037 0.0000000000
38140  -38.063  -56.864  48.532 0.0000000000
39406  -38.552  -56.475  48.229 0.0000000000
39431  -37.881  -56.536  47.417 0.0000000000
39451  -37.562  -55.932  46.842 0.0000000000
40656  -37.087  -55.240  46.358 0.0000000000
41936  -36.956  -54.266  45.948 0.0000000000
45543  -42.642  -51.930  48.375 0.0000000000
45542  -41.635  -52.087  48.572 0.0000000000
45558  -40.991  -51.428  48.218 0.0000000000
46619  -40.241  -51.121  48.168 0.0000000000
47718  -36.044  -49.212  45.939 0.0000000000
47698  -36.348  -49.688  46.348 0.0000000000
46668  -35.732  -50.351  45.737 0.0000000000
45573  -35.494  -50.938  45.044 0.0000000000
45574  -35.960  -51.596  45.366 0.0000000000
51246  -36.039  -46.541  37.612 0.0000000000
41833  -32.116  -54.452  51.946 0.0000000000
44268  -32.072  -52.934  52.402 0.0000000000
48798  -33.111  -48.261  50.266 0.0000000000
49923  -32.763  -47.364  51.572 0.0000000000
48739  -38.183  -48.301  52.906 0.0000000000
57763  -42.000  -39.537  51.291 0.0000000000
57774  -42.546  -39.662  50.363 0.0000000000
59005  -43.178  -39.247  50.401 0.0000000000
59006  -43.886  -39.035  50.085 0.0000000000
60154  -44.498  -38.159  50.182 0.0000000000
63633  -45.445  -36.098  49.244 0.0000000000
63642  -45.465  -35.887  48.693 0.0000000000
62546  -45.053  -36.198  47.527 0.0000000000
63651  -45.003  -35.620  47.696 0.0000000000
64772  -44.562  -34.498  47.373 0.0000000000
68226  -46.201  -30.876  46.852 0.0000000000
68236  -45.194  -31.877  46.446 0.0000000000
68249  -46.118  -31.962  45.730 0.0000000000
67102  -46.163  -32.633  44.982 0.0000000000
64809  -46.067  -33.920  43.102 0.0000000000
65937  -46.758  -33.511  43.672 0.0000000000
62633  -48.123  -36.387  41.276 0.0000000000
60300  -49.462  -38.544  42.081 0.0000000000
61475  -49.323  -37.880  42.072 0.0000000000
57884  -49.471  -40.826  42.020 0.0000000000
54455  -48.909  -43.101  41.501 0.0000000000
54478  -48.996  -43.935  39.907 0.0000000000
54464  -49.177  -43.975  40.824 0.0000000000
53369  -50.086  -44.539  39.313 0.0000000000
53370  -50.834  -44.690  38.735 0.0000000000
60284  -51.414  -38.364  42.759 0.0000000000
57885  -51.719  -40.277  42.235 0.0000000000
55638  -52.834  -42.833  39.972 0.0000000000
54479  -53.242  -43.650  40.139 0.0000000000
53340  -53.768  -45.176  40.428 0.0000000000
51198  -53.872  -46.596  40.319 0.0000000000
51236  -53.661  -46.812  39.127 0.0000000000
51237  -54.522  -46.577  38.992 0.0000000000
52333  -54.470  -46.335  37.447 0.0000000000
52367  -54.309  -45.995  35.769 0.0000000000
51286  -54.869  -46.266  35.664 0.0000000000
51287  -55.238  -46.205  35.380 0.0000000000
52387  -55.572  -45.818  34.799 0.0000000000
55675  -55.017  -42.543  36.423 0.0000000000
55677  -56.010  -43.367  36.174 0.0000000000
55676  -55.529  -42.922  36.344 0.0000000000
54534  -56.732  -43.702  34.225 0.0000000000
54555  -56.904  -43.970  32.560 0.0000000000
63802  -50.734  -35.455  34.286 0.0000000000
62702  -50.225  -36.288  34.628 0.0000000000
62703  -51.226  -36.317  34.459 0.0000000000
61544  -52.788  -37.184  34.768 0.0000000000
61554  -55.482  -37.782  34.093 0.0000000000
61546  -55.205  -37.857  34.602 0.0000000000
41752  -16.090  -54.937  54.831 0.0000000000
41808  -17.573  -54.853  52.575 0.0000000000
41825  -17.420  -54.768  51.614 0.0000000000
41849  -17.219  -54.630  50.620 0.0000000000
41848  -16.240  -54.472  50.497 0.0000000000
39397  -22.090  -56.470  48.890 0.0000000000
39377  -21.624  -56.367  49.376 0.0000000000
40620  -21.208  -55.803  47.598 0.0000000000
41943  -18.645  -54.662  44.357 0.0000000000
40721  -17.822  -55.640  42.510 0.0000000000
39486  -18.019  -56.279  42.042 0.0000000000
38233  -18.332  -56.968  41.829 0.0000000000
38234  -19.015  -57.381  41.607 0.0000000000
36904  -33.246  -58.553  47.939 0.0000000000
36903  -32.600  -58.359  47.963 0.0000000000
38176  -32.813  -57.847  47.438 0.0000000000
39427  -32.094  -57.235  47.183 0.0000000000
39444  -31.640  -56.639  46.956 0.0000000000
41954  -31.337  -54.403  44.950 0.0000000000
43142  -30.939  -54.227  44.919 0.0000000000
43164  -28.649  -53.081  43.474 0.0000000000
43202  -28.696  -53.101  41.148 0.0000000000
52257  -41.636  -45.899  41.967 0.0000000000
53329  -41.025  -45.487  41.364 0.0000000000
53312  -41.593  -44.534  43.279 0.0000000000
54436  -42.080  -44.043  44.287 0.0000000000
54423  -42.215  -43.477  44.710 0.0000000000
55577  -42.765  -42.589  45.657 0.0000000000
55564  -42.790  -42.009  45.738 0.0000000000
56652  -43.212  -41.183  46.286 0.0000000000
49961  -42.247  -48.525  49.175 0.0000000000
48824  -42.861  -49.043  48.954 0.0000000000
49975  -42.533  -48.561  48.544 0.0000000000
48866  -43.152  -48.754  47.275 0.0000000000
48895  -43.810  -48.846  45.308 0.0000000000
50016  -42.482  -48.090  46.591 0.0000000000
48894  -43.230  -48.252  45.413 0.0000000000
48924  -43.719  -48.969  43.626 0.0000000000
47773  -42.784  -49.187  42.336 0.0000000000
47798  -41.988  -49.071  41.039 0.0000000000
48987  -41.637  -48.334  39.818 0.0000000000
50133  -41.935  -47.700  39.885 0.0000000000
51158  -42.671  -47.179  42.053 0.0000000000
51175  -42.373  -47.346  41.111 0.0000000000
51196  -42.094  -47.369  40.355 0.0000000000
51195  -41.811  -46.927  40.085 0.0000000000
52265  -41.511  -46.375  40.841 0.0000000000
51388  -50.113  -46.566  28.066 0.0000000000
36813  -27.282  -59.382  51.968 0.0000000000
36848  -26.166  -58.766  51.234 0.0000000000
38112  -27.787  -58.372  49.949 0.0000000000
36851  -28.870  -58.843  50.241 0.0000000000
38113  -28.223  -58.563  50.051 0.0000000000
38156  -28.035  -57.476  48.917 0.0000000000
39404  -28.557  -57.044  48.280 0.0000000000
57896  -40.622  -40.513  40.656 0.0000000000
56746  -40.704  -40.854  39.339 0.0000000000
57923  -40.788  -40.584  39.879 0.0000000000
57924  -41.405  -40.429  39.456 0.0000000000
57941  -42.427  -40.452  38.619 0.0000000000
59144  -42.345  -39.133  40.421 0.0000000000
57925  -42.311  -40.199  39.293 0.0000000000
57951  -43.326  -40.472  37.515 0.0000000000
57962  -44.294  -40.645  36.285 0.0000000000
56818  -45.161  -41.012  35.450 0.0000000000
56797  -45.087  -41.003  36.148 0.0000000000
56784  -45.016  -40.995  37.058 0.0000000000
56785  -45.705  -41.387  36.874 0.0000000000
56747  -45.096  -40.974  39.160 0.0000000000
56762  -45.572  -41.476  38.619 0.0000000000
56749  -46.227  -41.839  39.203 0.0000000000
44316  -34.042  -52.737  49.322 0.0000000000
43121  -34.654  -53.703  49.762 0.0000000000
41857  -36.448  -54.546  50.400 0.0000000000
40585  -37.794  -55.637  50.136 0.0000000000
43110  -37.183  -53.644  50.762 0.0000000000
41858  -37.469  -54.758  50.583 0.0000000000
39387  -39.187  -55.995  48.931 0.0000000000
40632  -39.189  -55.651  48.213 0.0000000000
41900  -38.966  -54.584  47.789 0.0000000000
48875  -38.961  -48.755  46.176 0.0000000000
47701  -38.812  -49.287  46.866 0.0000000000
48890  -38.315  -48.295  45.807 0.0000000000
48889  -37.320  -48.405  46.000 0.0000000000
48888  -36.416  -48.213  45.533 0.0000000000
50041  -35.926  -47.588  44.782 0.0000000000
48907  -35.649  -48.477  45.293 0.0000000000
48905  -34.381  -48.558  44.354 0.0000000000
47735  -34.120  -48.858  44.215 0.0000000000
47751  -33.807  -49.272  43.820 0.0000000000
48939  -32.893  -48.289  42.834 0.0000000000
52361  -36.342  -45.935  35.377 0.0000000000
52395  -35.844  -45.362  34.040 0.0000000000
53421  -36.027  -44.967  33.323 0.0000000000
68239  -47.818  -31.484  46.251 0.0000000000
67104  -47.912  -32.802  45.037 0.0000000000
65925  -48.510  -33.295  44.698 0.0000000000
64812  -48.995  -34.791  43.604 0.0000000000
63702  -49.247  -35.439  43.421 0.0000000000
64813  -49.476  -34.661  43.915 0.0000000000
62598  -49.455  -36.068  43.303 0.0000000000
61461  -49.689  -37.685  42.608 0.0000000000
56694  -50.318  -42.023  42.767 0.0000000000
60337  -51.471  -37.987  40.461 0.0000000000
57945  -51.517  -40.054  38.968 0.0000000000
55652  -53.138  -42.612  39.116 0.0000000000
54494  -54.304  -43.627  38.962 0.0000000000
54495  -54.860  -43.939  38.536 0.0000000000
55663  -54.137  -42.751  37.842 0.0000000000
56778  -54.173  -42.390  37.111 0.0000000000
56788  -53.325  -41.574  36.915 0.0000000000
56789  -53.906  -41.780  36.620 0.0000000000
56790  -54.628  -41.947  36.195 0.0000000000
57966  -54.197  -41.229  35.846 0.0000000000
57976  -54.808  -40.641  35.298 0.0000000000
64922  -52.850  -33.974  33.831 0.0000000000
64911  -53.471  -34.672  34.110 0.0000000000
63806  -54.404  -35.619  34.421 0.0000000000
40492  -17.889  -55.285  55.601 0.0000000000
40473  -18.471  -55.660  56.394 0.0000000000
40511  -18.215  -55.163  54.793 0.0000000000
41791  -18.381  -55.016  53.727 0.0000000000
41809  -18.336  -55.002  52.834 0.0000000000
41826  -18.401  -55.022  51.775 0.0000000000
40726  -19.849  -55.351  41.387 0.0000000000
39461  -33.758  -56.190  46.181 0.0000000000
41931  -32.724  -54.956  45.144 0.0000000000
41955  -31.928  -54.459  44.606 0.0000000000
43152  -31.650  -54.152  44.118 0.0000000000
43167  -31.463  -53.978  43.581 0.0000000000
53407  -38.693  -44.299  35.179 0.0000000000
54529  -38.639  -43.494  34.768 0.0000000000
54530  -39.298  -43.780  35.406 0.0000000000
54521  -39.766  -43.879  35.973 0.0000000000
54510  -39.891  -43.736  36.509 0.0000000000
53378  -40.057  -44.755  37.260 0.0000000000
53377  -39.911  -44.075  37.396 0.0000000000
54500  -39.897  -43.566  37.051 0.0000000000
55657  -39.638  -42.842  38.100 0.0000000000
56744  -39.794  -41.834  40.521 0.0000000000
53321  -40.541  -44.096  42.049 0.0000000000
54454  -40.187  -43.521  41.825 0.0000000000
55588  -41.114  -42.700  43.627 0.0000000000
55599  -40.709  -42.575  43.058 0.0000000000
55611  -39.883  -42.870  41.526 0.0000000000
56708  -39.898  -42.275  41.515 0.0000000000
56723  -40.098  -41.263  40.913 0.0000000000
60259  -41.782  -38.985  42.817 0.0000000000
59096  -42.102  -39.045  43.600 0.0000000000
60260  -42.462  -38.325  43.124 0.0000000000
61442  -42.998  -37.437  42.949 0.0000000000
62596  -43.559  -36.678  43.102 0.0000000000
46546  -38.936  -50.543  51.788 0.0000000000
44281  -39.832  -52.384  51.487 0.0000000000
44284  -42.106  -52.606  50.549 0.0000000000
44302  -42.867  -52.349  49.885 0.0000000000
45505  -43.483  -51.321  49.435 0.0000000000
44320  -43.430  -51.705  49.146 0.0000000000
44333  -43.187  -51.989  48.858 0.0000000000
46638  -41.805  -50.997  47.137 0.0000000000
47703  -40.804  -49.950  46.219 0.0000000000
48846  -44.064  -49.468  47.490 0.0000000000
46659  -44.411  -50.371  46.051 0.0000000000
46658  -44.181  -50.877  45.941 0.0000000000
47740  -42.445  -50.167  43.835 0.0000000000
46683  -42.844  -50.525  44.504 0.0000000000
46671  -42.940  -50.975  45.361 0.0000000000
46670  -42.104  -50.743  45.504 0.0000000000
47721  -40.869  -49.733  45.311 0.0000000000
47720  -40.259  -49.354  45.812 0.0000000000
48891  -39.160  -48.400  45.248 0.0000000000
50044  -38.687  -47.925  44.635 0.0000000000
50059  -38.536  -47.564  43.678 0.0000000000
50073  -39.258  -47.999  42.842 0.0000000000
51157  -37.007  -46.630  42.866 0.0000000000
51193  -36.234  -46.275  40.540 0.0000000000
51232  -37.000  -47.000  38.815 0.0000000000
51263  -37.533  -46.722  36.612 0.0000000000
48985  -40.086  -48.308  39.073 0.0000000000
50140  -39.522  -47.950  38.442 0.0000000000
50141  -40.343  -47.806  38.169 0.0000000000
51275  -37.724  -46.326  35.823 0.0000000000
52362  -38.006  -45.997  35.369 0.0000000000
52383  -38.316  -44.927  35.126 0.0000000000
62691  -49.316  -36.621  36.321 0.0000000000
62690  -49.056  -35.876  36.079 0.0000000000
64905  -48.988  -34.583  35.462 0.0000000000
64907  -49.338  -34.494  34.783 0.0000000000
67245  -49.539  -32.872  35.128 0.0000000000
66055  -49.644  -33.523  34.517 0.0000000000
64908  -50.237  -34.423  34.142 0.0000000000
64920  -51.014  -33.934  33.845 0.0000000000
66064  -51.345  -33.205  33.675 0.0000000000
69617  -52.167  -29.968  34.681 0.0000000000
69629  -51.835  -30.983  33.683 0.0000000000
67260  -51.766  -32.364  33.496 0.0000000000
66065  -52.312  -33.202  33.582 0.0000000000
66066  -53.263  -33.263  33.551 0.0000000000
67263  -54.493  -32.749  33.207 0.0000000000
68440  -54.293  -31.893  32.999 0.0000000000
38060  -22.189  -57.463  54.187 0.0000000000
39327  -21.545  -56.931  53.629 0.0000000000
38069  -22.212  -57.399  53.046 0.0000000000
39361  -22.534  -57.088  50.530 0.0000000000
38095  -22.977  -57.509  51.074 0.0000000000
38107  -23.043  -57.329  50.543 0.0000000000
39378  -22.333  -56.727  49.596 0.0000000000
40622  -23.312  -56.162  47.434 0.0000000000
38110  -25.870  -58.330  50.604 0.0000000000
38153  -25.076  -57.189  48.916 0.0000000000
38154  -26.029  -57.293  48.923 0.0000000000
38152  -24.458  -57.080  48.895 0.0000000000
39419  -24.004  -56.449  47.832 0.0000000000
40623  -23.870  -56.140  47.332 0.0000000000
40697  -23.936  -54.979  44.782 0.0000000000
55690  -38.955  -42.885  34.657 0.0000000000
56835  -39.572  -41.890  34.364 0.0000000000
56815  -40.300  -42.066  35.062 0.0000000000
57948  -40.904  -40.935  37.980 0.0000000000
56783  -40.912  -41.030  36.238 0.0000000000
56796  -41.902  -40.806  34.985 0.0000000000
56817  -41.993  -40.748  34.444 0.0000000000
56837  -41.659  -40.845  34.215 0.0000000000
57992  -47.476  -40.735  34.455 0.0000000000
58018  -50.208  -40.609  33.454 0.0000000000
58051  -50.318  -40.844  32.149 0.0000000000
56863  -50.692  -41.692  31.897 0.0000000000
55717  -51.276  -42.193  32.363 0.0000000000
55718  -51.878  -42.742  32.796 0.0000000000
35674  -32.428  -59.052  51.419 0.0000000000
35685  -32.068  -59.613  50.520 0.0000000000
35714  -33.866  -59.541  49.032 0.0000000000
35687  -34.191  -59.036  50.062 0.0000000000
36890  -33.605  -59.158  48.465 0.0000000000
36905  -34.195  -58.745  47.850 0.0000000000
38193  -34.985  -57.367  46.849 0.0000000000
40598  -34.957  -55.446  49.910 0.0000000000
36875  -36.842  -58.510  48.935 0.0000000000
38139  -37.457  -57.478  48.737 0.0000000000
36876  -37.149  -58.174  48.615 0.0000000000
36908  -36.641  -58.751  48.242 0.0000000000
38179  -35.825  -57.904  47.342 0.0000000000
39448  -35.199  -56.637  46.443 0.0000000000
39463  -35.025  -55.908  46.015 0.0000000000
43091  -40.451  -53.270  51.281 0.0000000000
41837  -40.971  -53.867  50.893 0.0000000000
41861  -40.712  -54.560  50.359 0.0000000000
43129  -41.594  -53.540  49.427 0.0000000000
43122  -41.240  -54.022  49.545 0.0000000000
41876  -40.880  -54.509  49.685 0.0000000000
41888  -39.264  -53.954  48.151 0.0000000000
43138  -38.427  -53.996  47.299 0.0000000000
47687  -38.675  -49.945  47.449 0.0000000000
46635  -38.517  -50.828  47.848 0.0000000000
46654  -37.240  -49.992  47.035 0.0000000000
46634  -37.409  -50.861  47.333 0.0000000000
45557  -38.101  -51.778  47.786 0.0000000000
44338  -37.788  -52.472  47.461 0.0000000000
43134  -38.069  -53.246  47.358 0.0000000000
43137  -37.783  -53.756  46.752 0.0000000000
43143  -36.657  -53.385  45.604 0.0000000000
44348  -36.131  -52.620  44.952 0.0000000000
43155  -36.137  -53.288  44.985 0.0000000000
43154  -35.734  -53.042  44.220 0.0000000000
43169  -35.309  -53.137  43.118 0.0000000000
54378  -40.369  -43.796  47.786 0.0000000000
55518  -40.794  -42.673  48.396 0.0000000000
54344  -40.183  -42.959  48.875 0.0000000000
56591  -40.724  -41.845  49.563 0.0000000000
56580  -41.073  -41.060  50.910 0.0000000000
39294  -20.699  -56.765  56.371 0.0000000000
39308  -21.250  -57.002  55.733 0.0000000000
38061  -22.970  -57.980  54.603 0.0000000000
38071  -23.615  -58.413  53.889 0.0000000000
36792  -24.193  -58.763  54.362 0.0000000000
36809  -24.231  -58.750  53.552 0.0000000000
36810  -24.826  -58.933  53.020 0.0000000000
36794  -25.408  -59.281  53.641 0.0000000000
36811  -25.779  -59.245  52.833 0.0000000000
35650  -26.668  -59.516  53.226 0.0000000000
35651  -27.571  -59.550  52.767 0.0000000000
35653  -29.672  -59.500  52.365 0.0000000000
35654  -30.688  -59.379  52.257 0.0000000000
35655  -31.554  -59.250  51.971 0.0000000000
36815  -31.712  -58.659  52.328 0.0000000000
36816  -32.211  -58.664  51.870 0.0000000000
39354  -32.473  -56.572  51.296 0.0000000000
41855  -32.103  -54.363  50.957 0.0000000000
40581  -32.476  -55.504  50.693 0.0000000000
41872  -32.526  -54.515  50.169 0.0000000000
43119  -32.730  -53.623  49.630 0.0000000000
44315  -33.122  -52.714  49.169 0.0000000000
45521  -31.822  -51.647  50.226 0.0000000000
45522  -32.285  -51.429  49.427 0.0000000000
44327  -33.143  -51.925  48.975 0.0000000000
45537  -33.522  -51.394  48.921 0.0000000000
46596  -34.292  -50.621  49.060 0.0000000000
46597  -35.399  -50.585  49.588 0.0000000000
48820  -33.690  -48.754  49.737 0.0000000000
47654  -34.898  -49.690  49.470 0.0000000000
47655  -35.547  -49.784  49.849 0.0000000000
47635  -36.072  -50.115  50.223 0.0000000000
46543  -37.050  -50.487  51.079 0.0000000000
48759  -36.232  -48.292  52.219 0.0000000000
48782  -36.645  -49.121  51.561 0.0000000000
47620  -37.584  -49.780  51.708 0.0000000000
46524  -38.020  -50.045  51.774 0.0000000000
46526  -39.146  -50.058  51.976 0.0000000000
46527  -39.977  -50.154  51.785 0.0000000000
46528  -40.363  -49.786  51.724 0.0000000000
48762  -39.393  -48.831  52.348 0.0000000000
47612  -39.842  -49.289  52.014 0.0000000000
47613  -40.514  -49.339  51.676 0.0000000000
47621  -41.388  -49.534  51.158 0.0000000000
48783  -41.438  -48.715  50.759 0.0000000000
49927  -40.158  -47.001  51.309 0.0000000000
49928  -40.821  -47.783  50.843 0.0000000000
49947  -41.278  -48.050  50.190 0.0000000000
49946  -40.557  -47.133  50.499 0.0000000000
49959  -40.739  -47.301  49.525 0.0000000000
51060  -39.801  -45.852  48.901 0.0000000000
52193  -39.669  -45.276  48.166 0.0000000000
53261  -39.683  -44.491  48.288 0.0000000000
55519  -41.324  -42.404  48.259 0.0000000000
55520  -42.143  -42.231  47.947 0.0000000000
55521  -42.757  -41.988  47.871 0.0000000000
56605  -43.239  -40.651  48.933 0.0000000000
56617  -43.038  -41.354  48.397 0.0000000000
55537  -43.498  -41.486  47.586 0.0000000000
55551  -43.646  -41.276  47.345 0.0000000000
56640  -43.961  -40.744  47.471 0.0000000000
57825  -44.089  -40.272  47.233 0.0000000000
60141  -44.304  -37.683  50.542 0.0000000000
59008  -45.075  -38.725  49.375 0.0000000000
62507  -45.036  -36.477  49.982 0.0000000000
60155  -45.142  -38.315  49.454 0.0000000000
59029  -45.125  -39.112  48.630 0.0000000000
59040  -44.918  -39.268  48.128 0.0000000000
59039  -44.562  -39.476  47.573 0.0000000000
59052  -44.116  -39.465  46.827 0.0000000000
60230  -44.120  -38.095  45.907 0.0000000000
61419  -44.071  -37.403  45.227 0.0000000000
62586  -44.000  -36.501  44.406 0.0000000000
62597  -43.990  -36.092  43.396 0.0000000000
67077  -44.809  -32.462  46.394 0.0000000000
65910  -44.535  -33.459  45.873 0.0000000000
63701  -44.223  -35.331  43.872 0.0000000000
63717  -44.503  -35.330  42.859 0.0000000000
63732  -44.625  -35.585  42.069 0.0000000000
62632  -45.245  -35.853  40.981 0.0000000000
62645  -45.578  -36.505  40.436 0.0000000000
64834  -46.598  -34.778  41.955 0.0000000000
63745  -46.609  -35.870  40.837 0.0000000000
61489  -46.247  -37.676  39.952 0.0000000000
60320  -46.805  -38.785  40.054 0.0000000000
57902  -46.748  -40.782  40.209 0.0000000000
55636  -47.006  -42.150  39.751 0.0000000000
64811  -48.271  -34.340  43.350 0.0000000000
63736  -48.539  -36.095  41.962 0.0000000000
62648  -48.391  -37.132  41.075 0.0000000000
60299  -48.907  -39.220  41.379 0.0000000000
61474  -48.855  -37.927  41.404 0.0000000000
57903  -47.714  -40.815  40.696 0.0000000000
55621  -47.205  -42.005  40.166 0.0000000000
55650  -47.650  -42.739  38.779 0.0000000000
55651  -48.206  -42.974  38.295 0.0000000000
55662  -49.041  -42.904  37.176 0.0000000000
55672  -49.568  -42.798  36.764 0.0000000000
54492  -49.326  -43.935  39.038 0.0000000000
54511  -50.177  -43.257  37.162 0.0000000000
55673  -50.537  -42.884  36.524 0.0000000000
55684  -51.368  -42.637  35.693 0.0000000000
55693  -51.939  -42.315  34.562 0.0000000000
55706  -52.558  -43.060  34.164 0.0000000000
57872  -50.577  -40.999  42.787 0.0000000000
55602  -50.651  -42.673  42.756 0.0000000000
54457  -50.433  -44.029  42.397 0.0000000000
56728  -51.878  -41.263  41.647 0.0000000000
55624  -51.834  -42.324  41.594 0.0000000000
55625  -52.269  -42.857  41.035 0.0000000000
55617  -51.744  -43.156  41.829 0.0000000000
54458  -51.281  -43.922  42.228 0.0000000000
53331  -50.730  -44.850  41.914 0.0000000000
52279  -51.208  -45.923  40.564 0.0000000000
53356  -51.249  -45.485  39.476 0.0000000000
53380  -51.565  -44.595  38.023 0.0000000000
52331  -53.147  -45.782  38.061 0.0000000000
53381  -52.568  -45.176  37.824 0.0000000000
54505  -51.942  -44.270  37.329 0.0000000000
54523  -52.585  -43.634  35.797 0.0000000000
54532  -52.925  -43.769  34.732 0.0000000000
54554  -52.342  -44.258  33.184 0.0000000000
53442  -52.093  -44.793  32.885 0.0000000000
52408  -51.711  -45.441  32.251 0.0000000000
51316  -51.701  -46.162  30.666 0.0000000000
52399  -53.563  -45.839  33.816 0.0000000000
52427  -52.309  -45.810  31.519 0.0000000000
52447  -51.666  -46.192  30.102 0.0000000000
52448  -52.118  -45.861  30.408 0.0000000000
52464  -52.113  -45.432  29.774 0.0000000000
54496  -55.274  -44.256  38.217 0.0000000000
53384  -56.248  -45.312  36.692 0.0000000000
52369  -56.209  -45.555  35.548 0.0000000000
53398  -56.538  -44.651  34.952 0.0000000000
52388  -56.332  -45.196  34.512 0.0000000000
53425  -55.515  -45.065  33.306 0.0000000000
53465  -53.935  -44.707  31.542 0.0000000000
61531  -49.682  -37.442  35.784 0.0000000000
60362  -51.493  -38.710  35.250 0.0000000000
61542  -50.682  -37.106  34.699 0.0000000000
59199  -53.041  -39.426  35.317 0.0000000000
57977  -55.479  -40.488  34.983 0.0000000000
62705  -53.287  -36.243  34.626 0.0000000000
61545  -53.637  -36.811  34.774 0.0000000000
61535  -54.350  -37.663  34.998 0.0000000000
61536  -54.888  -37.779  34.914 0.0000000000
60365  -54.534  -38.477  35.103 0.0000000000
59202  -55.321  -39.521  34.919 0.0000000000
57978  -55.999  -40.457  34.689 0.0000000000
41753  -16.782  -54.996  54.666 0.0000000000
41770  -16.403  -54.891  54.033 0.0000000000
41867  -14.968  -54.365  49.441 0.0000000000
39338  -21.022  -56.328  52.068 0.0000000000
40580  -20.370  -55.849  50.653 0.0000000000
39376  -21.181  -56.159  49.511 0.0000000000
40641  -20.797  -55.560  46.676 0.0000000000
41922  -20.110  -55.121  45.008 0.0000000000
40640  -20.049  -55.331  46.601 0.0000000000
40618  -19.558  -55.127  47.081 0.0000000000
41919  -17.230  -54.440  45.474 0.0000000000
39489  -19.441  -56.369  41.248 0.0000000000
35700  -31.883  -59.622  49.807 0.0000000000
35699  -31.334  -59.453  49.751 0.0000000000
36887  -30.862  -58.486  48.850 0.0000000000
38159  -31.148  -58.226  48.427 0.0000000000
38158  -30.206  -57.936  48.640 0.0000000000
39424  -29.103  -56.615  47.738 0.0000000000
40627  -28.609  -55.972  47.136 0.0000000000
40651  -31.365  -55.867  46.553 0.0000000000
41913  -31.330  -55.093  45.925 0.0000000000
40648  -28.090  -55.429  46.498 0.0000000000
41909  -27.759  -55.058  46.023 0.0000000000
41978  -25.195  -53.622  43.238 0.0000000000
43160  -24.990  -53.509  42.646 0.0000000000
42005  -33.809  -54.434  42.261 0.0000000000
43188  -29.500  -53.061  42.585 0.0000000000
44353  -29.020  -52.983  42.934 0.0000000000
44351  -28.024  -52.772  42.655 0.0000000000
44381  -28.087  -52.743  41.651 0.0000000000
44367  -27.651  -52.712  42.312 0.0000000000
43187  -27.116  -52.856  42.597 0.0000000000
43184  -24.739  -53.532  41.945 0.0000000000
43197  -24.493  -53.784  41.498 0.0000000000
42015  -24.568  -54.016  41.063 0.0000000000
35673  -32.096  -59.379  51.318 0.0000000000
35688  -34.746  -58.933  49.869 0.0000000000
35704  -35.869  -59.111  49.319 0.0000000000
35715  -34.815  -59.527  49.083 0.0000000000
35717  -36.105  -59.256  49.086 0.0000000000
36832  -25.856  -58.916  51.874 0.0000000000
36833  -26.695  -59.070  51.592 0.0000000000
36855  -34.509  -58.509  49.904 0.0000000000
36871  -31.672  -59.280  49.317 0.0000000000
36873  -35.643  -58.773  49.513 0.0000000000
36874  -36.261  -58.637  49.296 0.0000000000
36892  -35.509  -59.311  48.497 0.0000000000
36893  -36.374  -59.124  48.680 0.0000000000
36894  -36.919  -58.527  48.443 0.0000000000
38053  -23.733  -58.489  55.414 0.0000000000
38083  -31.958  -58.263  52.252 0.0000000000
38117  -36.267  -57.396  49.502 0.0000000000
38118  -36.722  -57.243  49.385 0.0000000000
38136  -35.503  -58.431  49.566 0.0000000000
38137  -35.958  -58.197  49.459 0.0000000000
38160  -31.721  -58.507  48.440 0.0000000000
38161  -37.292  -57.875  48.287 0.0000000000
39340  -22.239  -57.342  52.158 0.0000000000
39362  -23.097  -57.226  50.273 0.0000000000
39369  -38.609  -56.035  49.533 0.0000000000
39381  -33.271  -55.883  49.933 0.0000000000
39382  -33.713  -56.113  49.874 0.0000000000
39384  -36.958  -57.146  49.338 0.0000000000
39385  -37.428  -56.916  49.218 0.0000000000
39396  -21.762  -56.339  48.957 0.0000000000
39407  -39.003  -56.093  48.629 0.0000000000
39417  -22.485  -56.429  48.441 0.0000000000
39428  -32.764  -57.188  46.933 0.0000000000
40495  -20.151  -55.870  55.004 0.0000000000
40533  -20.424  -55.849  53.783 0.0000000000
40567  -18.954  -55.139  51.735 0.0000000000
40582  -34.947  -55.774  49.913 0.0000000000
40583  -35.538  -55.457  50.044 0.0000000000
40594  -21.264  -56.156  49.243 0.0000000000
40597  -34.403  -55.638  49.842 0.0000000000
40599  -38.882  -55.929  49.480 0.0000000000
40612  -39.484  -55.542  48.703 0.0000000000
40613  -39.872  -55.359  49.176 0.0000000000
40639  -19.627  -55.086  46.544 0.0000000000
40738  -21.439  -55.561  40.751 0.0000000000
41773  -18.362  -55.076  54.275 0.0000000000
41827  -18.944  -55.141  51.474 0.0000000000
41834  -38.123  -54.070  51.023 0.0000000000
41838  -41.336  -53.648  50.746 0.0000000000
41860  -39.591  -54.847  50.551 0.0000000000
41862  -41.481  -53.882  50.440 0.0000000000
41863  -41.829  -53.707  50.275 0.0000000000
41875  -34.870  -54.865  49.909 0.0000000000
41878  -41.833  -53.985  50.060 0.0000000000
41890  -40.202  -54.925  49.117 0.0000000000
41901  -39.276  -55.270  48.169 0.0000000000
43087  -32.084  -53.578  52.143 0.0000000000
43092  -41.213  -53.056  51.077 0.0000000000
43093  -41.734  -52.876  50.745 0.0000000000
43112  -41.852  -53.325  50.494 0.0000000000
43123  -41.602  -53.911  49.755 0.0000000000
43124  -42.065  -53.626  50.061 0.0000000000
43126  -39.058  -53.252  48.200 0.0000000000
43135  -38.717  -53.641  47.773 0.0000000000
43205  -31.324  -53.899  42.051 0.0000000000
44283  -41.544  -52.378  50.940 0.0000000000
44303  -43.203  -51.863  49.586 0.0000000000
44318  -42.518  -52.926  49.752 0.0000000000
44319  -42.959  -52.259  49.436 0.0000000000
44326  -32.675  -52.012  49.133 0.0000000000
44328  -38.906  -52.752  48.215 0.0000000000
44331  -41.202  -52.889  48.974 0.0000000000
44334  -43.669  -51.563  48.625 0.0000000000
44352  -28.440  -52.863  42.817 0.0000000000
44379  -26.911  -52.851  41.784 0.0000000000
45456  -39.390  -50.734  51.730 0.0000000000
45475  -37.660  -51.706  51.136 0.0000000000
45476  -38.346  -51.568  51.450 0.0000000000
45477  -39.146  -51.380  51.630 0.0000000000
45478  -40.064  -51.247  51.597 0.0000000000
45480  -42.064  -51.549  50.727 0.0000000000
45501  -36.321  -51.748  50.322 0.0000000000
45502  -37.007  -51.787  50.759 0.0000000000
45504  -42.970  -51.495  50.080 0.0000000000
45523  -33.612  -52.103  49.046 0.0000000000
45524  -34.211  -51.685  49.099 0.0000000000
45536  -32.857  -51.346  49.003 0.0000000000
45538  -33.946  -51.058  48.927 0.0000000000
45540  -39.519  -52.102  48.464 0.0000000000
45560  -42.808  -51.552  47.376 0.0000000000
45569  -43.202  -51.379  46.504 0.0000000000
45571  -44.326  -50.926  46.241 0.0000000000
45575  -43.282  -51.237  45.901 0.0000000000
45576  -43.500  -51.098  45.683 0.0000000000
46547  -40.566  -50.828  51.532 0.0000000000
46570  -36.626  -50.887  50.621 0.0000000000
46572  -43.322  -50.720  49.747 0.0000000000
46598  -44.095  -50.732  48.611 0.0000000000
46614  -33.193  -50.839  48.921 0.0000000000
46615  -33.714  -50.815  48.916 0.0000000000
46616  -33.975  -50.814  48.931 0.0000000000
46620  -44.393  -50.549  47.800 0.0000000000
46640  -44.488  -50.332  47.003 0.0000000000
46653  -36.516  -50.431  46.598 0.0000000000
46655  -41.104  -50.428  46.873 0.0000000000
46673  -44.174  -50.094  45.001 0.0000000000
46685  -43.958  -49.806  44.538 0.0000000000
46689  -42.931  -50.151  43.884 0.0000000000
46690  -43.120  -49.892  43.678 0.0000000000
47598  -38.617  -48.664  52.647 0.0000000000
47608  -37.190  -49.291  51.853 0.0000000000
47619  -37.072  -49.817  51.388 0.0000000000
47636  -36.618  -49.993  50.868 0.0000000000
47637  -43.534  -50.108  49.356 0.0000000000
47656  -43.608  -49.784  48.974 0.0000000000
47673  -44.309  -49.880  47.514 0.0000000000
47690  -44.439  -49.859  46.692 0.0000000000
47704  -41.427  -50.297  45.660 0.0000000000
47706  -44.349  -49.627  46.065 0.0000000000
47722  -41.613  -50.285  45.008 0.0000000000
47723  -44.188  -49.372  45.600 0.0000000000
47724  -44.292  -49.643  45.416 0.0000000000
47738  -41.139  -49.802  44.560 0.0000000000
47742  -44.097  -49.534  44.756 0.0000000000
47774  -43.226  -49.044  42.703 0.0000000000
47787  -42.624  -48.940  41.646 0.0000000000
47797  -41.712  -49.107  41.070 0.0000000000
48779  -32.604  -47.912  50.880 0.0000000000
48797  -32.378  -48.478  50.556 0.0000000000
48805  -43.200  -49.529  49.255 0.0000000000
48821  -34.572  -48.841  49.815 0.0000000000
48823  -35.778  -49.552  50.219 0.0000000000
48825  -43.539  -49.440  48.577 0.0000000000
48826  -43.981  -49.582  48.007 0.0000000000
48844  -43.065  -48.905  48.193 0.0000000000
48845  -43.688  -49.205  47.808 0.0000000000
48868  -44.228  -49.552  46.938 0.0000000000
48876  -39.661  -48.924  45.801 0.0000000000
48878  -44.053  -49.308  46.275 0.0000000000
48896  -44.156  -49.292  45.347 0.0000000000
48908  -39.181  -48.237  44.637 0.0000000000
48911  -43.908  -48.903  44.371 0.0000000000
48912  -44.121  -49.250  45.043 0.0000000000
48943  -43.178  -48.794  42.355 0.0000000000
48944  -43.440  -48.704  42.906 0.0000000000
48964  -42.487  -48.768  41.264 0.0000000000
48966  -43.243  -48.413  42.313 0.0000000000
48980  -42.525  -48.329  40.982 0.0000000000
49902  -35.886  -47.928  52.483 0.0000000000
49925  -34.890  -47.751  51.589 0.0000000000
49926  -35.575  -48.020  51.824 0.0000000000
49944  -33.958  -47.737  50.872 0.0000000000
49974  -41.890  -48.069  48.393 0.0000000000
50028  -37.122  -47.727  45.248 0.0000000000
50032  -42.661  -47.563  45.478 0.0000000000
50045  -39.196  -48.175  44.352 0.0000000000
50046  -43.523  -48.037  44.283 0.0000000000
50074  -43.040  -47.687  42.156 0.0000000000
50096  -42.800  -47.843  41.477 0.0000000000
51074  -39.889  -46.038  48.074 0.0000000000
51091  -40.891  -46.177  46.571 0.0000000000
51092  -41.414  -46.523  46.146 0.0000000000
51108  -42.035  -46.342  45.612 0.0000000000
51174  -42.032  -46.978  40.754 0.0000000000
51199  -54.242  -46.371  40.184 0.0000000000
51219  -41.853  -47.302  39.864 0.0000000000
51220  -53.302  -46.919  39.638 0.0000000000
51221  -53.890  -46.850  39.776 0.0000000000
51222  -54.394  -46.482  39.807 0.0000000000
51234  -40.903  -46.716  38.199 0.0000000000
51235  -53.292  -46.798  39.267 0.0000000000
51252  -54.060  -46.609  38.517 0.0000000000
51253  -54.621  -46.480  38.001 0.0000000000
51254  -55.285  -46.303  37.629 0.0000000000
51278  -54.894  -46.367  36.354 0.0000000000
51279  -55.392  -46.328  36.006 0.0000000000
51336  -51.682  -46.232  30.345 0.0000000000
52210  -42.006  -44.991  45.932 0.0000000000
52221  -41.832  -45.680  45.796 0.0000000000
52268  -52.220  -45.817  41.423 0.0000000000
52281  -53.143  -46.248  40.913 0.0000000000
52282  -54.028  -46.057  40.389 0.0000000000
52299  -40.736  -45.838  38.571 0.0000000000
52301  -51.204  -45.789  39.978 0.0000000000
52303  -52.734  -46.720  40.157 0.0000000000
52305  -55.416  -45.638  38.772 0.0000000000
52317  -40.860  -46.272  38.364 0.0000000000
52318  -52.204  -45.947  39.047 0.0000000000
52320  -53.621  -46.520  38.615 0.0000000000
52321  -55.112  -46.306  38.743 0.0000000000
52334  -55.910  -45.908  37.091 0.0000000000
52335  -56.184  -45.514  36.867 0.0000000000
52345  -39.646  -45.666  36.473 0.0000000000
52348  -54.420  -46.168  36.818 0.0000000000
52350  -56.216  -45.589  36.471 0.0000000000
52368  -55.728  -46.087  35.604 0.0000000000
52384  -53.189  -45.399  34.350 0.0000000000
52385  -53.615  -45.542  34.787 0.0000000000
52401  -55.886  -45.314  33.933 0.0000000000
52426  -51.353  -45.530  31.606 0.0000000000
52482  -51.234  -45.845  28.875 0.0000000000
53236  -39.596  -44.280  49.673 0.0000000000
53262  -40.048  -44.560  47.574 0.0000000000
53278  -41.161  -44.633  46.691 0.0000000000
53327  -39.796  -43.886  40.663 0.0000000000
53330  -50.146  -44.361  42.015 0.0000000000
53338  -50.508  -45.340  41.012 0.0000000000
53341  -54.368  -45.432  40.030 0.0000000000
53354  -49.756  -44.596  40.240 0.0000000000
53358  -54.991  -45.025  39.329 0.0000000000
53359  -55.344  -45.455  39.002 0.0000000000
53371  -51.784  -45.408  38.796 0.0000000000
53373  -55.221  -44.536  38.691 0.0000000000
53382  -53.224  -45.537  37.654 0.0000000000
53383  -56.057  -45.035  37.176 0.0000000000
53388  -52.882  -44.772  37.085 0.0000000000
53390  -56.212  -44.450  36.557 0.0000000000
53395  -39.449  -44.435  35.826 0.0000000000
53409  -53.088  -44.877  34.385 0.0000000000
53411  -56.744  -44.483  33.996 0.0000000000
53426  -56.256  -44.757  33.409 0.0000000000
53441  -51.597  -44.942  32.306 0.0000000000
53443  -54.274  -45.019  32.313 0.0000000000
53446  -56.556  -44.388  32.969 0.0000000000
53464  -52.987  -45.218  31.053 0.0000000000
53466  -54.992  -44.229  31.902 0.0000000000
54359  -39.893  -43.799  48.336 0.0000000000
54360  -40.423  -43.108  48.352 0.0000000000
54361  -40.928  -42.823  48.107 0.0000000000
54377  -39.917  -44.113  47.916 0.0000000000
54379  -41.176  -43.257  47.620 0.0000000000
54434  -40.979  -43.117  43.370 0.0000000000
54446  -50.214  -43.371  42.581 0.0000000000
54461  -39.578  -43.326  40.331 0.0000000000
54462  -48.156  -42.892  40.696 0.0000000000
54463  -48.588  -43.230  40.977 0.0000000000
54466  -53.342  -44.397  40.482 0.0000000000
54477  -48.509  -43.464  40.170 0.0000000000
54499  -39.741  -43.508  37.641 0.0000000000
54502  -49.470  -43.379  37.782 0.0000000000
54504  -51.275  -43.938  37.454 0.0000000000
54506  -55.150  -43.750  37.784 0.0000000000
54514  -52.559  -44.316  36.786 0.0000000000
54517  -56.223  -43.872  36.073 0.0000000000
54520  -39.554  -43.960  35.735 0.0000000000
54524  -53.114  -44.492  36.201 0.0000000000
54528  -38.055  -43.709  34.512 0.0000000000
54540  -52.702  -44.055  33.831 0.0000000000
54573  -51.312  -43.910  31.926 0.0000000000
54598  -50.097  -43.814  30.792 0.0000000000
55494  -40.025  -42.921  49.496 0.0000000000
55506  -40.105  -42.923  49.114 0.0000000000
55507  -40.509  -42.488  48.973 0.0000000000
55508  -41.047  -42.098  48.773 0.0000000000
55522  -43.261  -41.608  47.887 0.0000000000
55534  -41.865  -42.744  47.605 0.0000000000
55535  -42.437  -42.600  47.414 0.0000000000
55576  -42.548  -42.313  45.376 0.0000000000
55600  -49.648  -43.010  42.305 0.0000000000
55601  -50.068  -42.829  42.601 0.0000000000
55612  -40.212  -42.581  42.207 0.0000000000
55613  -48.126  -42.595  40.795 0.0000000000
55614  -48.400  -42.710  41.105 0.0000000000
55622  -47.838  -42.505  40.491 0.0000000000
55648  -39.839  -42.039  38.366 0.0000000000
55653  -53.773  -42.932  38.728 0.0000000000
55661  -48.511  -42.846  37.512 0.0000000000
55665  -55.223  -43.480  37.224 0.0000000000
55683  -50.090  -42.343  35.976 0.0000000000
55685  -52.100  -43.057  35.636 0.0000000000
55687  -56.122  -42.729  35.416 0.0000000000
55705  -52.062  -42.433  33.625 0.0000000000
55719  -52.332  -43.381  33.308 0.0000000000
56615  -41.853  -41.979  48.346 0.0000000000
56616  -42.331  -41.710  48.372 0.0000000000
56710  -48.088  -42.361  40.842 0.0000000000
56722  -39.845  -41.870  41.126 0.0000000000
56761  -44.995  -41.054  38.784 0.0000000000
56770  -40.459  -41.320  37.993 0.0000000000
56771  -40.929  -40.897  38.218 0.0000000000
56773  -45.607  -41.447  37.760 0.0000000000
56774  -46.167  -41.762  37.537 0.0000000000
56787  -47.026  -41.865  36.433 0.0000000000
56801  -47.861  -41.639  35.604 0.0000000000
56806  -55.602  -41.573  35.353 0.0000000000
56823  -48.999  -41.139  34.885 0.0000000000
56838  -42.042  -40.738  34.178 0.0000000000
56877  -50.384  -42.056  31.326 0.0000000000
57775  -43.317  -39.426  50.092 0.0000000000
57786  -42.565  -40.390  49.530 0.0000000000
57800  -44.443  -40.168  48.392 0.0000000000
57801  -44.847  -39.596  48.793 0.0000000000
57835  -42.717  -40.643  45.439 0.0000000000
57871  -49.903  -41.407  42.515 0.0000000000
57882  -40.425  -40.732  41.540 0.0000000000
57883  -48.760  -41.238  41.526 0.0000000000
57928  -45.205  -40.902  39.321 0.0000000000
57949  -41.445  -40.706  38.107 0.0000000000
57953  -51.121  -39.953  38.091 0.0000000000
57958  -40.837  -40.915  37.602 0.0000000000
57991  -46.598  -40.825  34.492 0.0000000000
57995  -50.047  -40.629  33.895 0.0000000000
58036  -49.765  -40.251  32.490 0.0000000000
58037  -50.337  -40.618  32.945 0.0000000000
58992  -42.807  -38.927  51.001 0.0000000000
58993  -43.564  -38.587  50.624 0.0000000000
59007  -44.779  -38.777  49.590 0.0000000000
59019  -44.581  -39.327  49.403 0.0000000000
59020  -45.111  -39.032  49.179 0.0000000000
59122  -40.800  -39.990  41.460 0.0000000000
59143  -41.617  -39.506  40.591 0.0000000000
60183  -45.249  -38.533  48.310 0.0000000000
60215  -44.814  -38.324  47.368 0.0000000000
60280  -41.610  -39.000  42.066 0.0000000000
60281  -42.129  -38.454  42.151 0.0000000000
60298  -42.798  -38.226  40.905 0.0000000000
60317  -43.941  -38.294  40.153 0.0000000000
60336  -51.205  -38.171  39.723 0.0000000000
60367  -55.602  -38.878  34.709 0.0000000000
60372  -51.018  -37.974  34.846 0.0000000000
60374  -52.639  -37.810  34.879 0.0000000000
61333  -44.796  -36.953  50.256 0.0000000000
61346  -44.648  -37.460  50.294 0.0000000000
61403  -44.814  -37.834  47.117 0.0000000000
61430  -43.530  -37.278  43.955 0.0000000000
61458  -42.614  -38.009  41.723 0.0000000000
61547  -55.575  -38.260  34.388 0.0000000000
62643  -44.078  -37.394  40.492 0.0000000000
62647  -47.776  -36.934  40.626 0.0000000000
62698  -54.903  -37.417  34.642 0.0000000000
63641  -45.254  -35.452  48.359 0.0000000000
63652  -45.317  -35.901  48.185 0.0000000000
63718  -44.956  -35.087  42.283 0.0000000000
63719  -48.077  -35.158  42.350 0.0000000000
63733  -45.330  -35.336  41.588 0.0000000000
63734  -46.301  -35.237  41.387 0.0000000000
63744  -45.790  -35.676  40.952 0.0000000000
63798  -48.889  -35.172  35.881 0.0000000000
63799  -49.159  -35.275  35.216 0.0000000000
64810  -46.709  -33.838  43.139 0.0000000000
64826  -48.484  -34.819  43.089 0.0000000000
64835  -47.243  -34.750  42.208 0.0000000000
64899  -48.956  -34.744  36.408 0.0000000000
64904  -48.881  -34.576  35.910 0.0000000000
64921  -51.877  -33.959  33.848 0.0000000000
65924  -47.432  -33.119  44.405 0.0000000000
65948  -47.624  -34.121  43.094 0.0000000000
66046  -48.959  -34.258  35.734 0.0000000000
66056  -50.443  -33.322  33.933 0.0000000000
66067  -54.049  -33.428  33.559 0.0000000000
67078  -45.281  -32.078  46.142 0.0000000000
67089  -44.886  -32.830  45.791 0.0000000000
67105  -48.335  -32.917  45.054 0.0000000000
67259  -50.850  -32.426  33.784 0.0000000000
68421  -50.912  -31.313  34.283 0.0000000000
68438  -52.229  -31.478  33.386 0.0000000000
68456  -54.205  -31.152  32.821 0.0000000000
69598  -50.975  -30.921  35.096 0.0000000000
69615  -50.916  -31.101  34.594 0.0000000000
69647  -54.517  -30.800  32.755 0.0000000000
70735  -52.867  -29.437  35.204 0.0000000000
