#!ascii label  , from subject  vox2ras=TkReg coords=orig
355
89929  -22.751  -12.493  -21.801 0.5555555820
91012  -22.692  -11.510  -22.231 0.6666666865
91998  -22.685  -10.540  -22.691 0.7777777910
91999  -23.031  -10.577  -23.429 0.7777777910
93902  -22.386  -8.552  -23.092 0.8888888955
93918  -23.892  -8.551  -25.052 0.8888888955
89914  -23.002  -12.452  -21.373 0.5555555820
91005  -22.870  -11.477  -21.751 0.5555555820
91979  -22.909  -10.484  -21.704 0.6666666865
91989  -22.658  -10.502  -22.066 0.8888888955
92972  -22.718  -9.614  -23.197 0.8888888955
93903  -22.846  -8.892  -23.650 0.8888888955
94835  -22.976  -7.484  -24.279 1.0000000000
94843  -24.085  -7.589  -25.524 1.0000000000
93879  -22.153  -8.710  -21.420 1.0000000000
94792  -21.986  -7.927  -20.961 1.0000000000
93893  -22.117  -8.602  -22.172 1.0000000000
94817  -21.961  -7.545  -22.694 1.0000000000
94804  -21.823  -7.675  -21.716 1.0000000000
94828  -22.473  -7.449  -23.557 1.0000000000
95787  -21.518  -6.515  -22.236 1.0000000000
95800  -22.140  -6.424  -23.320 1.0000000000
95806  -22.693  -6.558  -24.193 1.0000000000
96893  -23.996  -6.059  -25.769 1.0000000000
96881  -22.901  -6.010  -24.762 1.0000000000
96892  -23.479  -5.453  -25.432 1.0000000000
96891  -23.014  -4.825  -25.009 1.0000000000
95756  -22.468  -7.290  -20.692 0.8888888955
95776  -21.757  -6.749  -21.064 1.0000000000
96846  -21.129  -5.687  -22.113 1.0000000000
96867  -21.596  -5.178  -23.026 1.0000000000
96880  -22.587  -5.359  -24.306 1.0000000000
97988  -22.158  -4.205  -23.917 1.0000000000
98001  -23.375  -4.240  -25.374 1.0000000000
98009  -23.927  -4.273  -25.976 0.8888888955
99141  -24.359  -3.356  -26.516 0.7777777910
99147  -24.960  -3.396  -27.175 0.7777777910
96825  -22.738  -5.702  -20.843 0.5555555820
97952  -23.159  -4.414  -21.644 0.7777777910
97934  -22.043  -5.009  -20.858 0.8888888955
96866  -21.079  -4.960  -22.120 1.0000000000
97950  -21.578  -4.573  -21.597 0.8888888955
97971  -21.260  -4.069  -22.553 1.0000000000
99098  -21.330  -3.596  -23.170 1.0000000000
99131  -22.530  -3.258  -24.523 0.8888888955
99118  -21.785  -3.153  -23.686 1.0000000000
100236  -23.571  -2.374  -25.752 0.7777777910
100243  -25.522  -2.323  -27.855 0.6666666865
101295  -24.457  -1.421  -26.934 0.6666666865
99082  -24.089  -3.804  -22.634 0.6666666865
99080  -22.257  -3.112  -21.664 0.7777777910
97951  -22.173  -4.108  -21.247 0.8888888955
99079  -21.460  -2.970  -21.838 0.8888888955
97972  -21.561  -4.064  -23.297 1.0000000000
99097  -21.238  -2.979  -22.916 1.0000000000
99117  -21.403  -2.630  -23.473 1.0000000000
100216  -21.569  -2.187  -23.904 0.8888888955
100228  -22.196  -2.306  -24.484 0.7777777910
101289  -23.358  -1.391  -25.598 0.7777777910
100257  -25.947  -1.729  -28.304 0.5555555820
102244  -24.255  -0.681  -26.694 0.6666666865
99100  -24.181  -3.293  -23.036 0.6666666865
99081  -23.387  -3.366  -22.216 0.7777777910
99099  -23.605  -2.862  -22.530 0.7777777910
99067  -21.503  -2.518  -21.336 0.8888888955
100174  -22.555  -2.508  -21.823 1.0000000000
100163  -21.870  -1.867  -21.277 1.0000000000
100173  -20.790  -2.225  -21.722 1.0000000000
100193  -20.788  -2.126  -22.368 0.8888888955
101264  -20.793  -1.353  -22.949 0.8888888955
101265  -21.300  -1.376  -23.729 0.8888888955
101280  -22.629  -1.397  -24.988 0.7777777910
102203  -19.883  -0.627  -21.887 0.8888888955
102204  -20.413  -0.551  -22.615 0.7777777910
102218  -21.645  -0.540  -24.083 0.7777777910
102243  -23.810  -0.361  -26.137 0.7777777910
102254  -24.579  -0.294  -27.420 0.6666666865
100195  -24.421  -2.291  -23.281 0.6666666865
99101  -25.136  -3.153  -23.742 0.5555555820
100194  -23.697  -2.344  -22.720 0.7777777910
101227  -22.468  -1.765  -21.737 0.8888888955
101217  -22.415  -0.995  -21.764 1.0000000000
102187  -20.085  -0.953  -21.164 1.0000000000
101226  -20.312  -1.705  -21.692 0.8888888955
103066  -21.387  0.107  -23.681 0.7777777910
103053  -21.427  0.820  -23.600 0.7777777910
103082  -23.458  0.580  -25.837 0.6666666865
103106  -24.189  0.678  -27.287 0.5555555820
103107  -24.605  0.719  -27.830 0.5555555820
101247  -25.389  -1.401  -23.652 0.6666666865
101245  -23.782  -1.570  -22.852 0.8888888955
101229  -23.300  -0.464  -22.464 1.0000000000
104642  -21.480  0.036  -21.329 0.8888888955
105516  -22.182  1.698  -21.571 0.8888888955
103032  -20.064  0.099  -21.393 0.8888888955
104643  -20.589  1.587  -21.258 0.7777777910
104644  -20.501  2.290  -21.902 0.7777777910
103848  -21.040  1.493  -23.120 0.7777777910
103895  -23.960  1.461  -27.089 0.5555555820
105532  -21.475  2.335  -21.232 0.7777777910
104664  -21.961  2.202  -23.929 0.5555555820
104715  -24.207  1.971  -27.387 0.5555555820
105550  -20.782  2.891  -21.798 0.6666666865
102188  -25.096  0.370  -23.283 0.7777777910
102205  -23.937  -0.019  -23.190 1.0000000000
102206  -24.997  -0.469  -23.526 0.8888888955
147590  -23.598  0.263  -22.765 1.0000000000
105509  -23.533  1.160  -22.545 0.8888888955
104623  -20.725  2.579  -21.409 0.6666666865
104690  -23.071  2.394  -25.035 0.5555555820
104647  -24.906  2.020  -22.613 0.7777777910
104607  -24.135  1.716  -22.159 0.8888888955
103796  -24.368  2.262  -21.951 0.7777777910
105553  -24.423  3.071  -22.424 0.7777777910
105501  -23.578  2.693  -21.472 0.8888888955
105533  -24.229  3.105  -22.166 0.7777777910
106560  -22.718  2.900  -21.216 0.6666666865
147594  -23.663  3.511  -22.781 0.6666666865
106561  -23.709  3.387  -21.170 0.6666666865
147595  -22.627  3.444  -21.645 0.6666666865
105531  -21.202  3.268  -21.699 0.5555555820
108590  -22.784  5.263  -22.826 0.6666666865
107619  -23.040  3.969  -22.880 0.5555555820
107644  -22.512  4.502  -23.143 0.5555555820
105572  -21.552  3.152  -23.234 0.4444444478
107631  -22.500  4.257  -23.010 0.5555555820
104665  -24.447  1.920  -23.760 0.6666666865
105590  -24.271  3.180  -24.674 0.5555555820
104646  -24.457  2.472  -23.029 0.7777777910
106613  -23.447  4.496  -23.298 0.6666666865
105552  -24.101  3.065  -22.762 0.6666666865
105574  -23.891  3.073  -23.691 0.6666666865
108591  -22.956  5.907  -22.495 0.6666666865
108604  -22.288  6.117  -22.898 0.6666666865
108603  -22.560  5.343  -23.178 0.5555555820
108625  -22.846  5.683  -24.229 0.5555555820
106626  -24.720  4.733  -24.743 0.5555555820
106625  -24.213  4.253  -24.391 0.6666666865
107646  -24.303  5.327  -23.634 0.6666666865
109546  -22.287  7.240  -23.048 0.6666666865
108614  -22.876  6.846  -24.115 0.5555555820
108626  -23.207  6.282  -24.576 0.6666666865
147597  -24.489  5.758  -22.717 0.6666666865
147598  -23.964  5.366  -22.984 0.6666666865
92965  -22.466  -9.548  -22.475 0.8888888955
92951  -22.475  -9.553  -21.821 1.0000000000
97973  -24.397  -4.128  -23.019 0.5555555820
100215  -21.191  -2.114  -23.233 0.8888888955
100196  -25.295  -2.174  -23.675 0.5555555820
101246  -24.426  -1.188  -23.330 0.7777777910
106611  -22.064  3.894  -23.167 0.4444444478
107660  -24.656  5.092  -24.355 0.6666666865
107632  -25.198  5.785  -23.098 0.6666666865
108638  -23.903  6.340  -25.606 0.5555555820
108646  -24.237  5.815  -26.152 0.5555555820
108639  -24.327  6.926  -25.939 0.5555555820
89938  -22.742  -12.578  -22.424 0.5555555820
91021  -22.838  -11.570  -22.942 0.5555555820
92981  -23.818  -9.521  -24.530 0.7777777910
92008  -23.589  -10.571  -24.207 0.6666666865
92973  -23.232  -9.604  -23.855 0.8888888955
93919  -24.465  -8.541  -25.681 0.7777777910
94844  -24.723  -7.532  -26.048 0.8888888955
95814  -24.360  -6.628  -25.880 1.0000000000
92937  -22.742  -9.563  -21.422 0.6666666865
96901  -24.413  -5.489  -26.358 0.8888888955
96900  -24.063  -4.890  -26.093 0.6666666865
98010  -24.477  -4.316  -26.545 0.7777777910
99148  -25.649  -3.472  -27.664 0.6666666865
100244  -25.987  -2.856  -28.039 0.6666666865
100258  -26.373  -2.238  -28.277 0.5555555820
101308  -26.346  -1.196  -28.417 0.5555555820
101307  -25.638  -1.062  -28.196 0.5555555820
102263  -25.441  -0.021  -28.337 0.5555555820
106612  -22.575  4.128  -24.048 0.4444444478
107621  -25.017  5.966  -22.596 0.6666666865
108592  -23.844  5.905  -22.251 0.6666666865
109528  -22.659  7.421  -21.696 0.6666666865
110471  -22.426  7.957  -22.474 0.6666666865
109547  -22.737  7.411  -23.709 0.6666666865
108605  -25.390  6.335  -22.643 0.5555555820
93911  -23.287  -8.537  -24.299 1.0000000000
90992  -23.182  -11.485  -21.480 0.5555555820
93910  -22.777  -8.176  -23.778 1.0000000000
94836  -23.442  -7.596  -24.980 1.0000000000
95807  -23.150  -6.637  -24.891 1.0000000000
93869  -22.547  -8.772  -20.962 0.8888888955
95777  -22.740  -6.656  -20.767 0.5555555820
94793  -22.563  -7.978  -20.727 0.6666666865
95786  -21.355  -6.114  -21.623 1.0000000000
96824  -22.038  -5.880  -20.854 0.8888888955
96845  -21.293  -5.493  -21.504 1.0000000000
98000  -22.790  -4.207  -24.751 1.0000000000
99132  -23.184  -3.301  -25.223 0.8888888955
100242  -24.708  -2.385  -27.142 0.6666666865
96847  -23.394  -5.517  -21.290 0.6666666865
97935  -22.735  -4.871  -20.946 0.7777777910
96823  -21.591  -5.891  -21.114 0.8888888955
97933  -21.586  -5.332  -21.064 1.0000000000
100229  -22.905  -2.349  -25.122 0.8888888955
101290  -23.975  -1.435  -26.239 0.6666666865
101296  -25.002  -1.337  -27.610 0.6666666865
99066  -21.229  -2.569  -21.278 1.0000000000
102232  -23.111  -0.417  -25.380 0.7777777910
102255  -25.109  -0.519  -27.949 0.5555555820
100162  -20.897  -1.986  -21.090 1.0000000000
103067  -22.073  0.502  -24.219 0.7777777910
102253  -24.184  0.031  -26.822 0.6666666865
101228  -23.097  -1.595  -22.295 0.8888888955
147587  -21.997  -1.155  -21.409 1.0000000000
103830  -20.117  1.138  -21.735 0.7777777910
103906  -24.330  1.481  -27.631 0.5555555820
103116  -25.134  0.798  -28.246 0.5555555820
103829  -20.237  0.751  -21.008 0.8888888955
103880  -23.215  1.489  -25.491 0.6666666865
104691  -23.547  2.410  -25.905 0.5555555820
102207  -25.745  -0.452  -23.387 0.5555555820
147592  -24.374  0.330  -23.265 1.0000000000
104666  -24.869  1.743  -23.220 0.6666666865
103786  -24.072  2.655  -21.371 0.7777777910
105517  -23.899  3.224  -22.122 0.6666666865
107601  -22.941  3.210  -20.867 0.6666666865
106569  -23.677  3.324  -21.651 0.6666666865
107620  -23.124  3.630  -22.059 0.6666666865
106582  -22.224  3.634  -21.882 0.5555555820
105589  -22.438  3.386  -24.059 0.4444444478
107659  -23.237  5.272  -24.479 0.5555555820
107647  -25.200  5.514  -23.911 0.6666666865
109539  -22.422  7.155  -22.370 0.6666666865
95822  -24.903  -6.518  -26.545 0.7777777910
98018  -25.090  -4.448  -27.117 0.6666666865
109553  -23.371  7.517  -24.456 0.6666666865
109563  -23.982  7.555  -25.452 0.4444444478
88944  -24.981  -13.878  -25.261 0.4444444478
88918  -22.816  -13.856  -22.698 0.4444444478
89950  -23.163  -12.659  -23.176 0.4444444478
89966  -24.303  -12.872  -24.726 0.4444444478
89967  -24.809  -13.006  -25.340 0.4444444478
91022  -23.368  -11.618  -23.746 0.4444444478
91035  -24.110  -11.661  -24.711 0.4444444478
91036  -24.507  -12.310  -25.138 0.4444444478
93941  -25.593  -8.103  -26.689 0.5555555820
94867  -25.919  -7.370  -26.960 0.6666666865
94854  -25.286  -7.422  -26.599 0.6666666865
95834  -25.617  -6.463  -27.024 0.6666666865
96915  -26.846  -5.496  -27.577 0.5555555820
96913  -25.306  -5.486  -27.064 0.6666666865
96914  -26.084  -5.484  -27.475 0.5555555820
99164  -26.724  -2.659  -28.248 0.5555555820
100259  -27.010  -2.234  -28.321 0.4444444478
147596  -24.340  5.990  -22.424 0.5555555820
108593  -24.753  6.321  -22.359 0.5555555820
109529  -23.170  7.027  -21.519 0.5555555820
110468  -22.453  8.094  -21.856 0.5555555820
110472  -22.748  8.375  -23.061 0.5555555820
110477  -23.714  8.622  -24.218 0.5555555820
87949  -24.429  -14.642  -24.497 0.4444444478
95835  -26.348  -6.449  -27.282 0.6666666865
109530  -23.827  7.163  -21.194 0.5555555820
109554  -23.762  8.116  -24.847 0.5555555820
102264  -26.149  -0.236  -28.547 0.4444444478
109540  -25.275  6.798  -22.305 0.5555555820
109510  -22.770  7.803  -21.000 0.5555555820
111461  -23.247  8.946  -23.072 0.5555555820
88908  -22.584  -13.493  -21.948 0.4444444478
98019  -25.851  -4.459  -27.607 0.5555555820
99149  -26.453  -3.300  -27.994 0.4444444478
88931  -24.061  -13.733  -24.262 0.4444444478
88960  -25.360  -13.626  -25.543 0.4444444478
88917  -22.537  -14.527  -22.474 0.4444444478
87935  -23.239  -14.718  -23.352 0.4444444478
88930  -23.453  -13.716  -23.562 0.4444444478
87936  -23.843  -14.648  -23.948 0.4444444478
89951  -23.739  -12.705  -24.016 0.4444444478
89980  -25.361  -12.768  -25.807 0.4444444478
94868  -26.588  -7.404  -27.206 0.4444444478
98020  -26.654  -4.453  -27.766 0.5555555820
110469  -22.636  8.678  -22.101 0.5555555820
111452  -22.433  8.962  -21.145 0.4444444478
111449  -22.484  8.987  -20.751 0.4444444478
111457  -23.158  9.128  -22.472 0.4444444478
111469  -24.663  9.147  -25.729 0.4444444478
110489  -24.593  8.283  -25.937 0.4444444478
111473  -24.882  8.771  -26.327 0.4444444478
95813  -23.737  -6.663  -25.423 1.0000000000
95755  -22.126  -7.476  -20.748 0.8888888955
95775  -21.455  -6.054  -21.306 1.0000000000
99140  -23.784  -3.331  -25.869 0.8888888955
100237  -24.165  -2.390  -26.408 0.7777777910
101279  -21.886  -1.394  -24.414 0.7777777910
100175  -23.094  -2.420  -22.232 0.8888888955
101244  -20.228  -1.305  -22.224 0.8888888955
102217  -21.022  -0.567  -23.387 0.7777777910
102231  -22.375  -0.463  -24.709 0.7777777910
101243  -19.922  -1.215  -21.723 0.8888888955
103051  -20.135  0.238  -22.173 0.8888888955
103052  -20.736  0.367  -23.058 0.7777777910
103096  -23.889  0.667  -26.603 0.5555555820
102262  -24.911  0.123  -28.039 0.5555555820
103849  -21.890  1.639  -23.903 0.5555555820
103081  -22.816  0.532  -25.071 0.6666666865
103881  -23.677  1.510  -26.335 0.5555555820
103907  -24.780  1.528  -28.078 0.5555555820
103831  -20.510  1.691  -22.364 0.7777777910
104645  -21.039  2.392  -22.734 0.6666666865
105551  -21.213  3.147  -22.387 0.6666666865
103847  -20.405  0.996  -22.471 0.7777777910
104663  -21.666  2.445  -23.633 0.5555555820
104677  -22.327  2.476  -24.235 0.5555555820
103864  -22.576  1.508  -24.676 0.6666666865
105600  -22.956  3.261  -24.690 0.4444444478
103787  -24.111  2.624  -21.640 0.7777777910
103797  -24.278  2.696  -21.861 0.7777777910
104624  -24.524  3.165  -22.089 0.7777777910
104596  -23.852  2.703  -21.336 0.7777777910
105502  -23.727  2.974  -20.755 0.6666666865
106550  -23.192  3.091  -20.762 0.6666666865
105518  -24.054  3.225  -21.473 0.6666666865
104614  -24.328  3.023  -21.675 0.7777777910
107590  -22.931  3.057  -20.682 0.6666666865
107608  -23.035  3.278  -21.236 0.6666666865
106553  -24.065  3.876  -20.636 0.6666666865
105510  -24.066  3.360  -20.877 0.6666666865
107593  -23.513  3.467  -21.041 0.6666666865
106595  -21.925  3.788  -22.512 0.4444444478
107645  -22.672  5.043  -23.924 0.4444444478
108612  -22.600  5.202  -23.369 0.5555555820
105588  -21.878  3.127  -23.739 0.4444444478
105573  -22.074  3.559  -23.616 0.4444444478
106638  -24.493  3.718  -24.899 0.5555555820
108613  -22.455  6.025  -23.725 0.6666666865
107658  -22.898  5.066  -24.012 0.5555555820
109562  -23.553  6.958  -25.054 0.4444444478
110462  -22.469  8.377  -21.148 0.5555555820
110476  -23.214  8.137  -23.747 0.5555555820
104597  -23.958  2.928  -20.957 0.7777777910
107591  -22.943  3.227  -20.596 0.6666666865
107602  -23.186  3.383  -21.044 0.6666666865
104676  -22.037  2.883  -23.944 0.4444444478
110482  -24.185  8.585  -25.131 0.5555555820
88943  -24.572  -13.802  -24.876 0.4444444478
88907  -22.406  -14.346  -22.130 0.4444444478
99165  -27.008  -2.827  -28.211 0.5555555820
110463  -22.499  8.757  -21.488 0.5555555820
110473  -23.349  8.720  -23.466 0.5555555820
104598  -24.070  3.093  -20.815 0.7777777910
103788  -24.450  2.858  -21.033 0.7777777910
104608  -24.291  3.061  -21.201 0.7777777910
103789  -24.728  2.845  -21.014 0.7777777910
105503  -23.873  3.215  -20.491 0.6666666865
106551  -23.603  3.253  -20.695 0.6666666865
106552  -23.825  3.439  -20.582 0.6666666865
105504  -24.017  3.352  -20.624 0.6666666865
104599  -24.202  3.139  -20.900 0.7777777910
107592  -23.405  3.424  -20.681 0.6666666865
