#!ascii label  , from subject mmSR20151113 vox2ras=TkReg
869
7999 -60.504 -22.858 -21.636 0.0000000000
8164 -60.598 -22.556 -21.974 0.0000000000
8102 -60.539 -22.793 -9.201 0.0000000000
8324 -60.631 -21.601 -21.826 0.0000000000
8482 -60.582 -20.449 -21.842 0.0000000000
8654 -60.551 -19.500 -22.308 0.0000000000
8635 -60.559 -19.444 -21.806 0.0000000000
8799 -60.679 -18.519 -22.168 0.0000000000
8941 -60.603 -17.736 -21.962 0.0000000000
4994 -59.527 -39.526 -18.679 0.0000000000
5182 -59.676 -38.571 -18.639 0.0000000000
5201 -59.615 -39.187 -19.209 0.0000000000
4984 -59.655 -38.991 -18.219 0.0000000000
5168 -59.601 -38.435 -17.743 0.0000000000
5379 -59.508 -37.790 -17.864 0.0000000000
5394 -59.724 -38.085 -18.190 0.0000000000
6152 -59.619 -33.732 -15.321 0.0000000000
7241 -59.529 -26.945 -22.853 0.0000000000
7263 -59.666 -26.596 -23.253 0.0000000000
7444 -59.921 -26.255 -22.940 0.0000000000
7456 -59.770 -26.199 -23.283 0.0000000000
7428 -59.544 -26.390 -22.436 0.0000000000
7632 -59.567 -25.482 -22.567 0.0000000000
7644 -59.632 -25.437 -23.158 0.0000000000
7842 -59.646 -24.429 -22.567 0.0000000000
7863 -59.587 -24.474 -23.023 0.0000000000
8024 -59.759 -23.700 -22.795 0.0000000000
7825 -59.548 -24.451 -21.969 0.0000000000
7826 -59.917 -23.786 -21.887 0.0000000000
7843 -59.878 -23.885 -22.130 0.0000000000
8006 -59.738 -23.599 -21.531 0.0000000000
8025 -59.965 -23.640 -22.342 0.0000000000
8181 -59.741 -22.809 -22.892 0.0000000000
8007 -60.289 -23.345 -21.890 0.0000000000
8182 -60.229 -23.012 -22.432 0.0000000000
7998 -60.201 -23.059 -21.277 0.0000000000
8155 -60.009 -22.524 -20.905 0.0000000000
8341 -60.237 -21.912 -22.497 0.0000000000
8156 -60.495 -22.435 -21.466 0.0000000000
8309 -59.894 -21.775 -20.919 0.0000000000
8310 -60.407 -21.924 -21.272 0.0000000000
8500 -59.655 -20.824 -22.748 0.0000000000
8501 -60.384 -20.638 -22.359 0.0000000000
8322 -59.902 -21.014 -21.084 0.0000000000
8323 -60.350 -21.192 -21.402 0.0000000000
8653 -59.817 -19.526 -22.957 0.0000000000
8481 -60.246 -20.312 -21.438 0.0000000000
8782 -60.463 -18.561 -21.731 0.0000000000
8634 -60.073 -19.419 -21.448 0.0000000000
8781 -59.881 -18.565 -21.490 0.0000000000
8798 -60.271 -18.483 -22.772 0.0000000000
8816 -59.583 -18.426 -23.320 0.0000000000
8940 -60.376 -17.548 -22.574 0.0000000000
8960 -59.789 -17.505 -23.384 0.0000000000
8925 -59.694 -17.803 -21.540 0.0000000000
8926 -60.293 -17.868 -21.689 0.0000000000
9077 -59.579 -17.024 -21.624 0.0000000000
9078 -60.153 -17.341 -21.703 0.0000000000
9091 -60.217 -16.798 -22.138 0.0000000000
9092 -60.421 -17.412 -21.824 0.0000000000
9107 -60.013 -16.384 -23.198 0.0000000000
9242 -59.711 -15.510 -22.742 0.0000000000
9254 -59.666 -15.392 -23.498 0.0000000000
4478 -58.581 -42.458 -20.108 0.0000000000
4649 -58.699 -41.555 -19.624 0.0000000000
4657 -58.582 -41.670 -20.331 0.0000000000
4835 -59.014 -40.511 -19.727 0.0000000000
4841 -58.587 -40.879 -20.471 0.0000000000
5009 -59.218 -39.563 -19.760 0.0000000000
5019 -58.664 -40.108 -20.496 0.0000000000
4821 -59.060 -40.460 -18.876 0.0000000000
4822 -59.499 -40.017 -18.972 0.0000000000
4836 -59.339 -40.186 -19.185 0.0000000000
5010 -59.480 -39.823 -19.249 0.0000000000
4805 -58.535 -40.164 -18.260 0.0000000000
4806 -59.056 -39.922 -18.400 0.0000000000
4993 -59.256 -39.790 -18.487 0.0000000000
5200 -59.136 -38.612 -19.519 0.0000000000
5215 -58.786 -39.317 -20.257 0.0000000000
4983 -59.211 -39.423 -17.999 0.0000000000
5167 -58.936 -38.753 -17.302 0.0000000000
5181 -59.490 -38.227 -18.959 0.0000000000
5393 -59.328 -37.837 -18.551 0.0000000000
5407 -58.870 -37.998 -19.151 0.0000000000
5408 -59.294 -38.103 -19.070 0.0000000000
5158 -58.592 -38.207 -16.782 0.0000000000
5159 -59.219 -38.117 -17.067 0.0000000000
5364 -59.318 -37.747 -17.362 0.0000000000
5378 -58.872 -37.102 -17.625 0.0000000000
5363 -58.772 -37.371 -16.736 0.0000000000
5564 -58.732 -36.557 -16.748 0.0000000000
5579 -58.639 -36.541 -17.146 0.0000000000
5550 -58.708 -36.339 -15.918 0.0000000000
5773 -58.666 -35.768 -16.307 0.0000000000
5541 -58.799 -35.735 -15.441 0.0000000000
5757 -58.954 -35.278 -15.648 0.0000000000
5967 -59.158 -34.622 -15.680 0.0000000000
5982 -58.671 -34.756 -16.119 0.0000000000
5740 -58.930 -35.301 -15.049 0.0000000000
5741 -59.191 -34.877 -15.294 0.0000000000
5758 -59.219 -34.797 -15.490 0.0000000000
5946 -58.633 -34.615 -14.547 0.0000000000
5947 -59.293 -34.581 -14.946 0.0000000000
6151 -59.213 -33.846 -15.730 0.0000000000
6166 -58.675 -34.076 -16.033 0.0000000000
5968 -59.372 -34.338 -15.341 0.0000000000
7240 -58.565 -27.547 -22.639 0.0000000000
7262 -59.117 -26.985 -23.367 0.0000000000
7226 -58.547 -27.484 -21.992 0.0000000000
7227 -59.181 -27.071 -22.354 0.0000000000
7427 -59.018 -26.579 -21.926 0.0000000000
7455 -59.396 -26.239 -23.521 0.0000000000
7616 -59.254 -25.615 -22.036 0.0000000000
7643 -58.877 -25.479 -23.550 0.0000000000
7862 -59.194 -24.650 -23.364 0.0000000000
7824 -58.693 -24.778 -21.729 0.0000000000
7770 -59.117 -24.577 -17.381 0.0000000000
8044 -58.859 -23.859 -23.332 0.0000000000
8045 -59.422 -24.043 -23.171 0.0000000000
8005 -58.912 -23.903 -21.374 0.0000000000
7800 -58.815 -24.202 -18.578 0.0000000000
7801 -59.033 -23.886 -18.781 0.0000000000
7785 -59.121 -24.118 -18.018 0.0000000000
7786 -59.429 -23.871 -17.789 0.0000000000
7967 -59.359 -23.631 -17.780 0.0000000000
8023 -58.751 -23.394 -23.241 0.0000000000
8180 -58.827 -22.864 -23.072 0.0000000000
8199 -59.148 -23.299 -23.214 0.0000000000
8200 -59.354 -23.446 -23.136 0.0000000000
7997 -59.213 -23.302 -20.604 0.0000000000
7982 -58.700 -23.363 -19.420 0.0000000000
8142 -58.504 -22.868 -19.153 0.0000000000
7952 -59.282 -23.369 -17.723 0.0000000000
7966 -58.937 -23.491 -18.269 0.0000000000
8119 -58.800 -22.853 -17.762 0.0000000000
8340 -59.290 -21.869 -22.859 0.0000000000
8153 -58.564 -21.918 -20.312 0.0000000000
8154 -58.976 -22.482 -20.323 0.0000000000
8499 -58.550 -20.905 -22.968 0.0000000000
8308 -59.108 -21.424 -20.725 0.0000000000
8464 -58.631 -20.795 -20.762 0.0000000000
8652 -59.074 -20.124 -23.083 0.0000000000
8479 -58.560 -20.073 -20.989 0.0000000000
8480 -59.451 -20.346 -21.097 0.0000000000
8667 -58.710 -19.367 -23.471 0.0000000000
8668 -59.247 -18.898 -23.374 0.0000000000
8633 -59.254 -19.373 -21.304 0.0000000000
8780 -59.026 -18.528 -21.415 0.0000000000
8815 -58.705 -18.412 -23.910 0.0000000000
8959 -59.268 -17.896 -23.697 0.0000000000
8924 -58.824 -17.686 -21.464 0.0000000000
8980 -58.854 -17.361 -24.270 0.0000000000
8981 -59.463 -16.619 -23.882 0.0000000000
9076 -58.636 -16.796 -21.589 0.0000000000
9130 -58.873 -16.251 -24.518 0.0000000000
9131 -59.434 -15.748 -24.019 0.0000000000
9227 -59.388 -16.091 -21.905 0.0000000000
9273 -58.591 -15.178 -24.704 0.0000000000
9274 -59.283 -14.901 -24.000 0.0000000000
9409 -59.331 -14.689 -23.507 0.0000000000
9430 -59.186 -14.559 -23.872 0.0000000000
9395 -59.217 -14.651 -22.878 0.0000000000
9241 -58.967 -15.202 -22.330 0.0000000000
9429 -58.785 -14.195 -24.093 0.0000000000
9555 -58.512 -13.659 -23.860 0.0000000000
9394 -58.521 -14.452 -22.739 0.0000000000
9408 -58.735 -14.091 -23.426 0.0000000000
2016 -57.589 -55.529 -14.904 0.0000000000
2168 -57.805 -54.816 -15.716 0.0000000000
2185 -57.668 -54.547 -16.475 0.0000000000
2027 -57.706 -55.194 -15.314 0.0000000000
2342 -57.743 -53.765 -17.229 0.0000000000
2322 -58.150 -54.010 -15.994 0.0000000000
2537 -57.566 -52.756 -17.928 0.0000000000
2343 -58.150 -53.043 -16.723 0.0000000000
2524 -57.968 -52.713 -17.036 0.0000000000
2323 -58.334 -53.088 -16.094 0.0000000000
2525 -58.220 -52.541 -16.369 0.0000000000
2741 -57.611 -52.223 -17.179 0.0000000000
2510 -58.398 -52.387 -15.831 0.0000000000
2713 -58.118 -51.578 -15.693 0.0000000000
2726 -57.943 -51.988 -16.452 0.0000000000
2727 -58.282 -52.048 -15.976 0.0000000000
2712 -57.668 -51.440 -15.968 0.0000000000
3830 -57.697 -46.602 -24.067 0.0000000000
3622 -57.542 -47.139 -22.597 0.0000000000
3638 -57.526 -47.413 -23.416 0.0000000000
4013 -57.508 -45.832 -24.722 0.0000000000
4004 -57.800 -45.695 -23.794 0.0000000000
3815 -57.830 -46.496 -23.043 0.0000000000
3796 -57.740 -46.470 -21.924 0.0000000000
3972 -58.047 -45.500 -21.191 0.0000000000
4182 -57.733 -44.504 -23.817 0.0000000000
4193 -57.661 -45.269 -24.328 0.0000000000
3991 -58.052 -45.429 -22.523 0.0000000000
3973 -58.288 -44.816 -20.776 0.0000000000
4156 -58.236 -44.704 -21.453 0.0000000000
3955 -57.621 -45.494 -20.312 0.0000000000
3956 -58.128 -45.081 -20.466 0.0000000000
4130 -57.602 -44.572 -19.572 0.0000000000
4138 -58.067 -44.988 -20.022 0.0000000000
4172 -58.067 -44.388 -22.338 0.0000000000
4157 -58.360 -44.187 -20.766 0.0000000000
4333 -58.196 -43.691 -21.233 0.0000000000
4334 -58.358 -43.818 -20.768 0.0000000000
4131 -58.098 -44.109 -19.696 0.0000000000
4139 -58.275 -44.403 -20.136 0.0000000000
4310 -58.250 -43.613 -19.787 0.0000000000
4309 -57.944 -43.696 -19.452 0.0000000000
4350 -57.619 -43.068 -23.899 0.0000000000
4343 -57.907 -43.486 -22.626 0.0000000000
4495 -57.914 -42.721 -21.609 0.0000000000
4317 -58.263 -43.355 -20.733 0.0000000000
4477 -58.212 -42.797 -20.688 0.0000000000
4318 -58.356 -43.471 -20.398 0.0000000000
4468 -58.377 -42.652 -19.593 0.0000000000
4458 -57.835 -42.855 -19.112 0.0000000000
4467 -58.136 -43.216 -19.490 0.0000000000
4512 -57.604 -42.145 -23.691 0.0000000000
4504 -57.736 -42.457 -22.724 0.0000000000
4684 -57.553 -41.595 -22.733 0.0000000000
4672 -57.828 -41.698 -21.636 0.0000000000
4656 -58.072 -42.056 -20.941 0.0000000000
4459 -58.181 -42.267 -19.189 0.0000000000
4640 -57.908 -41.905 -18.887 0.0000000000
4641 -58.433 -41.640 -19.149 0.0000000000
4853 -57.657 -40.890 -21.805 0.0000000000
4673 -58.220 -41.401 -20.823 0.0000000000
4854 -58.164 -40.834 -21.034 0.0000000000
4819 -57.516 -41.464 -18.556 0.0000000000
4820 -58.147 -41.037 -18.659 0.0000000000
5027 -57.544 -40.148 -21.758 0.0000000000
5018 -58.206 -39.646 -20.907 0.0000000000
5028 -58.097 -40.279 -21.206 0.0000000000
4982 -58.141 -39.507 -17.608 0.0000000000
5017 -57.535 -39.376 -21.213 0.0000000000
5214 -58.231 -38.936 -20.408 0.0000000000
4971 -57.543 -39.071 -17.173 0.0000000000
5166 -58.217 -38.738 -17.113 0.0000000000
5199 -57.999 -38.315 -19.642 0.0000000000
5392 -58.194 -37.582 -18.723 0.0000000000
5157 -57.615 -38.418 -16.696 0.0000000000
5362 -58.156 -37.737 -16.320 0.0000000000
5377 -57.663 -36.911 -17.997 0.0000000000
5352 -57.705 -37.363 -15.796 0.0000000000
5353 -58.401 -37.149 -15.974 0.0000000000
5549 -58.089 -36.727 -15.448 0.0000000000
5563 -58.414 -36.115 -16.872 0.0000000000
5578 -58.141 -36.437 -17.374 0.0000000000
5783 -57.738 -35.903 -17.072 0.0000000000
5539 -57.500 -36.237 -14.889 0.0000000000
5540 -58.469 -36.022 -15.176 0.0000000000
5772 -58.134 -35.453 -16.636 0.0000000000
5981 -57.769 -34.770 -16.441 0.0000000000
5739 -58.078 -35.455 -14.627 0.0000000000
5945 -57.647 -34.801 -14.206 0.0000000000
6150 -58.469 -33.517 -15.975 0.0000000000
6164 -57.512 -34.308 -16.220 0.0000000000
6165 -58.104 -34.175 -16.168 0.0000000000
6311 -58.062 -32.650 -15.804 0.0000000000
7239 -57.648 -27.899 -22.937 0.0000000000
7015 -57.906 -28.355 -21.952 0.0000000000
7016 -58.381 -27.862 -22.215 0.0000000000
7033 -57.810 -28.268 -22.399 0.0000000000
7034 -58.223 -28.032 -22.296 0.0000000000
7225 -57.710 -27.656 -21.534 0.0000000000
7261 -58.111 -27.232 -23.365 0.0000000000
7426 -58.123 -26.707 -21.670 0.0000000000
7454 -58.480 -26.376 -23.585 0.0000000000
7615 -58.450 -25.748 -21.753 0.0000000000
7642 -57.762 -25.498 -23.484 0.0000000000
7861 -58.245 -24.509 -23.396 0.0000000000
7823 -57.790 -24.910 -21.599 0.0000000000
7753 -57.757 -24.512 -16.650 0.0000000000
7769 -58.238 -24.664 -17.302 0.0000000000
7840 -57.571 -23.942 -23.248 0.0000000000
7841 -57.924 -24.075 -23.326 0.0000000000
8043 -58.333 -23.968 -23.351 0.0000000000
7996 -58.156 -23.726 -20.552 0.0000000000
8004 -57.964 -24.171 -21.317 0.0000000000
7964 -57.664 -24.169 -18.547 0.0000000000
7965 -58.425 -24.244 -18.633 0.0000000000
7981 -58.480 -23.835 -19.342 0.0000000000
7783 -57.833 -24.454 -17.811 0.0000000000
7784 -58.496 -24.374 -18.017 0.0000000000
8022 -58.162 -23.491 -23.206 0.0000000000
8179 -57.730 -22.639 -22.971 0.0000000000
8130 -58.452 -22.840 -18.388 0.0000000000
8339 -58.210 -21.890 -22.882 0.0000000000
8141 -58.013 -22.160 -19.743 0.0000000000
8296 -57.502 -21.699 -19.990 0.0000000000
8129 -57.870 -22.472 -18.818 0.0000000000
8118 -57.926 -22.445 -18.038 0.0000000000
8270 -58.244 -22.091 -17.444 0.0000000000
8498 -57.511 -21.238 -23.025 0.0000000000
8514 -57.588 -20.501 -23.349 0.0000000000
8463 -57.874 -20.649 -20.685 0.0000000000
8307 -58.130 -21.428 -20.362 0.0000000000
8256 -57.628 -21.352 -17.115 0.0000000000
8666 -57.664 -19.730 -23.808 0.0000000000
8515 -58.321 -20.086 -23.300 0.0000000000
8478 -57.801 -19.973 -20.973 0.0000000000
8826 -57.856 -18.670 -24.740 0.0000000000
8814 -58.002 -19.045 -24.074 0.0000000000
8632 -58.335 -19.313 -21.227 0.0000000000
8779 -58.045 -18.504 -21.314 0.0000000000
8827 -58.249 -18.037 -24.720 0.0000000000
8832 -57.618 -18.223 -25.424 0.0000000000
8833 -58.080 -17.552 -25.030 0.0000000000
8923 -57.811 -17.615 -21.405 0.0000000000
8992 -58.243 -16.783 -24.991 0.0000000000
9075 -57.606 -16.709 -21.587 0.0000000000
9147 -57.732 -16.269 -25.221 0.0000000000
9148 -58.337 -15.917 -24.984 0.0000000000
9288 -58.058 -15.552 -25.151 0.0000000000
9289 -58.351 -15.533 -24.987 0.0000000000
9226 -58.376 -15.892 -21.830 0.0000000000
9272 -57.654 -14.885 -25.142 0.0000000000
9240 -58.025 -15.088 -22.244 0.0000000000
9428 -57.850 -14.003 -24.709 0.0000000000
9538 -58.231 -13.532 -23.661 0.0000000000
9393 -57.661 -14.357 -22.677 0.0000000000
9407 -58.081 -13.834 -23.178 0.0000000000
9537 -57.591 -13.227 -23.550 0.0000000000
9554 -57.904 -13.158 -24.183 0.0000000000
2025 -56.621 -55.564 -15.958 0.0000000000
1883 -57.146 -56.119 -14.609 0.0000000000
2015 -56.896 -56.051 -15.366 0.0000000000
2183 -56.653 -54.653 -17.050 0.0000000000
2184 -57.179 -54.725 -16.954 0.0000000000
2026 -57.359 -55.481 -15.658 0.0000000000
2167 -57.242 -55.137 -16.307 0.0000000000
2366 -56.844 -53.628 -19.053 0.0000000000
2341 -56.841 -54.442 -17.542 0.0000000000
2353 -56.963 -54.072 -18.328 0.0000000000
2559 -56.582 -52.729 -19.564 0.0000000000
2367 -57.140 -53.255 -18.973 0.0000000000
2376 -56.881 -53.219 -19.356 0.0000000000
2377 -57.099 -53.096 -19.153 0.0000000000
2548 -56.773 -52.513 -19.019 0.0000000000
2550 -57.350 -52.995 -18.629 0.0000000000
2560 -56.992 -52.843 -19.154 0.0000000000
2561 -57.201 -52.947 -18.954 0.0000000000
2354 -57.312 -53.451 -18.413 0.0000000000
2549 -57.079 -52.490 -18.522 0.0000000000
2536 -57.299 -52.434 -18.090 0.0000000000
2740 -57.136 -52.051 -17.696 0.0000000000
2755 -56.776 -51.972 -18.184 0.0000000000
2724 -56.697 -51.511 -17.040 0.0000000000
2725 -57.258 -51.642 -16.639 0.0000000000
2934 -57.096 -50.949 -15.736 0.0000000000
2948 -56.632 -51.216 -16.386 0.0000000000
2919 -56.564 -50.199 -15.148 0.0000000000
3473 -56.508 -48.798 -23.620 0.0000000000
3666 -56.951 -47.605 -25.538 0.0000000000
3675 -56.715 -47.512 -26.035 0.0000000000
3483 -56.724 -48.143 -25.261 0.0000000000
3484 -57.026 -48.019 -24.726 0.0000000000
3459 -57.300 -47.922 -23.933 0.0000000000
3474 -56.868 -48.478 -24.268 0.0000000000
3475 -57.211 -47.883 -24.425 0.0000000000
3458 -57.006 -48.213 -23.438 0.0000000000
3637 -57.050 -47.761 -22.760 0.0000000000
3636 -56.509 -47.783 -22.353 0.0000000000
3676 -57.067 -47.383 -25.650 0.0000000000
3846 -56.557 -46.761 -26.027 0.0000000000
3847 -57.134 -46.977 -25.676 0.0000000000
3667 -57.143 -47.497 -25.069 0.0000000000
3838 -57.361 -46.726 -24.927 0.0000000000
3656 -57.460 -47.362 -24.303 0.0000000000
3621 -57.085 -47.284 -22.053 0.0000000000
3795 -56.997 -46.726 -21.388 0.0000000000
3837 -57.013 -46.239 -25.464 0.0000000000
3776 -56.835 -46.180 -20.671 0.0000000000
3777 -57.491 -46.087 -21.089 0.0000000000
3954 -56.925 -45.695 -20.085 0.0000000000
4012 -56.817 -45.450 -24.981 0.0000000000
4181 -56.884 -44.503 -24.616 0.0000000000
4192 -57.407 -45.080 -24.633 0.0000000000
3940 -57.167 -45.274 -19.771 0.0000000000
4113 -56.591 -44.541 -19.046 0.0000000000
4129 -56.975 -44.967 -19.488 0.0000000000
4349 -57.173 -43.630 -24.628 0.0000000000
4114 -57.155 -44.161 -19.119 0.0000000000
4299 -56.859 -43.772 -18.817 0.0000000000
4300 -57.456 -43.706 -19.109 0.0000000000
4358 -56.646 -43.133 -24.818 0.0000000000
4359 -57.180 -42.829 -24.812 0.0000000000
4456 -56.550 -43.271 -18.565 0.0000000000
4457 -57.097 -43.086 -18.758 0.0000000000
4638 -56.608 -42.689 -18.496 0.0000000000
4524 -57.173 -42.048 -25.013 0.0000000000
4360 -57.453 -42.400 -24.415 0.0000000000
4525 -57.451 -41.897 -24.319 0.0000000000
4639 -57.189 -42.205 -18.613 0.0000000000
4623 -57.052 -41.557 -18.385 0.0000000000
4703 -56.783 -41.376 -25.055 0.0000000000
4691 -57.392 -41.488 -23.670 0.0000000000
4704 -57.207 -41.445 -24.452 0.0000000000
4878 -56.597 -40.559 -23.913 0.0000000000
4879 -57.095 -40.966 -23.787 0.0000000000
4892 -56.885 -40.987 -24.480 0.0000000000
4868 -56.915 -40.566 -23.197 0.0000000000
4869 -57.261 -40.876 -22.771 0.0000000000
4804 -57.289 -40.724 -18.133 0.0000000000
5042 -56.540 -40.104 -22.947 0.0000000000
5043 -57.023 -40.319 -22.515 0.0000000000
5026 -56.943 -39.789 -22.008 0.0000000000
4981 -56.932 -39.801 -17.445 0.0000000000
5213 -57.241 -38.859 -20.556 0.0000000000
5224 -56.688 -39.220 -21.443 0.0000000000
5198 -56.744 -38.519 -19.814 0.0000000000
4970 -56.682 -39.105 -16.993 0.0000000000
5180 -57.245 -38.008 -19.174 0.0000000000
5391 -56.937 -37.505 -18.602 0.0000000000
5351 -56.649 -37.603 -15.757 0.0000000000
5361 -57.353 -37.873 -16.202 0.0000000000
5548 -57.115 -36.958 -15.317 0.0000000000
5902 -56.672 -35.627 -27.770 0.0000000000
5562 -56.983 -35.823 -17.157 0.0000000000
5577 -57.084 -36.253 -17.430 0.0000000000
5782 -57.251 -35.839 -17.143 0.0000000000
5909 -56.592 -35.449 -28.672 0.0000000000
6102 -56.516 -34.928 -28.824 0.0000000000
6094 -56.865 -34.731 -27.823 0.0000000000
5882 -57.058 -34.850 -26.645 0.0000000000
5896 -56.879 -35.183 -26.940 0.0000000000
6086 -57.111 -34.785 -27.072 0.0000000000
6095 -57.068 -34.514 -27.203 0.0000000000
5881 -56.747 -35.057 -26.346 0.0000000000
5771 -57.162 -35.428 -16.842 0.0000000000
5980 -56.826 -34.608 -16.315 0.0000000000
5738 -56.760 -35.410 -14.284 0.0000000000
6087 -57.161 -34.257 -26.804 0.0000000000
6262 -57.103 -33.728 -26.604 0.0000000000
6269 -56.835 -33.998 -27.475 0.0000000000
6270 -57.064 -34.266 -27.165 0.0000000000
6080 -57.111 -34.344 -26.193 0.0000000000
6081 -57.231 -33.993 -26.445 0.0000000000
6255 -57.173 -33.680 -26.103 0.0000000000
6415 -57.218 -33.516 -26.093 0.0000000000
6071 -56.850 -34.158 -25.241 0.0000000000
6251 -56.633 -33.518 -24.505 0.0000000000
6254 -57.132 -33.604 -25.396 0.0000000000
6149 -57.292 -33.670 -15.938 0.0000000000
6261 -56.565 -33.383 -26.956 0.0000000000
6413 -56.573 -32.635 -25.713 0.0000000000
6414 -57.110 -33.107 -25.721 0.0000000000
6421 -56.951 -33.061 -26.312 0.0000000000
6422 -57.108 -33.359 -26.170 0.0000000000
6408 -56.937 -32.874 -24.764 0.0000000000
6567 -56.767 -32.528 -25.114 0.0000000000
6310 -56.882 -32.592 -15.624 0.0000000000
6380 -56.608 -31.507 -22.041 0.0000000000
6537 -56.623 -31.058 -21.611 0.0000000000
6546 -56.706 -31.045 -22.270 0.0000000000
6679 -57.005 -30.148 -21.790 0.0000000000
6680 -57.255 -29.639 -21.919 0.0000000000
6693 -56.657 -30.244 -22.385 0.0000000000
6694 -57.133 -29.851 -22.057 0.0000000000
6670 -56.659 -30.291 -21.164 0.0000000000
7032 -57.041 -28.574 -22.608 0.0000000000
6840 -57.320 -29.266 -21.737 0.0000000000
6856 -57.256 -29.230 -22.174 0.0000000000
6839 -57.000 -29.479 -21.230 0.0000000000
7004 -56.705 -28.743 -20.860 0.0000000000
7014 -57.325 -28.587 -21.347 0.0000000000
7238 -56.689 -27.930 -22.982 0.0000000000
7224 -56.782 -27.758 -21.078 0.0000000000
7260 -57.162 -27.352 -23.256 0.0000000000
7452 -56.699 -26.965 -23.293 0.0000000000
7425 -57.105 -26.769 -21.454 0.0000000000
7453 -57.157 -26.477 -23.416 0.0000000000
7614 -57.463 -25.788 -21.616 0.0000000000
7860 -57.126 -24.580 -23.298 0.0000000000
7822 -56.796 -24.806 -21.468 0.0000000000
7839 -56.771 -23.837 -23.154 0.0000000000
7995 -56.888 -23.908 -20.826 0.0000000000
8003 -57.333 -24.374 -21.365 0.0000000000
7980 -57.300 -23.705 -19.685 0.0000000000
7950 -56.775 -24.102 -18.019 0.0000000000
7951 -57.397 -24.329 -17.914 0.0000000000
7752 -56.659 -24.254 -16.683 0.0000000000
7768 -57.263 -24.436 -17.371 0.0000000000
8086 -56.556 -22.968 -26.969 0.0000000000
8021 -57.177 -23.260 -23.020 0.0000000000
8233 -56.531 -22.270 -26.866 0.0000000000
8217 -56.533 -22.447 -25.975 0.0000000000
8372 -56.636 -21.590 -25.420 0.0000000000
8178 -56.778 -22.486 -22.947 0.0000000000
8338 -57.248 -21.885 -22.904 0.0000000000
8140 -57.396 -21.878 -19.655 0.0000000000
8295 -56.854 -21.634 -19.777 0.0000000000
8128 -57.256 -22.052 -19.234 0.0000000000
8117 -57.154 -22.077 -18.454 0.0000000000
8269 -57.278 -21.859 -17.702 0.0000000000
8387 -56.895 -21.475 -26.297 0.0000000000
8534 -57.093 -20.774 -25.614 0.0000000000
8526 -56.700 -20.842 -24.551 0.0000000000
8497 -56.929 -21.438 -23.046 0.0000000000
8513 -56.653 -21.045 -23.443 0.0000000000
8305 -56.527 -21.094 -20.314 0.0000000000
8306 -57.270 -21.196 -20.357 0.0000000000
8255 -56.602 -21.282 -17.343 0.0000000000
8419 -56.963 -20.584 -16.840 0.0000000000
8535 -57.277 -19.918 -25.666 0.0000000000
8549 -56.993 -20.351 -26.449 0.0000000000
8550 -57.148 -19.510 -26.179 0.0000000000
8527 -57.207 -20.231 -25.027 0.0000000000
8678 -57.476 -19.500 -24.774 0.0000000000
8665 -56.986 -20.286 -23.835 0.0000000000
8677 -57.155 -20.063 -24.403 0.0000000000
8462 -56.993 -20.370 -20.736 0.0000000000
8699 -56.638 -19.391 -26.647 0.0000000000
8685 -57.418 -19.095 -25.540 0.0000000000
8700 -57.148 -18.780 -26.087 0.0000000000
8631 -57.396 -19.390 -21.104 0.0000000000
8778 -56.953 -18.544 -21.197 0.0000000000
8839 -56.781 -18.416 -26.243 0.0000000000
8840 -57.154 -18.073 -25.905 0.0000000000
8997 -56.542 -17.931 -26.011 0.0000000000
8998 -56.915 -17.837 -25.944 0.0000000000
8999 -57.125 -17.782 -25.817 0.0000000000
8922 -56.821 -17.555 -21.377 0.0000000000
8990 -56.710 -17.316 -25.651 0.0000000000
8991 -57.377 -17.369 -25.506 0.0000000000
9074 -56.604 -16.670 -21.557 0.0000000000
9146 -56.970 -16.352 -25.397 0.0000000000
9287 -57.446 -15.643 -25.266 0.0000000000
9225 -57.352 -15.828 -21.814 0.0000000000
9271 -56.747 -15.183 -25.166 0.0000000000
9239 -57.051 -15.047 -22.244 0.0000000000
9427 -56.902 -14.040 -24.968 0.0000000000
9392 -56.703 -14.242 -22.717 0.0000000000
9406 -57.373 -13.768 -23.096 0.0000000000
9553 -56.909 -12.860 -24.861 0.0000000000
9674 -57.095 -12.842 -23.582 0.0000000000
9688 -57.330 -12.636 -23.840 0.0000000000
9536 -56.663 -13.336 -23.257 0.0000000000
9703 -56.627 -12.126 -24.872 0.0000000000
9673 -56.554 -12.478 -23.677 0.0000000000
9687 -56.870 -12.313 -24.342 0.0000000000
9804 -56.537 -12.018 -24.046 0.0000000000
1882 -56.444 -56.534 -14.814 0.0000000000
1752 -55.681 -57.270 -13.629 0.0000000000
1876 -56.088 -57.038 -14.215 0.0000000000
2014 -55.854 -56.032 -15.511 0.0000000000
2166 -56.469 -54.903 -16.502 0.0000000000
2155 -55.885 -55.168 -15.846 0.0000000000
2365 -56.165 -53.905 -18.999 0.0000000000
2352 -56.136 -54.054 -18.030 0.0000000000
2340 -56.053 -54.263 -17.038 0.0000000000
2321 -55.637 -54.342 -16.021 0.0000000000
2385 -56.007 -53.320 -20.617 0.0000000000
2570 -55.772 -52.923 -20.938 0.0000000000
2375 -56.252 -53.486 -19.905 0.0000000000
2571 -56.233 -52.911 -20.352 0.0000000000
2779 -55.698 -52.546 -20.442 0.0000000000
2764 -55.766 -52.143 -19.760 0.0000000000
2754 -56.285 -51.863 -18.682 0.0000000000
2739 -56.453 -51.571 -17.687 0.0000000000
2753 -55.504 -51.381 -19.020 0.0000000000
2964 -55.696 -51.118 -17.633 0.0000000000
2947 -56.014 -51.062 -16.750 0.0000000000
2933 -56.206 -50.725 -15.852 0.0000000000
3265 -55.683 -49.557 -23.662 0.0000000000
2932 -55.508 -50.479 -16.040 0.0000000000
3158 -55.674 -50.059 -15.350 0.0000000000
3284 -55.861 -48.650 -25.903 0.0000000000
3267 -56.370 -48.889 -24.821 0.0000000000
3274 -55.830 -49.428 -25.023 0.0000000000
3275 -56.096 -48.772 -25.483 0.0000000000
3266 -56.068 -49.399 -24.139 0.0000000000
3249 -56.030 -49.153 -23.492 0.0000000000
3457 -56.274 -48.522 -22.916 0.0000000000
3499 -55.597 -48.079 -26.630 0.0000000000
3492 -55.695 -48.436 -26.258 0.0000000000
3493 -56.207 -48.222 -26.048 0.0000000000
3500 -55.965 -48.137 -26.423 0.0000000000
3685 -56.052 -47.797 -26.480 0.0000000000
3444 -55.886 -48.050 -22.305 0.0000000000
3665 -55.576 -46.926 -25.770 0.0000000000
3845 -55.901 -46.876 -26.159 0.0000000000
3854 -55.735 -47.233 -26.459 0.0000000000
3855 -56.114 -47.255 -26.444 0.0000000000
3620 -56.140 -47.373 -21.703 0.0000000000
3604 -55.694 -47.000 -21.135 0.0000000000
3775 -55.847 -46.516 -20.558 0.0000000000
3794 -56.326 -46.736 -21.106 0.0000000000
3836 -55.937 -46.358 -25.171 0.0000000000
4011 -56.171 -45.572 -24.615 0.0000000000
3829 -55.749 -45.849 -24.349 0.0000000000
3756 -55.652 -46.087 -19.847 0.0000000000
3757 -56.375 -46.006 -20.131 0.0000000000
4002 -55.673 -45.279 -23.801 0.0000000000
4003 -56.379 -45.031 -24.486 0.0000000000
3939 -56.399 -45.418 -19.571 0.0000000000
3919 -55.834 -45.050 -18.999 0.0000000000
4180 -56.058 -44.459 -24.104 0.0000000000
4342 -55.590 -43.956 -23.734 0.0000000000
4348 -56.194 -43.618 -24.396 0.0000000000
4112 -55.525 -44.477 -18.441 0.0000000000
4284 -55.501 -43.661 -18.124 0.0000000000
4298 -56.196 -43.805 -18.491 0.0000000000
4511 -56.145 -43.044 -24.724 0.0000000000
4523 -56.263 -42.552 -25.117 0.0000000000
4444 -56.029 -43.017 -18.319 0.0000000000
4536 -55.776 -41.949 -25.499 0.0000000000
4537 -56.485 -41.868 -25.398 0.0000000000
4622 -56.262 -41.913 -18.186 0.0000000000
4720 -56.029 -41.365 -25.388 0.0000000000
4890 -55.600 -40.562 -24.868 0.0000000000
4891 -56.328 -40.819 -24.844 0.0000000000
4909 -55.857 -40.914 -25.250 0.0000000000
4803 -55.835 -40.720 -17.537 0.0000000000
4877 -56.065 -40.403 -24.292 0.0000000000
5054 -55.512 -40.032 -24.010 0.0000000000
5055 -56.128 -40.167 -23.656 0.0000000000
5041 -55.859 -39.732 -23.102 0.0000000000
5025 -56.242 -39.569 -22.249 0.0000000000
4980 -56.069 -39.797 -17.238 0.0000000000
5223 -55.925 -39.171 -21.698 0.0000000000
5212 -56.036 -38.834 -20.809 0.0000000000
5197 -55.578 -38.566 -19.833 0.0000000000
4969 -55.511 -39.423 -16.817 0.0000000000
5179 -56.249 -38.181 -19.078 0.0000000000
5390 -55.783 -37.665 -18.454 0.0000000000
5147 -55.761 -38.074 -15.886 0.0000000000
5156 -56.411 -38.429 -16.378 0.0000000000
5689 -55.536 -36.779 -29.000 0.0000000000
5376 -56.446 -36.982 -17.964 0.0000000000
5350 -55.599 -37.453 -15.392 0.0000000000
5538 -56.049 -36.535 -14.845 0.0000000000
5547 -56.383 -37.149 -15.314 0.0000000000
5695 -55.572 -36.370 -29.659 0.0000000000
5915 -55.724 -35.536 -29.667 0.0000000000
5690 -56.292 -36.172 -28.843 0.0000000000
5696 -56.208 -35.798 -29.275 0.0000000000
5684 -56.006 -36.348 -28.280 0.0000000000
5895 -56.278 -35.538 -26.840 0.0000000000
5901 -55.761 -36.110 -27.491 0.0000000000
5561 -56.432 -35.862 -17.082 0.0000000000
5576 -55.903 -36.470 -17.423 0.0000000000
5908 -55.804 -35.105 -29.495 0.0000000000
5916 -56.329 -35.361 -29.204 0.0000000000
6101 -55.920 -34.734 -29.140 0.0000000000
6103 -56.017 -35.094 -29.462 0.0000000000
6104 -56.187 -35.116 -29.303 0.0000000000
6079 -56.469 -34.768 -25.611 0.0000000000
6085 -55.963 -35.332 -26.035 0.0000000000
5770 -56.079 -35.315 -16.614 0.0000000000
5979 -55.697 -34.692 -16.137 0.0000000000
6093 -56.405 -34.358 -28.283 0.0000000000
6268 -56.065 -33.784 -27.654 0.0000000000
6070 -56.130 -34.315 -24.840 0.0000000000
6250 -55.832 -33.763 -24.142 0.0000000000
5966 -56.262 -34.106 -15.898 0.0000000000
6260 -55.589 -33.248 -27.037 0.0000000000
6420 -56.138 -32.889 -26.374 0.0000000000
6241 -56.253 -33.267 -23.762 0.0000000000
6402 -56.453 -32.573 -23.656 0.0000000000
6240 -55.632 -33.312 -23.386 0.0000000000
6389 -55.886 -32.669 -22.718 0.0000000000
6401 -56.163 -32.985 -23.343 0.0000000000
6148 -56.089 -33.374 -15.660 0.0000000000
6309 -55.749 -32.540 -15.309 0.0000000000
6412 -55.619 -32.441 -25.721 0.0000000000
6566 -56.142 -32.095 -25.021 0.0000000000
6561 -56.437 -32.140 -24.316 0.0000000000
6390 -56.410 -31.834 -22.606 0.0000000000
6379 -56.146 -31.886 -21.774 0.0000000000
6363 -55.937 -31.585 -21.276 0.0000000000
6465 -55.501 -31.809 -14.937 0.0000000000
6466 -56.456 -31.792 -15.282 0.0000000000
6555 -56.068 -31.099 -23.590 0.0000000000
6560 -55.702 -31.293 -24.136 0.0000000000
6556 -56.335 -31.315 -23.221 0.0000000000
6705 -55.843 -30.714 -23.360 0.0000000000
6706 -56.276 -30.641 -22.894 0.0000000000
6523 -55.800 -31.166 -20.887 0.0000000000
6524 -56.354 -30.894 -21.086 0.0000000000
6536 -56.223 -31.350 -21.307 0.0000000000
6450 -56.055 -31.176 -14.920 0.0000000000
6596 -55.633 -30.644 -14.502 0.0000000000
6692 -56.050 -30.106 -22.769 0.0000000000
6669 -56.081 -30.362 -20.738 0.0000000000
6831 -55.623 -29.586 -20.518 0.0000000000
6832 -56.414 -29.572 -20.758 0.0000000000
6854 -55.510 -29.332 -22.802 0.0000000000
6855 -56.475 -29.373 -22.541 0.0000000000
7031 -56.059 -28.583 -22.762 0.0000000000
7003 -55.960 -28.774 -20.620 0.0000000000
7237 -55.582 -27.593 -22.930 0.0000000000
7208 -55.514 -27.833 -20.669 0.0000000000
7209 -56.238 -28.137 -20.748 0.0000000000
7223 -56.051 -27.541 -20.858 0.0000000000
7259 -56.439 -27.311 -23.136 0.0000000000
7442 -55.981 -26.610 -23.180 0.0000000000
7408 -55.648 -27.213 -20.843 0.0000000000
7424 -55.998 -26.743 -21.125 0.0000000000
7443 -56.359 -26.104 -23.326 0.0000000000
7631 -55.838 -25.858 -23.241 0.0000000000
7612 -55.630 -25.786 -21.222 0.0000000000
7613 -56.451 -25.814 -21.453 0.0000000000
7641 -56.496 -25.429 -23.340 0.0000000000
7821 -55.874 -25.040 -21.323 0.0000000000
7893 -55.771 -24.258 -26.680 0.0000000000
7910 -55.552 -24.090 -27.284 0.0000000000
7859 -55.977 -24.270 -23.273 0.0000000000
7813 -56.075 -24.372 -21.087 0.0000000000
7994 -55.666 -23.945 -20.589 0.0000000000
7979 -56.082 -23.608 -19.877 0.0000000000
7963 -56.467 -23.732 -18.890 0.0000000000
7949 -55.695 -23.714 -18.152 0.0000000000
7751 -55.520 -24.068 -16.674 0.0000000000
7767 -56.144 -24.127 -17.368 0.0000000000
8069 -56.464 -22.956 -26.601 0.0000000000
8085 -56.188 -23.390 -27.063 0.0000000000
8232 -56.373 -22.785 -27.096 0.0000000000
8068 -55.871 -23.436 -25.870 0.0000000000
8055 -55.613 -23.023 -25.151 0.0000000000
8207 -55.662 -22.574 -24.602 0.0000000000
8216 -55.971 -22.734 -25.391 0.0000000000
8198 -55.543 -22.669 -23.675 0.0000000000
8020 -56.185 -23.172 -23.128 0.0000000000
8240 -55.830 -22.354 -27.245 0.0000000000
8241 -56.220 -21.774 -27.147 0.0000000000
8208 -56.198 -22.216 -25.226 0.0000000000
8363 -56.173 -21.752 -24.626 0.0000000000
8362 -55.784 -21.979 -24.056 0.0000000000
8177 -56.110 -22.286 -23.166 0.0000000000
8336 -56.139 -21.922 -23.207 0.0000000000
8337 -56.474 -21.764 -23.123 0.0000000000
8352 -56.041 -21.837 -23.488 0.0000000000
8353 -56.347 -21.515 -23.393 0.0000000000
8282 -56.452 -21.775 -19.009 0.0000000000
8268 -56.292 -21.684 -18.094 0.0000000000
8398 -55.861 -21.293 -27.204 0.0000000000
8399 -56.497 -21.124 -26.938 0.0000000000
8512 -56.274 -21.431 -23.562 0.0000000000
8525 -56.125 -21.375 -23.940 0.0000000000
8294 -55.901 -21.340 -19.765 0.0000000000
8281 -55.540 -21.482 -18.834 0.0000000000
8267 -55.507 -21.421 -18.081 0.0000000000
8431 -55.839 -21.288 -17.595 0.0000000000
8418 -55.795 -20.663 -17.099 0.0000000000
8562 -56.038 -20.466 -27.074 0.0000000000
8563 -56.467 -20.160 -26.846 0.0000000000
8714 -55.770 -19.941 -26.897 0.0000000000
8715 -56.218 -19.853 -26.877 0.0000000000
8716 -56.435 -19.805 -26.833 0.0000000000
8617 -55.622 -19.601 -20.688 0.0000000000
8618 -56.460 -19.571 -20.902 0.0000000000
8461 -55.946 -20.494 -20.473 0.0000000000
8579 -56.289 -19.795 -16.577 0.0000000000
8698 -55.960 -19.312 -26.718 0.0000000000
8837 -55.674 -18.834 -26.280 0.0000000000
8838 -56.201 -18.501 -26.308 0.0000000000
8768 -56.106 -18.929 -20.980 0.0000000000
8735 -55.705 -19.017 -16.199 0.0000000000
8831 -55.717 -18.250 -25.904 0.0000000000
8777 -56.207 -18.250 -21.154 0.0000000000
8921 -55.829 -17.568 -21.242 0.0000000000
8989 -56.020 -17.495 -25.634 0.0000000000
9145 -56.370 -16.707 -25.376 0.0000000000
9073 -55.672 -16.607 -21.471 0.0000000000
9128 -55.692 -16.315 -24.988 0.0000000000
9129 -56.340 -15.964 -25.172 0.0000000000
9224 -56.376 -15.803 -21.804 0.0000000000
9270 -55.814 -15.216 -24.893 0.0000000000
9238 -56.113 -15.065 -22.247 0.0000000000
9426 -55.991 -14.229 -24.910 0.0000000000
9391 -55.777 -14.378 -22.567 0.0000000000
9524 -55.560 -13.524 -22.904 0.0000000000
9525 -56.184 -13.854 -22.870 0.0000000000
9552 -56.069 -13.210 -25.020 0.0000000000
9535 -56.064 -12.940 -23.318 0.0000000000
9569 -56.064 -12.358 -25.187 0.0000000000
9570 -56.458 -12.236 -25.083 0.0000000000
9686 -56.416 -11.859 -24.662 0.0000000000
9702 -56.100 -11.801 -25.065 0.0000000000
9820 -55.801 -11.655 -24.518 0.0000000000
9803 -56.018 -11.904 -23.901 0.0000000000
9821 -56.374 -11.868 -24.325 0.0000000000
1880 -54.717 -56.610 -14.587 0.0000000000
1881 -55.470 -56.675 -14.867 0.0000000000
1751 -55.027 -57.194 -13.773 0.0000000000
1875 -55.168 -57.070 -14.255 0.0000000000
1750 -55.098 -57.287 -13.120 0.0000000000
2013 -54.804 -55.913 -14.960 0.0000000000
2307 -55.464 -54.738 -15.584 0.0000000000
2153 -54.568 -54.869 -14.710 0.0000000000
2154 -55.269 -55.180 -15.303 0.0000000000
2418 -54.531 -53.646 -23.704 0.0000000000
2408 -54.600 -53.696 -23.032 0.0000000000
2396 -54.689 -53.554 -22.089 0.0000000000
2384 -55.283 -53.522 -20.912 0.0000000000
2373 -54.580 -53.511 -19.884 0.0000000000
2374 -55.175 -53.635 -19.700 0.0000000000
2364 -55.308 -53.653 -18.563 0.0000000000
2351 -55.324 -53.581 -17.504 0.0000000000
2320 -54.996 -53.665 -15.726 0.0000000000
2339 -55.213 -53.606 -16.498 0.0000000000
2306 -55.011 -54.243 -15.218 0.0000000000
2596 -54.810 -53.031 -22.523 0.0000000000
2607 -54.630 -53.014 -23.422 0.0000000000
2583 -55.230 -52.935 -21.627 0.0000000000
2558 -54.577 -53.463 -19.609 0.0000000000
2535 -54.512 -53.023 -17.987 0.0000000000
2523 -54.571 -52.972 -16.901 0.0000000000
2509 -54.553 -53.030 -15.948 0.0000000000
2844 -54.543 -51.910 -24.909 0.0000000000
2830 -54.663 -51.832 -23.916 0.0000000000
2797 -54.505 -52.159 -21.855 0.0000000000
2778 -54.828 -51.749 -20.600 0.0000000000
3076 -54.991 -50.835 -24.686 0.0000000000
3085 -54.503 -50.603 -25.480 0.0000000000
2763 -55.135 -51.290 -19.564 0.0000000000
2997 -54.592 -50.713 -19.645 0.0000000000
2982 -54.747 -50.582 -18.661 0.0000000000
2963 -54.893 -50.551 -17.609 0.0000000000
2983 -55.421 -51.107 -18.326 0.0000000000
2946 -55.166 -50.517 -16.726 0.0000000000
3086 -54.963 -49.818 -25.635 0.0000000000
3063 -55.442 -49.993 -24.573 0.0000000000
3077 -55.225 -50.004 -25.226 0.0000000000
3062 -55.145 -50.290 -23.759 0.0000000000
3043 -54.836 -49.939 -23.087 0.0000000000
3061 -54.676 -50.399 -23.159 0.0000000000
3157 -54.743 -49.771 -15.707 0.0000000000
3282 -54.649 -49.469 -25.970 0.0000000000
3283 -55.454 -49.178 -25.814 0.0000000000
3247 -54.735 -49.362 -22.637 0.0000000000
3248 -55.440 -49.366 -23.171 0.0000000000
3456 -55.345 -48.665 -22.538 0.0000000000
3455 -54.662 -48.725 -22.201 0.0000000000
3146 -55.199 -49.469 -14.902 0.0000000000
3498 -55.254 -48.009 -26.787 0.0000000000
3683 -55.007 -47.964 -26.698 0.0000000000
3684 -55.467 -47.660 -26.600 0.0000000000
3491 -55.017 -48.496 -26.472 0.0000000000
3673 -54.599 -47.896 -26.247 0.0000000000
3443 -55.130 -47.985 -21.953 0.0000000000
3427 -54.680 -47.753 -21.371 0.0000000000
3674 -55.392 -47.290 -26.173 0.0000000000
3664 -54.923 -47.253 -25.237 0.0000000000
3835 -55.187 -46.713 -24.590 0.0000000000
3655 -54.643 -46.948 -24.219 0.0000000000
3603 -54.861 -47.151 -20.782 0.0000000000
3619 -55.290 -47.428 -21.399 0.0000000000
3774 -55.081 -46.571 -20.163 0.0000000000
3828 -55.057 -46.241 -23.704 0.0000000000
3814 -54.627 -45.811 -22.843 0.0000000000
4001 -55.005 -45.533 -23.081 0.0000000000
3755 -54.643 -46.289 -19.478 0.0000000000
3937 -54.770 -45.648 -18.943 0.0000000000
3938 -55.406 -45.589 -19.283 0.0000000000
3990 -55.085 -45.000 -22.968 0.0000000000
3918 -55.161 -45.161 -18.728 0.0000000000
4092 -54.711 -44.506 -17.981 0.0000000000
4111 -54.953 -44.862 -18.382 0.0000000000
4170 -54.746 -44.443 -22.591 0.0000000000
4171 -55.358 -44.481 -23.346 0.0000000000
4341 -54.963 -43.794 -23.009 0.0000000000
4093 -55.157 -44.103 -18.031 0.0000000000
4283 -54.849 -43.706 -17.763 0.0000000000
4347 -55.357 -43.475 -23.729 0.0000000000
4510 -55.316 -42.881 -24.312 0.0000000000
4503 -54.708 -43.168 -23.171 0.0000000000
