#!ascii label  , from subject mmSR20151113 vox2ras=TkReg
774
18959  -44.091  -75.043  -12.886 0.0000000000
24044  -52.629  -69.861  -13.037 0.0000000000
26344  -43.340  -68.763  -10.705 0.0000000000
24030  -47.753  -70.566  -10.755 0.0000000000
29823  -44.989  -65.311  -13.886 0.0000000000
15808  -44.781  -78.760  -9.685 0.0000000000
20847  -38.601  -73.096  -8.848 0.0000000000
23933  -37.640  -70.353  -3.389 0.0000000000
30909  -41.659  -64.334  -11.243 0.0000000000
29783  -45.316  -65.024  -10.720 0.0000000000
34256  -41.320  -61.846  -13.362 0.0000000000
17963  -41.567  -76.744  -8.424 0.0000000000
19858  -41.454  -75.000  -6.191 0.0000000000
28563  -34.795  -66.683  -4.226 0.0000000000
26288  -36.034  -68.837  -6.805 0.0000000000
18969  -41.770  -75.341  -13.529 0.0000000000
25221  -48.742  -69.412  -12.302 0.0000000000
26412  -43.591  -68.683  -14.596 0.0000000000
25280  -45.588  -70.026  -16.172 0.0000000000
21892  -44.214  -72.582  -9.550 0.0000000000
21919  -45.847  -72.636  -10.905 0.0000000000
27504  -49.184  -67.763  -10.445 0.0000000000
27539  -48.794  -67.252  -13.673 0.0000000000
18937  -41.597  -75.567  -10.367 0.0000000000
24000  -40.432  -70.544  -9.658 0.0000000000
28648  -39.401  -66.864  -11.012 0.0000000000
21816  -41.800  -72.684  -3.526 0.0000000000
21859  -38.137  -72.699  -5.888 0.0000000000
26322  -37.037  -68.377  -9.093 0.0000000000
34216  -38.225  -61.630  -10.540 0.0000000000
22980  -40.647  -71.822  -13.425 0.0000000000
33198  -50.859  -62.541  -17.461 0.0000000000
27568  -52.871  -67.405  -15.918 0.0000000000
23055  -48.992  -72.007  -18.263 0.0000000000
31980  -41.200  -63.014  -10.818 0.0000000000
34221  -42.479  -61.778  -11.124 0.0000000000
18970  -43.002  -75.155  -13.781 0.0000000000
25223  -50.806  -70.304  -12.613 0.0000000000
26403  -47.072  -69.059  -14.475 0.0000000000
25252  -48.915  -70.208  -14.636 0.0000000000
24119  -46.891  -70.798  -16.311 0.0000000000
22990  -50.585  -71.469  -14.754 0.0000000000
24003  -43.684  -70.907  -9.321 0.0000000000
25187  -45.244  -69.229  -10.122 0.0000000000
30913  -45.497  -64.444  -11.567 0.0000000000
28651  -47.114  -66.157  -10.716 0.0000000000
29813  -47.153  -65.806  -12.061 0.0000000000
27522  -48.701  -67.088  -11.776 0.0000000000
28682  -46.983  -66.397  -13.599 0.0000000000
17988  -43.001  -76.463  -11.582 0.0000000000
15818  -43.240  -78.063  -10.419 0.0000000000
18910  -39.955  -75.206  -8.173 0.0000000000
19888  -39.949  -74.419  -9.523 0.0000000000
22944  -39.040  -71.506  -9.551 0.0000000000
26325  -39.926  -68.683  -9.931 0.0000000000
25162  -38.646  -69.658  -9.449 0.0000000000
22871  -39.761  -71.821  -3.555 0.0000000000
21845  -39.953  -73.061  -4.865 0.0000000000
22886  -37.771  -71.603  -4.861 0.0000000000
28624  -35.636  -66.588  -8.352 0.0000000000
27464  -36.394  -68.394  -8.261 0.0000000000
29769  -36.205  -65.771  -9.520 0.0000000000
29779  -37.187  -65.555  -10.392 0.0000000000
22970  -46.866  -71.731  -10.785 0.0000000000
22973  -43.761  -71.539  -12.734 0.0000000000
25218  -44.354  -69.813  -12.507 0.0000000000
24092  -40.581  -70.176  -15.043 0.0000000000
34327  -50.692  -61.195  -19.028 0.0000000000
30978  -52.910  -64.525  -16.407 0.0000000000
27578  -49.968  -67.917  -17.193 0.0000000000
27514  -42.582  -67.206  -11.430 0.0000000000
28669  -44.471  -66.328  -10.934 0.0000000000
30891  -43.425  -64.182  -10.754 0.0000000000
32010  -43.542  -63.140  -12.280 0.0000000000
30939  -42.963  -63.917  -13.840 0.0000000000
16916  -43.618  -77.975  -8.401 0.0000000000
18900  -41.753  -75.633  -6.733 0.0000000000
19857  -40.264  -74.748  -6.452 0.0000000000
26258  -36.173  -68.937  -4.427 0.0000000000
25116  -36.435  -69.889  -5.429 0.0000000000
27439  -35.285  -67.655  -5.437 0.0000000000
28612  -34.741  -66.210  -6.749 0.0000000000
31960  -34.725  -63.996  -8.393 0.0000000000
25206  -48.341  -69.621  -11.475 0.0000000000
26372  -45.189  -68.999  -12.671 0.0000000000
26387  -46.267  -68.678  -13.567 0.0000000000
25262  -44.488  -69.130  -15.595 0.0000000000
23021  -42.077  -71.063  -16.634 0.0000000000
23023  -44.165  -71.345  -16.855 0.0000000000
23052  -45.570  -72.201  -17.353 0.0000000000
22019  -45.413  -73.284  -18.097 0.0000000000
19901  -43.815  -74.266  -11.388 0.0000000000
20865  -44.749  -73.377  -11.607 0.0000000000
21882  -48.240  -72.591  -8.880 0.0000000000
24009  -49.675  -71.096  -8.907 0.0000000000
27501  -45.966  -67.100  -10.393 0.0000000000
26348  -47.933  -68.166  -9.678 0.0000000000
26331  -50.081  -69.756  -9.604 0.0000000000
26363  -50.490  -68.512  -10.516 0.0000000000
26352  -51.617  -69.005  -10.923 0.0000000000
26390  -51.306  -68.329  -13.011 0.0000000000
18939  -43.345  -74.937  -11.376 0.0000000000
21906  -42.946  -73.424  -10.042 0.0000000000
22947  -42.281  -71.632  -9.491 0.0000000000
16926  -41.788  -77.137  -9.466 0.0000000000
21889  -40.812  -72.306  -9.959 0.0000000000
25165  -41.803  -69.692  -9.723 0.0000000000
27499  -41.323  -68.074  -10.897 0.0000000000
29799  -40.144  -65.384  -11.545 0.0000000000
31998  -40.007  -63.633  -11.381 0.0000000000
20810  -42.190  -73.835  -4.816 0.0000000000
19838  -40.010  -74.055  -5.740 0.0000000000
20836  -38.046  -73.259  -7.033 0.0000000000
23966  -36.660  -70.881  -6.563 0.0000000000
22928  -36.858  -70.916  -7.621 0.0000000000
23997  -37.703  -70.511  -8.903 0.0000000000
27495  -37.972  -67.107  -10.041 0.0000000000
30906  -38.686  -64.494  -11.421 0.0000000000
21941  -43.718  -72.845  -13.129 0.0000000000
20885  -41.192  -73.471  -13.389 0.0000000000
25248  -41.608  -69.793  -14.045 0.0000000000
22988  -38.852  -71.963  -13.934 0.0000000000
28692  -46.612  -66.091  -15.290 0.0000000000
28694  -48.899  -66.906  -15.104 0.0000000000
27542  -51.674  -67.919  -14.329 0.0000000000
29834  -52.088  -66.158  -15.477 0.0000000000
25254  -52.517  -69.445  -14.383 0.0000000000
23008  -51.166  -71.068  -15.647 0.0000000000
21998  -49.451  -72.343  -16.727 0.0000000000
34219  -41.215  -61.811  -10.626 0.0000000000
35326  -41.626  -61.004  -11.013 0.0000000000
18012  -42.704  -76.254  -13.800 0.0000000000
18971  -43.931  -74.965  -13.518 0.0000000000
24042  -51.510  -70.379  -12.680 0.0000000000
25238  -49.935  -70.271  -13.668 0.0000000000
24058  -50.442  -70.634  -13.773 0.0000000000
24075  -49.471  -70.757  -14.693 0.0000000000
24077  -51.022  -71.135  -14.208 0.0000000000
25167  -43.930  -70.154  -9.699 0.0000000000
25168  -44.942  -70.087  -9.618 0.0000000000
25186  -44.186  -69.408  -10.255 0.0000000000
30931  -44.764  -64.755  -13.330 0.0000000000
30924  -46.009  -64.923  -12.242 0.0000000000
29818  -45.594  -65.300  -13.271 0.0000000000
28675  -47.019  -66.080  -12.716 0.0000000000
29824  -45.482  -65.681  -14.324 0.0000000000
15809  -45.726  -78.883  -9.527 0.0000000000
15819  -44.502  -78.555  -10.683 0.0000000000
15829  -43.748  -78.045  -11.208 0.0000000000
15807  -43.767  -78.438  -9.732 0.0000000000
20844  -38.815  -73.721  -8.659 0.0000000000
20848  -39.296  -73.502  -9.329 0.0000000000
21887  -38.782  -72.434  -9.247 0.0000000000
23998  -38.419  -70.575  -9.322 0.0000000000
23920  -37.604  -69.966  -2.877 0.0000000000
23921  -38.249  -70.162  -2.452 0.0000000000
23934  -38.379  -70.985  -3.386 0.0000000000
22855  -39.682  -71.361  -2.972 0.0000000000
22870  -38.871  -71.590  -3.879 0.0000000000
22888  -39.184  -72.053  -4.222 0.0000000000
23946  -38.170  -71.388  -4.224 0.0000000000
30879  -35.131  -64.778  -8.947 0.0000000000
29768  -35.603  -65.698  -8.974 0.0000000000
31978  -36.293  -63.581  -10.330 0.0000000000
24029  -46.949  -70.647  -11.030 0.0000000000
24041  -45.414  -70.498  -11.810 0.0000000000
25219  -45.208  -69.760  -12.190 0.0000000000
30992  -53.040  -64.495  -17.639 0.0000000000
28720  -51.821  -66.421  -17.438 0.0000000000
28719  -50.632  -66.522  -17.603 0.0000000000
29801  -42.328  -65.182  -11.361 0.0000000000
28667  -42.956  -66.120  -11.424 0.0000000000
30910  -42.704  -64.158  -10.900 0.0000000000
34251  -42.325  -61.890  -12.109 0.0000000000
33100  -43.315  -62.574  -11.147 0.0000000000
33135  -42.508  -62.722  -12.803 0.0000000000
32018  -43.286  -63.386  -12.788 0.0000000000
32026  -42.182  -62.993  -13.531 0.0000000000
18899  -40.897  -75.462  -6.935 0.0000000000
26246  -36.075  -68.384  -3.409 0.0000000000
26245  -35.526  -67.901  -3.916 0.0000000000
26257  -35.628  -68.192  -4.538 0.0000000000
27424  -35.191  -67.480  -4.444 0.0000000000
30873  -34.593  -64.999  -7.751 0.0000000000
18010  -40.089  -76.603  -13.232 0.0000000000
25207  -49.594  -69.883  -11.273 0.0000000000
26374  -47.138  -68.822  -12.849 0.0000000000
26375  -47.949  -69.064  -13.048 0.0000000000
25250  -46.965  -69.155  -14.855 0.0000000000
26402  -46.374  -68.878  -14.658 0.0000000000
25263  -45.435  -69.359  -15.693 0.0000000000
24116  -43.851  -70.498  -16.463 0.0000000000
23022  -43.147  -71.210  -16.787 0.0000000000
24120  -47.585  -71.400  -16.312 0.0000000000
23025  -46.178  -71.550  -16.908 0.0000000000
23026  -47.187  -71.863  -16.785 0.0000000000
21993  -45.033  -72.792  -17.740 0.0000000000
23054  -47.139  -72.428  -17.187 0.0000000000
20851  -44.517  -73.031  -10.005 0.0000000000
20852  -45.197  -73.021  -10.159 0.0000000000
22934  -48.969  -72.077  -8.803 0.0000000000
24008  -48.905  -70.849  -8.673 0.0000000000
28649  -45.074  -65.990  -10.715 0.0000000000
28650  -46.139  -66.068  -10.548 0.0000000000
26349  -49.002  -68.431  -9.738 0.0000000000
26330  -49.618  -69.429  -9.369 0.0000000000
25191  -50.199  -70.229  -10.123 0.0000000000
27530  -48.512  -67.034  -12.681 0.0000000000
27519  -50.326  -67.935  -11.606 0.0000000000
27524  -50.154  -67.778  -12.273 0.0000000000
26365  -51.581  -68.762  -11.484 0.0000000000
27532  -50.419  -67.885  -12.993 0.0000000000
17982  -42.345  -76.470  -10.848 0.0000000000
18938  -42.822  -75.525  -11.164 0.0000000000
19899  -42.189  -74.688  -10.578 0.0000000000
21905  -42.316  -73.230  -10.092 0.0000000000
20857  -41.793  -73.886  -10.283 0.0000000000
16900  -42.554  -77.181  -7.932 0.0000000000
16915  -42.424  -77.512  -8.697 0.0000000000
16914  -41.648  -77.038  -8.954 0.0000000000
22945  -40.091  -71.459  -9.829 0.0000000000
21903  -40.591  -73.062  -10.029 0.0000000000
24001  -41.509  -70.608  -9.529 0.0000000000
25164  -40.729  -69.675  -9.693 0.0000000000
26342  -41.555  -68.651  -10.465 0.0000000000
26326  -41.000  -69.033  -10.015 0.0000000000
27497  -39.646  -67.522  -10.593 0.0000000000
27512  -40.292  -67.135  -11.163 0.0000000000
28664  -39.621  -66.330  -11.325 0.0000000000
30908  -40.598  -64.423  -11.448 0.0000000000
30907  -39.600  -64.493  -11.521 0.0000000000
20795  -41.876  -73.454  -4.493 0.0000000000
21844  -39.304  -72.854  -5.053 0.0000000000
20808  -40.570  -73.561  -5.099 0.0000000000
20824  -38.981  -73.520  -5.799 0.0000000000
19856  -39.170  -74.017  -6.243 0.0000000000
20835  -37.933  -72.868  -6.521 0.0000000000
25115  -36.106  -69.311  -5.996 0.0000000000
23956  -36.730  -70.662  -5.577 0.0000000000
25134  -36.276  -69.870  -6.528 0.0000000000
27477  -36.519  -67.843  -8.808 0.0000000000
25153  -36.780  -69.745  -8.192 0.0000000000
26312  -36.887  -68.908  -8.684 0.0000000000
23987  -37.202  -70.487  -8.429 0.0000000000
26313  -37.409  -69.314  -9.008 0.0000000000
26323  -37.720  -68.790  -9.294 0.0000000000
28635  -37.646  -67.031  -9.917 0.0000000000
31979  -37.259  -63.523  -10.964 0.0000000000
30905  -37.828  -64.449  -11.145 0.0000000000
31996  -38.190  -63.602  -11.297 0.0000000000
33114  -38.658  -62.968  -11.310 0.0000000000
20866  -45.218  -72.989  -11.196 0.0000000000
21942  -44.182  -73.152  -12.919 0.0000000000
21930  -44.348  -72.629  -12.571 0.0000000000
22982  -42.409  -71.276  -13.132 0.0000000000
21928  -42.875  -71.813  -13.053 0.0000000000
21939  -41.436  -72.527  -13.355 0.0000000000
20884  -40.106  -73.569  -13.291 0.0000000000
21938  -40.407  -72.651  -13.385 0.0000000000
26399  -43.674  -68.710  -13.842 0.0000000000
26398  -43.043  -69.070  -13.741 0.0000000000
25249  -42.360  -69.254  -14.261 0.0000000000
23001  -38.737  -71.666  -14.773 0.0000000000
22989  -39.447  -71.310  -14.295 0.0000000000
28691  -46.085  -65.851  -15.288 0.0000000000
29852  -46.549  -65.177  -16.144 0.0000000000
28709  -49.562  -66.132  -15.839 0.0000000000
27551  -51.042  -67.362  -14.808 0.0000000000
28710  -50.647  -66.061  -15.696 0.0000000000
28712  -53.239  -66.337  -16.215 0.0000000000
29857  -52.720  -65.212  -15.914 0.0000000000
28698  -52.891  -66.643  -15.674 0.0000000000
27553  -52.504  -67.651  -15.182 0.0000000000
26417  -52.521  -68.632  -15.276 0.0000000000
24099  -52.059  -69.952  -15.057 0.0000000000
26430  -51.901  -68.939  -16.006 0.0000000000
25292  -49.474  -70.302  -17.098 0.0000000000
24121  -50.082  -70.933  -16.566 0.0000000000
23056  -49.381  -72.118  -17.210 0.0000000000
31981  -41.607  -63.090  -10.734 0.0000000000
31982  -42.585  -63.421  -10.714 0.0000000000
34220  -41.869  -61.650  -10.804 0.0000000000
34238  -42.029  -61.387  -11.374 0.0000000000
34255  -40.989  -61.206  -12.758 0.0000000000
28578  -34.462  -66.029  -5.054 0.0000000000
29698  -34.287  -65.163  -4.914 0.0000000000
25222  -49.843  -69.813  -12.399 0.0000000000
26389  -47.920  -69.172  -13.548 0.0000000000
25237  -48.624  -69.520  -13.497 0.0000000000
25251  -47.689  -69.398  -14.542 0.0000000000
25264  -46.665  -69.632  -15.576 0.0000000000
25281  -46.228  -70.260  -16.196 0.0000000000
25266  -48.514  -70.552  -15.302 0.0000000000
24096  -49.108  -71.073  -15.240 0.0000000000
23005  -49.190  -71.913  -15.708 0.0000000000
22949  -44.550  -71.823  -9.254 0.0000000000
24004  -44.716  -70.942  -9.263 0.0000000000
25169  -45.939  -69.914  -9.383 0.0000000000
25188  -46.155  -69.070  -9.801 0.0000000000
30893  -45.169  -64.389  -11.024 0.0000000000
29784  -46.154  -65.397  -10.819 0.0000000000
29805  -46.398  -65.198  -11.339 0.0000000000
28670  -47.037  -65.710  -11.222 0.0000000000
28671  -47.563  -66.222  -11.447 0.0000000000
27517  -49.072  -67.365  -11.163 0.0000000000
28677  -48.130  -66.674  -11.972 0.0000000000
28683  -47.797  -66.648  -13.046 0.0000000000
27538  -48.220  -66.955  -13.341 0.0000000000
16938  -43.109  -77.633  -11.064 0.0000000000
16937  -42.438  -77.369  -10.462 0.0000000000
18911  -40.627  -75.794  -7.828 0.0000000000
17972  -40.722  -75.948  -9.038 0.0000000000
18918  -40.026  -75.158  -8.906 0.0000000000
21888  -39.783  -72.553  -9.782 0.0000000000
25163  -39.664  -69.622  -9.650 0.0000000000
27486  -39.098  -67.974  -10.038 0.0000000000
22872  -40.707  -72.020  -3.148 0.0000000000
21815  -41.055  -72.524  -3.689 0.0000000000
21831  -40.623  -72.880  -4.383 0.0000000000
21830  -39.750  -72.480  -4.375 0.0000000000
21829  -39.046  -72.407  -4.696 0.0000000000
22898  -38.014  -72.141  -5.167 0.0000000000
27463  -35.928  -67.897  -7.768 0.0000000000
26302  -36.101  -68.541  -7.438 0.0000000000
27476  -36.038  -67.333  -8.474 0.0000000000
28625  -36.196  -66.999  -8.899 0.0000000000
28634  -36.917  -66.820  -9.590 0.0000000000
28645  -37.149  -66.164  -10.026 0.0000000000
29778  -36.733  -65.824  -9.919 0.0000000000
30889  -37.002  -64.534  -10.735 0.0000000000
34215  -37.433  -61.855  -10.384 0.0000000000
22969  -46.074  -71.868  -11.238 0.0000000000
22974  -44.728  -71.611  -12.205 0.0000000000
24027  -45.419  -71.251  -11.708 0.0000000000
24039  -43.841  -70.476  -12.638 0.0000000000
24057  -43.015  -70.189  -13.070 0.0000000000
25259  -41.557  -69.538  -14.858 0.0000000000
33210  -51.644  -62.433  -18.093 0.0000000000
33199  -51.970  -62.971  -17.278 0.0000000000
33182  -51.753  -63.337  -16.771 0.0000000000
32079  -52.811  -63.682  -17.455 0.0000000000
29876  -53.538  -64.898  -17.071 0.0000000000
28711  -52.927  -66.756  -16.544 0.0000000000
27567  -52.264  -67.545  -16.584 0.0000000000
26428  -50.134  -68.890  -16.748 0.0000000000
26444  -49.413  -69.252  -17.183 0.0000000000
26358  -43.401  -67.876  -11.163 0.0000000000
26359  -44.106  -67.449  -11.076 0.0000000000
27515  -43.531  -66.952  -11.319 0.0000000000
29803  -44.232  -65.645  -10.860 0.0000000000
29782  -44.248  -64.906  -10.720 0.0000000000
30890  -42.931  -63.888  -10.709 0.0000000000
31983  -43.505  -63.258  -10.889 0.0000000000
30912  -44.687  -63.871  -11.352 0.0000000000
30922  -44.471  -63.841  -12.247 0.0000000000
30930  -43.591  -63.810  -13.045 0.0000000000
30940  -43.768  -64.588  -14.114 0.0000000000
15793  -44.152  -78.466  -8.992 0.0000000000
17951  -42.651  -76.640  -7.425 0.0000000000
18901  -42.614  -75.854  -6.693 0.0000000000
17950  -41.787  -76.503  -7.680 0.0000000000
19870  -40.177  -75.222  -7.350 0.0000000000
19878  -38.799  -74.075  -8.069 0.0000000000
25087  -36.687  -69.235  -3.462 0.0000000000
25101  -37.211  -70.212  -3.896 0.0000000000
23945  -37.364  -70.763  -4.418 0.0000000000
25100  -36.709  -69.842  -4.380 0.0000000000
26270  -35.787  -68.604  -5.567 0.0000000000
27452  -35.501  -67.785  -6.535 0.0000000000
28579  -34.808  -66.858  -5.237 0.0000000000
28597  -34.969  -66.921  -6.224 0.0000000000
28613  -35.233  -66.733  -7.296 0.0000000000
29746  -35.165  -66.123  -7.871 0.0000000000
30874  -34.724  -64.824  -8.222 0.0000000000
31968  -35.240  -63.736  -9.204 0.0000000000
25205  -47.327  -69.829  -11.339 0.0000000000
25220  -45.682  -69.334  -12.279 0.0000000000
26373  -46.189  -68.959  -12.488 0.0000000000
26386  -45.298  -68.613  -13.363 0.0000000000
26400  -44.447  -68.508  -14.039 0.0000000000
26413  -44.442  -68.644  -14.879 0.0000000000
24114  -41.748  -70.166  -16.060 0.0000000000
24118  -45.795  -70.771  -16.524 0.0000000000
23051  -44.570  -72.091  -17.337 0.0000000000
21992  -44.069  -72.696  -17.723 0.0000000000
22017  -43.647  -73.159  -18.221 0.0000000000
22018  -44.624  -73.249  -18.188 0.0000000000
19910  -44.099  -74.543  -12.346 0.0000000000
19919  -44.292  -74.125  -12.608 0.0000000000
19902  -44.297  -73.775  -11.395 0.0000000000
20861  -45.230  -73.095  -10.716 0.0000000000
21907  -46.012  -72.942  -10.067 0.0000000000
21894  -46.818  -72.745  -9.429 0.0000000000
21908  -47.012  -72.626  -10.175 0.0000000000
22961  -47.671  -72.113  -10.315 0.0000000000
22962  -48.426  -71.912  -10.129 0.0000000000
24016  -48.632  -71.035  -10.343 0.0000000000
26345  -44.417  -68.332  -10.702 0.0000000000
26346  -45.599  -68.193  -10.289 0.0000000000
27502  -47.041  -67.099  -10.096 0.0000000000
25172  -49.282  -70.085  -8.926 0.0000000000
24018  -49.840  -70.861  -9.472 0.0000000000
25189  -48.255  -70.226  -10.858 0.0000000000
25190  -49.174  -70.331  -10.597 0.0000000000
25192  -51.153  -69.820  -10.478 0.0000000000
27518  -49.975  -67.894  -10.942 0.0000000000
26351  -51.096  -69.061  -10.523 0.0000000000
25208  -50.770  -70.254  -11.245 0.0000000000
24032  -52.034  -70.043  -11.161 0.0000000000
25224  -52.302  -69.403  -12.285 0.0000000000
26378  -52.366  -69.058  -12.725 0.0000000000
20859  -43.592  -73.606  -10.302 0.0000000000
19900  -43.048  -74.489  -10.906 0.0000000000
20850  -43.887  -73.034  -9.866 0.0000000000
22948  -43.412  -71.774  -9.354 0.0000000000
25166  -42.915  -70.037  -9.670 0.0000000000
15792  -43.319  -78.162  -9.054 0.0000000000
16927  -42.303  -77.563  -9.713 0.0000000000
18927  -40.607  -75.386  -9.552 0.0000000000
18936  -40.983  -75.021  -10.105 0.0000000000
19898  -41.319  -74.583  -10.276 0.0000000000
21890  -41.864  -72.391  -9.851 0.0000000000
24002  -42.604  -70.760  -9.414 0.0000000000
26343  -42.526  -68.923  -10.499 0.0000000000
26357  -42.335  -68.223  -11.025 0.0000000000
27513  -41.414  -67.476  -11.287 0.0000000000
28666  -41.866  -66.295  -11.563 0.0000000000
26341  -40.461  -68.331  -10.328 0.0000000000
28665  -40.739  -66.347  -11.514 0.0000000000
29800  -41.214  -65.328  -11.546 0.0000000000
31999  -41.025  -63.390  -11.055 0.0000000000
33117  -40.770  -62.975  -10.967 0.0000000000
20794  -41.211  -73.341  -4.611 0.0000000000
19839  -41.062  -74.303  -5.613 0.0000000000
19868  -38.611  -73.886  -7.257 0.0000000000
20843  -38.214  -73.279  -8.052 0.0000000000
23957  -37.241  -71.287  -5.288 0.0000000000
22897  -37.541  -71.911  -5.650 0.0000000000
25144  -36.435  -69.834  -7.484 0.0000000000
22906  -36.938  -71.475  -6.720 0.0000000000
22907  -37.300  -71.942  -6.487 0.0000000000
21877  -37.436  -72.013  -7.586 0.0000000000
21878  -37.703  -72.368  -7.942 0.0000000000
22943  -38.007  -71.490  -8.953 0.0000000000
26324  -38.837  -68.728  -9.689 0.0000000000
27496  -38.520  -67.218  -10.268 0.0000000000
28646  -37.748  -66.520  -10.238 0.0000000000
29780  -37.928  -65.820  -10.735 0.0000000000
28663  -38.951  -65.905  -11.304 0.0000000000
31997  -39.074  -63.674  -11.491 0.0000000000
33096  -39.869  -62.219  -10.964 0.0000000000
19929  -43.919  -74.061  -13.374 0.0000000000
19928  -43.154  -74.183  -13.618 0.0000000000
19927  -42.069  -74.314  -13.554 0.0000000000
21929  -43.422  -72.114  -12.983 0.0000000000
20886  -42.315  -73.361  -13.473 0.0000000000
19926  -40.889  -74.451  -13.308 0.0000000000
19925  -39.724  -74.535  -13.207 0.0000000000
26371  -44.483  -69.252  -12.747 0.0000000000
25235  -43.331  -69.701  -13.076 0.0000000000
24055  -41.520  -70.526  -13.585 0.0000000000
25258  -41.076  -69.930  -14.477 0.0000000000
24072  -40.095  -71.064  -13.931 0.0000000000
24053  -40.276  -71.437  -13.649 0.0000000000
35367  -40.422  -60.502  -12.997 0.0000000000
33145  -42.178  -63.088  -14.647 0.0000000000
32035  -42.615  -63.494  -14.872 0.0000000000
30952  -43.218  -64.120  -14.792 0.0000000000
29830  -44.906  -65.342  -14.671 0.0000000000
28686  -46.069  -66.017  -14.816 0.0000000000
28687  -46.852  -66.390  -14.559 0.0000000000
28688  -47.913  -66.892  -14.167 0.0000000000
28707  -47.640  -65.968  -15.908 0.0000000000
28693  -47.579  -66.401  -15.319 0.0000000000
27549  -49.194  -67.285  -14.336 0.0000000000
27541  -50.816  -67.875  -13.925 0.0000000000
26404  -51.620  -68.277  -13.681 0.0000000000
26392  -52.483  -68.955  -13.377 0.0000000000
30977  -52.047  -64.470  -16.175 0.0000000000
29856  -51.635  -65.492  -15.754 0.0000000000
28696  -51.471  -66.574  -15.382 0.0000000000
27552  -51.956  -67.361  -14.920 0.0000000000
26406  -52.484  -68.674  -14.307 0.0000000000
24061  -52.355  -70.145  -13.650 0.0000000000
24078  -51.616  -70.786  -14.432 0.0000000000
22991  -50.971  -71.525  -14.888 0.0000000000
21954  -49.533  -72.397  -15.998 0.0000000000
23030  -50.714  -71.272  -16.086 0.0000000000
21967  -49.208  -72.478  -16.568 0.0000000000
21995  -47.109  -72.877  -17.612 0.0000000000
15806  -42.898  -77.989  -9.604 0.0000000000
15817  -42.670  -77.791  -10.056 0.0000000000
16936  -41.974  -77.237  -9.967 0.0000000000
16946  -42.807  -77.096  -11.231 0.0000000000
17949  -41.196  -76.300  -7.937 0.0000000000
17962  -40.910  -76.178  -8.533 0.0000000000
17964  -42.143  -76.972  -7.985 0.0000000000
17973  -41.201  -76.428  -9.268 0.0000000000
17981  -41.679  -76.662  -10.112 0.0000000000
18912  -41.355  -76.000  -7.354 0.0000000000
18913  -42.015  -76.148  -7.146 0.0000000000
18919  -40.411  -75.657  -8.692 0.0000000000
18926  -39.969  -74.881  -9.216 0.0000000000
18928  -41.189  -76.045  -9.891 0.0000000000
18968  -40.507  -75.495  -13.220 0.0000000000
19837  -39.549  -73.913  -5.785 0.0000000000
19855  -38.523  -73.631  -6.655 0.0000000000
19869  -39.380  -74.640  -7.459 0.0000000000
19879  -39.408  -74.529  -8.739 0.0000000000
19889  -40.593  -74.488  -10.010 0.0000000000
19911  -44.271  -73.972  -11.979 0.0000000000
19918  -44.223  -74.452  -13.008 0.0000000000
19930  -44.275  -73.954  -13.012 0.0000000000
20806  -38.943  -73.155  -5.530 0.0000000000
20807  -39.548  -73.532  -5.488 0.0000000000
20809  -41.578  -73.820  -5.001 0.0000000000
20822  -38.058  -72.805  -6.185 0.0000000000
20823  -38.446  -73.197  -6.117 0.0000000000
20849  -40.143  -73.637  -9.887 0.0000000000
20856  -40.935  -73.783  -10.189 0.0000000000
20858  -42.664  -73.907  -10.364 0.0000000000
20860  -44.477  -73.454  -10.749 0.0000000000
20873  -44.345  -73.569  -12.573 0.0000000000
20887  -43.338  -73.376  -13.400 0.0000000000
20888  -44.067  -73.490  -13.174 0.0000000000
21814  -40.373  -72.347  -3.834 0.0000000000
21832  -41.444  -72.983  -4.133 0.0000000000
21833  -42.103  -73.120  -4.016 0.0000000000
21842  -37.962  -72.394  -5.624 0.0000000000
21843  -38.539  -72.604  -5.325 0.0000000000
21858  -37.753  -72.465  -6.202 0.0000000000
21868  -37.568  -72.492  -7.082 0.0000000000
21869  -37.836  -72.874  -7.552 0.0000000000
21881  -47.453  -72.654  -8.916 0.0000000000
21886  -38.114  -72.458  -8.649 0.0000000000
21891  -43.096  -72.758  -9.728 0.0000000000
21895  -47.772  -72.746  -9.352 0.0000000000
21896  -48.599  -72.478  -9.249 0.0000000000
21904  -41.386  -73.089  -10.111 0.0000000000
21909  -48.105  -72.466  -9.790 0.0000000000
21910  -48.773  -72.199  -9.616 0.0000000000
21918  -45.141  -72.639  -11.731 0.0000000000
21920  -46.485  -72.303  -10.781 0.0000000000
21936  -38.740  -72.764  -13.664 0.0000000000
21940  -42.629  -72.358  -13.223 0.0000000000
21955  -49.948  -72.370  -16.022 0.0000000000
21965  -47.713  -72.553  -17.036 0.0000000000
21966  -48.544  -72.581  -16.860 0.0000000000
21968  -49.666  -72.399  -16.331 0.0000000000
21994  -46.058  -72.955  -17.759 0.0000000000
21997  -48.912  -72.555  -17.409 0.0000000000
22856  -40.301  -71.412  -2.693 0.0000000000
22887  -38.501  -71.979  -4.607 0.0000000000
22896  -37.012  -71.389  -6.036 0.0000000000
22915  -36.845  -71.203  -7.259 0.0000000000
22916  -37.168  -71.793  -7.222 0.0000000000
22929  -37.289  -71.386  -8.033 0.0000000000
22930  -37.760  -71.930  -8.427 0.0000000000
22933  -47.959  -72.055  -8.548 0.0000000000
22935  -49.419  -71.783  -8.795 0.0000000000
22942  -37.535  -70.970  -8.612 0.0000000000
22946  -41.175  -71.469  -9.692 0.0000000000
22953  -49.236  -72.052  -9.260 0.0000000000
22954  -49.622  -71.802  -8.949 0.0000000000
22963  -49.172  -71.713  -9.784 0.0000000000
22964  -49.644  -71.495  -9.347 0.0000000000
22968  -45.508  -72.068  -11.620 0.0000000000
22972  -43.091  -71.521  -12.942 0.0000000000
22978  -39.165  -72.306  -13.632 0.0000000000
22979  -39.732  -71.849  -13.607 0.0000000000
22981  -41.531  -71.573  -13.325 0.0000000000
22992  -51.303  -71.197  -15.155 0.0000000000
23002  -39.619  -70.984  -15.162 0.0000000000
23004  -48.641  -71.526  -15.750 0.0000000000
23006  -50.126  -71.867  -15.432 0.0000000000
23007  -50.740  -71.554  -15.586 0.0000000000
23024  -45.161  -71.443  -16.916 0.0000000000
23028  -48.957  -72.376  -16.246 0.0000000000
23029  -50.069  -71.958  -16.413 0.0000000000
23031  -51.044  -70.938  -15.968 0.0000000000
23053  -46.536  -72.323  -17.287 0.0000000000
23935  -39.222  -71.337  -3.236 0.0000000000
23944  -36.767  -70.303  -4.939 0.0000000000
23975  -36.581  -70.550  -7.244 0.0000000000
23986  -36.809  -70.496  -7.869 0.0000000000
23988  -48.653  -71.528  -8.592 0.0000000000
23989  -49.270  -71.525  -8.725 0.0000000000
23990  -49.561  -71.578  -8.818 0.0000000000
23999  -39.375  -70.545  -9.614 0.0000000000
24015  -47.710  -71.343  -10.517 0.0000000000
24017  -49.664  -71.089  -9.988 0.0000000000
24019  -51.567  -70.225  -10.900 0.0000000000
24020  -51.732  -69.977  -10.669 0.0000000000
24028  -46.059  -70.842  -11.392 0.0000000000
24031  -51.581  -70.287  -11.728 0.0000000000
24038  -43.057  -70.881  -12.917 0.0000000000
24040  -44.805  -70.552  -12.140 0.0000000000
24043  -52.294  -70.107  -12.365 0.0000000000
24054  -40.749  -71.084  -13.621 0.0000000000
24056  -42.395  -70.391  -13.281 0.0000000000
24059  -50.925  -70.685  -13.495 0.0000000000
24060  -51.657  -70.558  -13.440 0.0000000000
24073  -40.734  -70.387  -14.152 0.0000000000
24074  -41.200  -70.132  -13.992 0.0000000000
24076  -50.127  -71.058  -14.487 0.0000000000
24079  -52.153  -70.094  -14.615 0.0000000000
24091  -40.042  -70.735  -14.516 0.0000000000
24094  -47.377  -70.331  -15.799 0.0000000000
24095  -48.025  -70.972  -15.796 0.0000000000
24097  -49.669  -71.539  -15.226 0.0000000000
24098  -51.704  -70.466  -15.241 0.0000000000
24115  -42.826  -70.323  -16.356 0.0000000000
24123  -51.282  -70.522  -15.834 0.0000000000
24139  -49.321  -71.274  -17.396 0.0000000000
25088  -37.190  -69.851  -3.390 0.0000000000
25133  -36.150  -69.320  -6.449 0.0000000000
25154  -37.289  -69.787  -8.747 0.0000000000
25161  -37.856  -69.767  -9.143 0.0000000000
25171  -48.295  -69.910  -8.919 0.0000000000
25173  -49.899  -70.270  -9.309 0.0000000000
25183  -41.793  -69.200  -10.040 0.0000000000
25184  -42.290  -69.332  -10.066 0.0000000000
25185  -43.186  -69.469  -10.161 0.0000000000
25193  -51.708  -69.578  -10.761 0.0000000000
25203  -45.686  -70.184  -11.743 0.0000000000
25204  -46.181  -69.780  -11.717 0.0000000000
25209  -52.062  -69.391  -11.496 0.0000000000
25217  -43.841  -69.666  -12.799 0.0000000000
25225  -52.513  -69.504  -12.848 0.0000000000
25233  -41.979  -70.035  -13.588 0.0000000000
25234  -42.568  -69.655  -13.532 0.0000000000
25236  -47.872  -69.232  -13.850 0.0000000000
25239  -50.589  -70.459  -13.394 0.0000000000
25240  -52.587  -69.458  -13.558 0.0000000000
25247  -41.127  -70.031  -14.210 0.0000000000
25253  -49.648  -70.581  -14.387 0.0000000000
25260  -42.587  -69.019  -15.014 0.0000000000
25261  -43.535  -68.981  -15.390 0.0000000000
25265  -47.913  -70.081  -15.368 0.0000000000
25267  -52.011  -69.681  -15.412 0.0000000000
25268  -52.329  -69.524  -15.030 0.0000000000
25279  -44.623  -69.852  -16.108 0.0000000000
25284  -51.618  -69.906  -15.712 0.0000000000
26271  -36.232  -69.318  -5.166 0.0000000000
26289  -36.238  -69.362  -7.151 0.0000000000
26303  -36.359  -68.925  -7.724 0.0000000000
26327  -41.536  -69.141  -10.032 0.0000000000
26329  -48.697  -69.130  -9.254 0.0000000000
26340  -39.918  -68.152  -10.232 0.0000000000
26356  -41.640  -68.145  -10.949 0.0000000000
26360  -46.713  -69.360  -11.865 0.0000000000
26361  -47.255  -69.167  -12.011 0.0000000000
26362  -47.888  -69.124  -12.313 0.0000000000
26364  -50.929  -68.447  -11.067 0.0000000000
26370  -44.091  -69.425  -12.799 0.0000000000
26376  -50.966  -68.282  -12.067 0.0000000000
26377  -51.903  -68.810  -12.256 0.0000000000
26383  -43.162  -69.360  -13.405 0.0000000000
26384  -43.726  -69.158  -13.180 0.0000000000
26385  -44.443  -68.756  -13.275 0.0000000000
26391  -52.024  -68.662  -13.144 0.0000000000
26405  -52.133  -68.450  -13.911 0.0000000000
26411  -43.015  -68.852  -14.301 0.0000000000
26414  -45.340  -68.822  -15.121 0.0000000000
26415  -45.956  -69.086  -15.307 0.0000000000
26416  -52.261  -69.209  -15.438 0.0000000000
26431  -52.559  -68.179  -16.003 0.0000000000
27484  -37.224  -67.899  -9.322 0.0000000000
27485  -37.987  -67.689  -9.766 0.0000000000
27487  -39.646  -68.081  -10.176 0.0000000000
27498  -40.767  -67.889  -10.798 0.0000000000
27500  -44.869  -67.167  -10.780 0.0000000000
27511  -39.717  -66.994  -11.059 0.0000000000
27516  -44.187  -66.808  -11.090 0.0000000000
27523  -49.476  -67.477  -11.884 0.0000000000
27529  -48.181  -66.854  -13.040 0.0000000000
27531  -49.506  -67.505  -12.887 0.0000000000
27540  -49.771  -67.530  -13.756 0.0000000000
27543  -52.225  -68.027  -14.541 0.0000000000
27550  -49.982  -67.329  -14.585 0.0000000000
27565  -50.519  -68.505  -16.759 0.0000000000
27579  -51.344  -67.266  -17.109 0.0000000000
28633  -36.073  -66.380  -9.103 0.0000000000
28647  -38.733  -66.480  -10.899 0.0000000000
28652  -48.181  -66.898  -10.772 0.0000000000
28653  -48.693  -67.220  -10.875 0.0000000000
28668  -43.825  -66.131  -11.125 0.0000000000
28672  -48.368  -66.910  -11.297 0.0000000000
28676  -47.613  -66.321  -12.271 0.0000000000
28681  -46.168  -66.052  -13.952 0.0000000000
28684  -48.007  -66.656  -12.488 0.0000000000
28689  -48.665  -67.152  -14.366 0.0000000000
28695  -50.264  -66.794  -15.328 0.0000000000
28697  -52.339  -66.709  -15.360 0.0000000000
28722  -53.219  -65.972  -16.915 0.0000000000
29745  -34.777  -65.656  -7.493 0.0000000000
29761  -34.755  -65.254  -7.965 0.0000000000
29762  -35.082  -65.555  -8.285 0.0000000000
29781  -43.722  -64.660  -10.747 0.0000000000
29796  -37.642  -65.154  -10.879 0.0000000000
29797  -38.392  -65.389  -11.184 0.0000000000
29798  -39.210  -65.338  -11.443 0.0000000000
29802  -43.438  -65.004  -10.972 0.0000000000
29804  -45.759  -64.800  -10.995 0.0000000000
29806  -46.939  -65.566  -11.630 0.0000000000
29811  -45.847  -65.107  -12.687 0.0000000000
29812  -46.331  -65.293  -12.337 0.0000000000
29817  -45.113  -65.129  -13.512 0.0000000000
29819  -46.399  -65.853  -13.160 0.0000000000
29831  -45.495  -65.498  -15.273 0.0000000000
29832  -46.242  -65.646  -15.660 0.0000000000
29833  -47.025  -65.821  -15.830 0.0000000000
29835  -52.580  -65.976  -15.575 0.0000000000
29836  -53.154  -65.868  -15.857 0.0000000000
29851  -45.800  -65.229  -15.903 0.0000000000
29858  -53.317  -65.319  -16.474 0.0000000000
29859  -53.480  -64.937  -16.891 0.0000000000
29873  -51.490  -65.710  -17.870 0.0000000000
29875  -53.388  -65.144  -17.161 0.0000000000
30888  -36.237  -64.868  -10.046 0.0000000000
30892  -44.395  -64.100  -10.856 0.0000000000
30911  -43.206  -64.423  -10.834 0.0000000000
30914  -46.038  -64.820  -11.968 0.0000000000
30921  -43.884  -63.574  -12.512 0.0000000000
30923  -45.571  -64.783  -12.505 0.0000000000
30929  -43.079  -63.662  -13.332 0.0000000000
30932  -45.326  -64.926  -13.041 0.0000000000
30941  -44.481  -65.052  -14.296 0.0000000000
30951  -42.745  -63.764  -14.445 0.0000000000
30979  -53.339  -64.655  -16.735 0.0000000000
30980  -53.487  -64.656  -16.951 0.0000000000
30991  -52.705  -64.696  -17.919 0.0000000000
30993  -53.407  -64.708  -17.183 0.0000000000
31959  -34.525  -64.393  -7.713 0.0000000000
31984  -44.138  -63.457  -11.166 0.0000000000
32000  -42.025  -63.663  -10.871 0.0000000000
32001  -42.451  -63.730  -10.773 0.0000000000
32002  -43.758  -62.953  -11.410 0.0000000000
32003  -44.175  -63.364  -11.703 0.0000000000
32009  -42.991  -62.918  -12.534 0.0000000000
32011  -44.123  -63.367  -12.065 0.0000000000
32016  -42.329  -62.923  -13.230 0.0000000000
32017  -42.766  -63.185  -13.064 0.0000000000
32027  -42.341  -63.398  -14.110 0.0000000000
32062  -51.440  -63.729  -16.462 0.0000000000
32063  -52.405  -63.688  -16.740 0.0000000000
32064  -53.133  -64.139  -16.855 0.0000000000
32065  -53.371  -64.446  -16.897 0.0000000000
32078  -52.508  -63.330  -17.213 0.0000000000
32080  -53.281  -64.340  -17.159 0.0000000000
33071  -35.093  -62.985  -8.345 0.0000000000
33081  -35.476  -62.924  -9.170 0.0000000000
33094  -37.865  -62.563  -10.980 0.0000000000
33097  -40.933  -62.593  -10.814 0.0000000000
33098  -41.840  -62.479  -10.647 0.0000000000
33099  -42.695  -62.415  -10.835 0.0000000000
33115  -39.458  -62.919  -11.291 0.0000000000
33116  -40.349  -62.941  -11.111 0.0000000000
33118  -42.920  -62.140  -11.410 0.0000000000
33119  -43.297  -62.576  -11.741 0.0000000000
33127  -42.178  -62.179  -12.534 0.0000000000
33128  -42.679  -62.427  -12.293 0.0000000000
33129  -43.214  -62.660  -12.104 0.0000000000
33134  -42.122  -62.524  -13.037 0.0000000000
33144  -41.735  -62.629  -14.172 0.0000000000
33181  -51.042  -63.074  -16.784 0.0000000000
34218  -40.328  -61.528  -10.636 0.0000000000
34239  -42.421  -61.802  -11.739 0.0000000000
34249  -41.225  -61.148  -12.367 0.0000000000
34250  -41.771  -61.581  -12.269 0.0000000000
34329  -52.016  -62.241  -18.562 0.0000000000
35325  -40.918  -60.890  -10.595 0.0000000000
35346  -41.546  -61.005  -11.618 0.0000000000
35362  -41.449  -61.053  -11.975 0.0000000000
