#!ascii label  , from subject mmSR20151113 vox2ras=TkReg
1087
81561  -25.041  -20.486  -21.663 0.4285714328
82637  -25.139  -19.453  -22.406 0.2857142985
82619  -25.607  -19.846  -21.800 0.4285714328
82620  -26.160  -19.345  -21.882 0.4285714328
82622  -27.743  -18.830  -21.263 0.4285714328
83653  -26.186  -18.338  -22.671 0.2857142985
83637  -27.194  -18.332  -21.837 0.4285714328
84665  -27.677  -17.823  -21.794 0.4285714328
84697  -26.266  -17.425  -23.302 0.4285714328
84698  -26.737  -16.982  -23.304 0.4285714328
85832  -26.308  -15.967  -24.274 0.4285714328
85833  -26.821  -15.587  -24.278 0.4285714328
87951  -25.558  -14.687  -25.131 0.5714285970
86909  -26.391  -15.213  -24.796 0.5714285970
86910  -26.950  -15.069  -24.662 0.4285714328
87938  -28.161  -14.328  -23.929 0.2857142985
87972  -26.612  -14.208  -25.535 0.7142857313
87953  -27.454  -14.364  -24.919 0.7142857313
89982  -28.026  -12.589  -25.707 0.7142857313
89968  -28.797  -12.495  -24.703 0.4285714328
88963  -27.503  -13.214  -25.694 0.7142857313
88964  -28.145  -13.027  -25.328 0.5714285970
91056  -28.854  -11.300  -25.132 0.5714285970
89997  -27.711  -12.246  -26.121 0.5714285970
91055  -28.496  -11.411  -25.812 0.5714285970
92022  -28.438  -10.911  -26.203 0.5714285970
92023  -28.852  -10.388  -25.844 0.5714285970
91071  -27.548  -11.409  -26.507 0.5714285970
92009  -29.552  -10.371  -24.739 0.4285714328
93008  -28.959  -9.335  -26.029 0.5714285970
93920  -29.286  -8.489  -25.608 0.5714285970
92053  -27.922  -9.675  -26.974 0.7142857313
93933  -28.848  -8.472  -26.190 0.7142857313
94856  -29.138  -7.583  -25.778 0.7142857313
94845  -29.577  -7.568  -25.153 0.5714285970
93007  -28.578  -9.296  -26.527 0.5714285970
93004  -25.414  -9.552  -26.313 0.5714285970
93945  -28.061  -8.393  -27.107 0.8571428657
95815  -29.494  -6.638  -25.374 0.7142857313
95808  -29.960  -6.632  -24.750 0.5714285970
93944  -27.465  -8.361  -27.241 0.7142857313
93017  -26.523  -8.872  -27.062 0.5714285970
96895  -29.356  -5.671  -25.582 0.7142857313
96882  -29.846  -5.679  -24.927 0.5714285970
94871  -28.332  -7.538  -26.796 0.7142857313
95824  -29.071  -6.693  -25.978 0.7142857313
98003  -29.352  -4.672  -25.580 0.5714285970
95823  -28.670  -6.671  -26.476 0.7142857313
97989  -29.771  -4.749  -25.092 0.5714285970
95838  -28.226  -6.570  -26.900 0.5714285970
96894  -29.036  -5.303  -25.974 0.7142857313
99134  -29.361  -3.719  -25.594 0.7142857313
99119  -29.742  -4.057  -25.271 0.7142857313
98011  -28.465  -4.609  -26.660 0.7142857313
98002  -28.925  -4.591  -26.071 0.7142857313
99133  -28.800  -3.665  -26.175 0.7142857313
100231  -29.157  -2.712  -25.647 0.7142857313
100232  -29.633  -2.977  -25.277 0.5714285970
96916  -27.525  -5.528  -27.403 0.5714285970
101266  -29.353  -1.722  -25.364 0.5714285970
102219  -29.646  -1.001  -25.144 0.5714285970
99142  -28.322  -3.653  -26.814 0.8571428657
98022  -27.996  -4.580  -27.248 0.8571428657
102233  -28.631  -1.330  -26.207 0.7142857313
100238  -28.170  -2.740  -26.960 0.8571428657
101281  -28.393  -1.906  -26.507 0.7142857313
102257  -28.143  -0.369  -27.768 0.8571428657
102246  -29.011  0.056  -26.453 0.5714285970
102245  -28.492  -0.913  -26.848 0.8571428657
101298  -27.870  -1.557  -27.728 0.8571428657
100246  -27.806  -2.611  -27.574 0.8571428657
101291  -28.099  -1.937  -27.113 0.8571428657
103108  -27.657  0.232  -28.349 0.8571428657
103908  -27.969  1.419  -28.140 0.8571428657
103918  -26.572  1.492  -28.627 0.8571428657
103118  -26.668  0.506  -28.650 0.8571428657
103107  -24.605  0.719  -27.830 1.0000000000
103117  -25.877  0.844  -28.571 1.0000000000
102265  -26.947  -0.402  -28.566 0.8571428657
103116  -25.134  0.798  -28.246 1.0000000000
102263  -25.441  -0.021  -28.337 1.0000000000
104715  -24.207  1.971  -27.387 1.0000000000
105550  -20.782  2.891  -21.798 0.7142857313
103906  -24.330  1.481  -27.631 1.0000000000
103895  -23.960  1.461  -27.089 1.0000000000
104691  -23.547  2.410  -25.905 1.0000000000
107659  -23.237  5.272  -24.479 1.0000000000
108603  -22.560  5.343  -23.178 0.8571428657
108614  -22.876  6.846  -24.115 0.8571428657
108626  -23.207  6.282  -24.576 1.0000000000
110502  -25.820  8.544  -27.931 0.8571428657
110490  -25.108  8.101  -26.747 0.8571428657
109563  -23.982  7.555  -25.452 1.0000000000
147662  -26.393  9.647  -32.188 0.8571428657
147650  -25.739  9.083  -30.312 0.8571428657
111526  -25.637  9.978  -32.381 0.7142857313
112468  -25.924  10.006  -27.076 0.5714285970
113326  -24.596  11.177  -31.437 0.7142857313
113335  -24.886  11.314  -32.250 0.5714285970
147679  -26.393  11.399  -27.677 0.5714285970
112459  -25.679  10.643  -26.382 0.5714285970
147681  -26.541  11.982  -27.302 0.4285714328
114768  -25.850  13.396  -29.173 0.4285714328
114781  -25.342  13.473  -29.957 0.4285714328
114752  -27.508  13.080  -26.794 0.2857142985
114753  -28.049  13.442  -26.561 0.2857142985
114760  -27.158  13.335  -27.631 0.2857142985
115511  -28.306  14.066  -27.047 0.2857142985
82638  -25.695  -18.975  -22.518 0.2857142985
92040  -28.648  -9.848  -26.309 0.5714285970
102234  -29.082  -0.755  -25.798 0.5714285970
100230  -28.591  -2.748  -26.309 0.7142857313
101282  -28.768  -1.848  -25.864 0.7142857313
103097  -28.741  0.402  -27.217 0.8571428657
103109  -28.275  0.569  -27.898 0.8571428657
103919  -27.247  1.038  -28.580 0.8571428657
105572  -21.552  3.152  -23.234 0.8571428657
115487  -29.171  15.072  -25.089 0.1428571492
83651  -24.375  -18.714  -22.984 0.2857142985
83667  -25.277  -17.975  -23.432 0.2857142985
84682  -27.213  -17.395  -22.589 0.4285714328
85803  -28.154  -16.375  -22.493 0.4285714328
84696  -25.339  -17.191  -23.787 0.2857142985
83668  -25.774  -17.765  -23.344 0.4285714328
85819  -27.755  -15.669  -23.340 0.4285714328
86908  -25.656  -15.349  -24.770 0.5714285970
87952  -26.751  -14.763  -25.079 0.5714285970
87954  -28.033  -13.896  -24.651 0.4285714328
88961  -25.996  -13.456  -25.865 0.2857142985
88962  -26.753  -13.460  -25.870 0.7142857313
89998  -28.181  -12.018  -25.875 0.4285714328
91070  -26.798  -11.462  -26.542 0.5714285970
92982  -29.928  -9.318  -24.685 0.4285714328
92038  -27.264  -10.641  -26.778 0.7142857313
92994  -29.464  -9.418  -25.389 0.7142857313
93912  -29.742  -8.474  -24.957 0.4285714328
94855  -28.735  -7.580  -26.337 0.7142857313
93005  -26.180  -9.484  -26.788 0.5714285970
93018  -26.975  -9.285  -27.165 0.5714285970
99120  -30.185  -3.764  -24.808 0.5714285970
93943  -26.823  -8.300  -27.213 0.5714285970
97990  -30.204  -4.726  -24.484 0.5714285970
96902  -28.650  -5.613  -26.507 0.7142857313
96903  -28.980  -5.989  -26.143 0.7142857313
99135  -29.829  -3.433  -25.164 0.5714285970
95837  -27.676  -6.512  -27.215 0.8571428657
101309  -26.955  -1.461  -28.412 1.0000000000
103917  -25.930  1.808  -28.557 1.0000000000
102254  -24.579  -0.294  -27.420 1.0000000000
104664  -21.961  2.202  -23.929 0.8571428657
106582  -22.224  3.634  -21.882 0.7142857313
106611  -22.064  3.894  -23.167 1.0000000000
105589  -22.438  3.386  -24.059 1.0000000000
107631  -22.500  4.257  -23.010 0.7142857313
106612  -22.575  4.128  -24.048 1.0000000000
147595  -22.627  3.444  -21.645 0.7142857313
108625  -22.846  5.683  -24.229 0.8571428657
110489  -24.593  8.283  -25.937 0.8571428657
108639  -24.327  6.926  -25.939 1.0000000000
147649  -25.607  9.631  -29.121 0.7142857313
114049  -26.097  12.571  -28.446 0.7142857313
147657  -26.200  10.214  -27.560 0.5714285970
147659  -25.034  11.177  -30.210 0.7142857313
147670  -24.916  11.505  -30.263 0.7142857313
112454  -25.712  10.877  -25.302 0.4285714328
115521  -26.831  14.142  -28.401 0.2857142985
115520  -26.258  14.749  -29.008 0.4285714328
114067  -24.751  12.257  -31.682 0.4285714328
115533  -25.461  14.235  -29.813 0.4285714328
115510  -27.697  14.657  -27.723 0.2857142985
89981  -25.891  -12.558  -26.121 0.4285714328
91069  -25.878  -11.538  -26.242 0.4285714328
114769  -26.481  13.371  -28.378 0.4285714328
81563  -26.630  -19.800  -21.224 0.4285714328
82636  -24.156  -19.360  -22.663 0.2857142985
81577  -24.613  -19.848  -22.268 0.2857142985
82621  -27.196  -19.337  -21.251 0.4285714328
83636  -26.665  -18.819  -21.869 0.4285714328
83652  -25.210  -18.637  -22.971 0.2857142985
83654  -26.800  -17.967  -22.451 0.4285714328
84714  -25.020  -16.681  -24.143 0.2857142985
85817  -26.291  -16.681  -23.748 0.4285714328
85818  -27.135  -16.320  -23.444 0.4285714328
85831  -25.499  -16.349  -24.223 0.4285714328
87971  -25.850  -14.303  -25.461 0.2857142985
88975  -26.394  -12.945  -26.088 0.5714285970
89995  -26.485  -12.292  -26.326 0.5714285970
92039  -28.168  -10.315  -26.647 0.5714285970
93932  -28.470  -8.441  -26.689 0.7142857313
94837  -30.082  -7.562  -24.563 0.5714285970
93006  -26.658  -9.860  -26.922 0.7142857313
93019  -27.720  -9.169  -27.155 0.7142857313
92037  -26.508  -10.514  -26.641 0.7142857313
94870  -27.858  -7.480  -27.146 0.5714285970
94869  -27.252  -7.433  -27.287 0.7142857313
96917  -28.124  -5.571  -27.058 0.8571428657
102256  -27.514  -0.886  -28.211 0.8571428657
100245  -27.438  -2.405  -28.064 0.8571428657
102264  -26.149  -0.236  -28.547 1.0000000000
103880  -23.215  1.489  -25.491 1.0000000000
105531  -21.202  3.268  -21.699 0.8571428657
110510  -26.026  8.956  -28.220 0.8571428657
147652  -25.368  10.369  -29.855 0.7142857313
112507  -24.962  10.383  -32.036 0.7142857313
147658  -25.009  10.550  -30.452 0.5714285970
147671  -25.284  11.777  -29.637 0.5714285970
112461  -26.355  10.914  -27.419 0.5714285970
113291  -26.178  11.386  -25.574 0.4285714328
114037  -26.466  12.181  -27.753 0.4285714328
114057  -25.256  12.812  -30.065 0.4285714328
114027  -27.619  12.807  -25.563 0.2857142985
114030  -26.943  12.488  -27.075 0.2857142985
116294  -28.768  14.635  -26.625 0.2857142985
115498  -29.071  14.782  -25.500 0.1428571492
89980  -25.361  -12.768  -25.807 0.2857142985
107644  -22.512  4.502  -23.143 1.0000000000
118687  -24.682  18.926  -29.754 0.2857142985
119439  -24.483  19.682  -27.985 0.1428571492
117118  -25.443  16.815  -29.870 0.2857142985
117883  -25.118  18.001  -30.611 0.2857142985
118676  -25.135  18.953  -28.634 0.1428571492
117111  -26.842  16.239  -28.173 0.1428571492
117119  -25.827  16.665  -29.205 0.2857142985
117864  -25.937  17.395  -28.569 0.1428571492
117128  -24.983  17.223  -31.263 0.2857142985
117127  -25.075  16.849  -30.561 0.2857142985
115558  -26.694  14.390  -32.388 0.2857142985
115568  -25.766  13.856  -33.098 0.2857142985
119426  -24.606  19.720  -27.044 0.1428571492
115532  -24.990  14.924  -30.467 0.2857142985
113347  -26.288  11.678  -32.708 0.2857142985
117137  -24.888  16.438  -31.417 0.2857142985
116313  -25.332  16.061  -30.168 0.2857142985
114068  -27.595  12.491  -31.513 0.1428571492
114088  -26.217  12.745  -32.999 0.2857142985
114808  -25.175  13.246  -32.948 0.2857142985
117863  -25.731  18.162  -28.200 0.1428571492
114796  -24.891  13.356  -32.133 0.2857142985
116323  -24.825  15.747  -31.045 0.2857142985
114784  -29.143  14.077  -29.446 0.1428571492
114782  -28.032  13.280  -30.584 0.1428571492
114078  -26.937  12.810  -32.552 0.4285714328
114076  -24.942  12.315  -32.609 0.2857142985
147673  -28.476  9.803  -29.478 0.2857142985
147675  -27.120  10.417  -32.247 0.4285714328
112515  -26.626  11.106  -32.547 0.2857142985
114780  -24.873  13.459  -30.789 0.2857142985
147678  -28.903  10.308  -28.340 0.1428571492
147682  -27.969  11.295  -30.362 0.2857142985
147651  -26.548  8.443  -30.521 0.5714285970
110503  -29.154  8.457  -28.585 0.1428571492
147672  -28.518  8.629  -29.517 0.1428571492
112513  -25.460  10.616  -32.450 0.4285714328
147660  -27.763  9.130  -30.559 0.4285714328
109593  -29.586  7.357  -28.576 0.2857142985
109592  -28.751  7.143  -29.229 0.7142857313
108638  -23.903  6.340  -25.606 0.8571428657
108664  -26.289  6.550  -29.066 0.8571428657
147656  -27.394  8.432  -30.532 0.5714285970
108668  -30.059  6.490  -28.184 0.2857142985
108667  -29.307  6.429  -28.830 0.2857142985
110523  -27.186  7.858  -30.189 0.7142857313
110477  -23.714  8.622  -24.218 0.5714285970
109582  -25.478  7.334  -27.503 0.8571428657
108658  -30.614  6.418  -27.545 0.1428571492
107701  -26.353  5.451  -28.554 0.7142857313
107695  -30.111  5.476  -27.697 0.1428571492
101280  -22.629  -1.397  -24.988 0.5714285970
103082  -23.458  0.580  -25.837 0.8571428657
103067  -22.073  0.502  -24.219 0.8571428657
103848  -21.040  1.493  -23.120 0.5714285970
106624  -23.473  4.801  -24.828 0.8571428657
105621  -25.029  3.479  -27.895 0.8571428657
107682  -23.853  5.279  -25.963 0.8571428657
107694  -29.460  5.066  -28.022 0.2857142985
106659  -25.420  4.406  -27.866 0.8571428657
107692  -25.676  5.503  -27.755 0.8571428657
109572  -25.252  7.118  -26.763 0.8571428657
107685  -30.398  4.998  -27.018 0.4285714328
106672  -27.557  4.505  -28.552 0.7142857313
107702  -27.029  5.519  -29.035 0.7142857313
100228  -22.196  -2.306  -24.484 0.2857142985
102243  -23.810  -0.361  -26.137 0.5714285970
102232  -23.111  -0.417  -25.380 0.5714285970
103106  -24.189  0.678  -27.287 0.8571428657
104702  -24.060  2.447  -26.885 0.8571428657
105611  -23.739  3.384  -26.221 0.8571428657
105612  -24.322  3.472  -26.908 0.8571428657
106648  -24.062  4.360  -26.437 0.8571428657
106661  -28.711  4.277  -27.882 0.4285714328
105635  -26.953  3.446  -28.495 0.8571428657
106671  -26.685  4.498  -28.554 0.8571428657
106651  -29.822  4.062  -26.909 0.4285714328
96913  -25.306  -5.486  -27.064 0.7142857313
98010  -24.477  -4.316  -26.545 0.4285714328
96914  -26.084  -5.484  -27.475 0.7142857313
99149  -26.453  -3.300  -27.994 0.8571428657
99147  -24.960  -3.396  -27.175 0.5714285970
100236  -23.571  -2.374  -25.752 0.5714285970
99131  -22.530  -3.258  -24.523 0.4285714328
100258  -26.373  -2.238  -28.277 0.8571428657
100242  -24.708  -2.385  -27.142 0.5714285970
101289  -23.358  -1.391  -25.598 0.5714285970
101308  -26.346  -1.196  -28.417 0.8571428657
101296  -25.002  -1.337  -27.610 0.7142857313
101290  -23.975  -1.435  -26.239 0.5714285970
104718  -27.960  2.500  -28.000 0.7142857313
104731  -26.395  2.514  -28.537 0.7142857313
104730  -25.490  2.583  -28.337 0.8571428657
105606  -30.499  3.307  -25.930 0.2857142985
105615  -30.008  3.339  -26.479 0.4285714328
105614  -29.246  3.348  -27.063 0.5714285970
94868  -26.588  -7.404  -27.206 0.4285714328
95834  -25.617  -6.463  -27.024 0.4285714328
96901  -24.413  -5.489  -26.358 0.4285714328
99151  -27.854  -3.588  -27.409 0.7142857313
99150  -27.260  -3.401  -27.891 0.7142857313
100257  -25.947  -1.729  -28.304 0.8571428657
103896  -29.159  1.502  -27.074 0.7142857313
104696  -30.184  2.218  -26.040 0.2857142985
103909  -28.585  1.203  -27.635 0.5714285970
93942  -26.171  -8.346  -26.934 0.4285714328
94844  -24.723  -7.532  -26.048 0.5714285970
95835  -26.348  -6.449  -27.282 0.5714285970
98021  -27.377  -4.515  -27.621 0.7142857313
103086  -29.603  0.605  -25.859 0.4285714328
103885  -30.010  1.636  -25.892 0.4285714328
103897  -29.618  1.356  -26.428 0.4285714328
92036  -25.761  -10.443  -26.304 0.5714285970
96883  -30.313  -5.704  -24.309 0.4285714328
102220  -30.099  -0.668  -24.567 0.4285714328
100217  -29.645  -2.359  -25.182 0.4285714328
103072  -29.688  -0.208  -25.227 0.4285714328
86881  -28.353  -15.282  -22.990 0.1428571492
100199  -30.612  -2.948  -24.441 0.4285714328
101250  -30.577  -1.863  -24.353 0.4285714328
88947  -28.964  -13.060  -23.904 0.1428571492
96872  -31.232  -5.947  -23.177 0.2857142985
99086  -31.607  -4.215  -22.765 0.2857142985
97978  -31.153  -4.971  -23.254 0.2857142985
94838  -30.604  -7.577  -24.033 0.4285714328
100179  -31.507  -3.022  -22.835 0.2857142985
97977  -30.643  -4.790  -23.835 0.2857142985
96871  -30.771  -5.790  -23.712 0.2857142985
100200  -31.045  -2.667  -23.726 0.4285714328
87921  -28.821  -14.389  -22.882 0.1428571492
88932  -28.795  -13.596  -23.554 0.1428571492
87937  -27.694  -14.775  -24.171 0.1428571492
89952  -29.881  -12.228  -23.236 0.2857142985
91023  -29.799  -11.454  -23.863 0.2857142985
92975  -31.278  -9.332  -23.193 0.2857142985
94830  -31.563  -7.658  -23.025 0.2857142985
94829  -31.067  -7.615  -23.502 0.2857142985
93904  -30.732  -8.454  -23.854 0.2857142985
95802  -31.372  -6.815  -23.111 0.2857142985
88919  -29.220  -13.637  -22.790 0.1428571492
91014  -31.451  -11.281  -22.406 0.2857142985
89939  -30.227  -12.366  -22.679 0.2857142985
91991  -31.151  -10.362  -23.025 0.2857142985
91024  -30.337  -11.387  -23.336 0.2857142985
89969  -29.234  -12.392  -24.141 0.2857142985
92002  -30.885  -9.840  -23.404 0.2857142985
85802  -27.572  -16.775  -22.721 0.2857142985
86882  -29.083  -15.259  -22.248 0.1428571492
81545  -26.006  -20.801  -20.845 0.2857142985
81544  -25.460  -21.130  -20.970 0.2857142985
80506  -24.424  -21.111  -21.528 0.2857142985
84666  -28.190  -17.346  -21.774 0.2857142985
81546  -27.066  -20.448  -20.551 0.1428571492
80490  -24.313  -21.862  -21.135 0.2857142985
79387  -24.232  -22.323  -20.842 0.1428571492
88933  -29.272  -12.967  -23.313 0.1428571492
91013  -30.796  -11.353  -22.852 0.2857142985
92966  -31.783  -9.444  -22.712 0.2857142985
95795  -31.886  -6.834  -22.662 0.2857142985
93905  -31.207  -8.482  -23.364 0.2857142985
97958  -31.693  -5.293  -22.775 0.2857142985
99105  -31.043  -3.881  -23.374 0.2857142985
101233  -31.692  -1.750  -23.164 0.2857142985
98018  -25.090  -4.448  -27.117 0.7142857313
101251  -31.103  -1.531  -23.758 0.4285714328
101295  -24.457  -1.421  -26.934 0.5714285970
101267  -29.924  -1.715  -24.892 0.4285714328
103886  -30.219  1.485  -25.286 0.2857142985
104706  -30.232  2.677  -26.115 0.2857142985
104705  -29.736  2.300  -26.532 0.5714285970
109547  -22.737  7.411  -23.709 0.7142857313
105623  -28.439  3.327  -27.644 0.7142857313
108646  -24.237  5.815  -26.152 0.8571428657
111474  -25.401  9.389  -26.710 0.4285714328
111469  -24.663  9.147  -25.729 0.5714285970
110509  -25.709  8.207  -28.195 0.7142857313
107684  -25.140  5.451  -27.102 0.8571428657
109590  -25.809  7.664  -28.708 0.8571428657
118643  -25.782  18.371  -26.715 0.1428571492
116334  -25.056  15.566  -31.891 0.2857142985
81576  -24.055  -20.015  -22.302 0.2857142985
85785  -28.667  -16.824  -21.744 0.1428571492
87923  -30.182  -13.717  -21.928 0.1428571492
88909  -31.295  -13.126  -21.563 0.1428571492
91037  -29.330  -11.410  -24.473 0.2857142985
91990  -30.665  -10.877  -23.265 0.2857142985
92974  -30.806  -9.297  -23.629 0.2857142985
94824  -32.097  -7.699  -22.572 0.2857142985
92010  -30.030  -9.835  -24.332 0.2857142985
96854  -31.654  -6.143  -22.778 0.2857142985
94867  -25.919  -7.370  -26.960 0.5714285970
93913  -30.265  -8.450  -24.393 0.2857142985
96893  -23.996  -6.059  -25.769 0.2857142985
98019  -25.851  -4.459  -27.607 0.7142857313
98020  -26.654  -4.453  -27.766 0.5714285970
98001  -23.375  -4.240  -25.374 0.4285714328
101265  -21.300  -1.376  -23.729 0.2857142985
100229  -22.905  -2.349  -25.122 0.5714285970
100218  -30.105  -2.711  -24.890 0.4285714328
103058  -30.482  0.268  -23.946 0.1428571492
103073  -30.032  0.648  -24.951 0.4285714328
103871  -30.599  1.539  -24.539 0.1428571492
104716  -24.600  2.515  -27.834 0.8571428657
104683  -30.845  2.507  -24.796 0.1428571492
104704  -29.107  2.414  -27.095 0.5714285970
105624  -28.925  3.891  -27.501 0.5714285970
106673  -28.466  4.784  -28.464 0.7142857313
108648  -25.502  6.377  -27.251 0.8571428657
108659  -31.058  6.428  -26.976 0.2857142985
116304  -27.117  15.452  -28.255 0.2857142985
107704  -29.180  5.479  -28.583 0.4285714328
107696  -30.727  5.932  -27.279 0.4285714328
109583  -30.470  7.362  -27.604 0.1428571492
147676  -28.541  8.181  -29.484 0.5714285970
110491  -30.467  8.308  -27.244 0.1428571492
110513  -29.414  7.844  -28.588 0.1428571492
147677  -29.075  9.113  -28.357 0.1428571492
117848  -26.213  17.707  -27.387 0.1428571492
147666  -28.063  8.484  -30.264 0.5714285970
113337  -26.923  11.648  -32.351 0.2857142985
113327  -27.664  11.350  -31.311 0.2857142985
147684  -28.512  11.394  -29.193 0.1428571492
114060  -28.594  12.837  -29.191 0.1428571492
114059  -28.477  13.086  -29.519 0.1428571492
115546  -27.236  15.005  -31.655 0.2857142985
114797  -27.381  13.824  -31.618 0.1428571492
114798  -28.007  14.044  -30.682 0.1428571492
82608  -29.216  -19.224  -20.496 0.1428571492
86865  -29.806  -15.433  -21.576 0.1428571492
106642  -30.819  4.036  -25.668 0.2857142985
115534  -28.840  14.792  -30.133 0.1428571492
116337  -27.183  15.853  -31.795 0.2857142985
81560  -23.940  -20.698  -21.897 0.2857142985
81562  -26.089  -20.115  -21.311 0.2857142985
82607  -28.285  -19.291  -20.752 0.1428571492
83638  -28.249  -18.342  -21.257 0.1428571492
83639  -28.736  -17.853  -21.202 0.1428571492
86897  -27.843  -15.070  -23.702 0.1428571492
88946  -28.539  -13.222  -24.550 0.2857142985
89984  -28.922  -11.994  -24.754 0.4285714328
96915  -26.846  -5.496  -27.577 0.5714285970
95836  -27.046  -6.477  -27.390 0.4285714328
100259  -27.010  -2.234  -28.321 0.7142857313
104732  -27.262  2.251  -28.426 0.7142857313
102253  -24.184  0.031  -26.822 0.8571428657
101307  -25.638  -1.062  -28.196 0.8571428657
102255  -25.109  -0.519  -27.949 0.8571428657
104729  -25.017  2.059  -28.198 0.8571428657
104690  -23.071  2.394  -25.035 0.8571428657
111473  -24.882  8.771  -26.327 0.5714285970
147654  -26.476  9.078  -31.150 0.7142857313
112508  -26.467  10.095  -32.547 0.5714285970
113346  -25.492  11.462  -32.665 0.2857142985
103098  -29.279  0.781  -26.637 0.4285714328
85804  -28.679  -15.801  -22.338 0.1428571492
92983  -30.386  -9.297  -24.147 0.2857142985
99104  -30.658  -3.781  -24.127 0.4285714328
102244  -24.255  -0.681  -26.694 0.5714285970
106637  -23.519  4.325  -25.458 0.8571428657
116314  -25.704  15.416  -29.576 0.2857142985
116303  -26.444  15.903  -28.788 0.2857142985
99164  -26.724  -2.659  -28.248 0.8571428657
117873  -25.443  17.691  -29.412 0.2857142985
118659  -25.428  18.707  -27.466 0.1428571492
117874  -25.685  17.231  -29.025 0.2857142985
114810  -26.690  13.647  -32.731 0.2857142985
115556  -25.300  14.289  -32.589 0.2857142985
114087  -25.562  12.457  -32.953 0.2857142985
114077  -26.574  12.124  -32.650 0.2857142985
113348  -26.610  11.433  -32.557 0.2857142985
115545  -24.821  14.574  -31.571 0.2857142985
114783  -28.566  14.085  -29.928 0.1428571492
114058  -28.040  12.187  -30.232 0.1428571492
147663  -27.222  9.565  -31.550 0.5714285970
147668  -28.877  8.534  -28.827 0.1428571492
113320  -28.501  12.483  -29.367 0.2857142985
147674  -27.792  10.372  -30.699 0.4285714328
109591  -28.437  7.283  -29.488 0.4285714328
147665  -28.223  7.982  -29.898 0.5714285970
108681  -28.693  6.572  -29.230 0.5714285970
108665  -26.983  6.157  -29.333 0.7142857313
108679  -27.256  6.601  -29.516 0.7142857313
109603  -26.861  7.401  -29.748 0.7142857313
106650  -25.296  4.923  -27.495 0.8571428657
103053  -21.427  0.820  -23.600 0.4285714328
102218  -21.645  -0.540  -24.083 0.4285714328
104717  -25.116  3.045  -28.133 0.8571428657
105633  -25.514  3.579  -28.227 0.8571428657
106660  -28.132  4.093  -28.121 0.4285714328
106662  -29.425  4.472  -27.550 0.5714285970
107703  -28.051  5.585  -29.097 0.8571428657
105622  -27.684  3.365  -28.198 0.7142857313
96900  -24.063  -4.890  -26.093 0.4285714328
99148  -25.649  -3.472  -27.664 0.7142857313
100244  -25.987  -2.856  -28.039 0.7142857313
99141  -24.359  -3.356  -26.516 0.4285714328
99132  -23.184  -3.301  -25.223 0.4285714328
100243  -25.522  -2.323  -27.855 0.7142857313
105613  -28.797  2.813  -27.287 0.5714285970
94854  -25.286  -7.422  -26.599 0.5714285970
103087  -29.973  1.130  -25.498 0.4285714328
104697  -30.454  2.318  -25.503 0.2857142985
102208  -30.695  -0.872  -23.972 0.4285714328
92000  -29.712  -10.893  -24.193 0.2857142985
92001  -30.304  -10.355  -23.769 0.2857142985
95801  -30.909  -6.729  -23.611 0.2857142985
95809  -30.461  -6.660  -24.179 0.2857142985
87922  -29.704  -14.320  -22.062 0.1428571492
89953  -30.396  -11.920  -22.859 0.2857142985
93897  -31.695  -8.532  -22.882 0.2857142985
88920  -29.904  -13.058  -22.443 0.1428571492
91992  -31.904  -10.336  -22.446 0.2857142985
80493  -26.474  -21.107  -20.432 0.1428571492
80492  -25.940  -21.652  -20.381 0.1428571492
81532  -28.033  -20.888  -19.846 0.1428571492
118660  -25.807  18.265  -27.160 0.1428571492
81547  -28.198  -20.135  -20.261 0.1428571492
83625  -28.776  -18.813  -20.782 0.1428571492
117098  -26.591  17.070  -27.615 0.1428571492
110471  -22.426  7.957  -22.474 0.5714285970
108591  -22.956  5.907  -22.495 0.4285714328
109546  -22.287  7.240  -23.048 0.5714285970
108604  -22.288  6.117  -22.898 0.4285714328
109553  -23.371  7.517  -24.456 0.4285714328
107619  -23.040  3.969  -22.880 0.4285714328
107620  -23.124  3.630  -22.059 0.4285714328
108590  -22.784  5.263  -22.826 0.5714285970
104644  -20.501  2.290  -21.902 0.5714285970
99070  -32.922  -4.089  -21.919 0.1428571492
99087  -32.258  -3.537  -22.398 0.1428571492
100180  -32.241  -2.363  -22.460 0.1428571492
87950  -25.035  -14.608  -24.963 0.2857142985
97940  -34.166  -4.143  -20.836 0.1428571492
99072  -34.126  -3.076  -20.738 0.1428571492
99071  -33.545  -3.548  -21.390 0.1428571492
86907  -24.904  -15.486  -24.573 0.2857142985
96828  -32.887  -6.154  -21.967 0.1428571492
96829  -33.658  -5.955  -21.448 0.1428571492
96855  -32.238  -5.873  -22.355 0.1428571492
97939  -33.597  -4.662  -21.465 0.1428571492
97929  -35.505  -4.184  -19.623 0.1428571492
96830  -34.219  -5.090  -21.009 0.1428571492
99061  -37.124  -2.540  -19.446 0.1428571492
99059  -35.498  -3.239  -19.631 0.1428571492
99060  -36.450  -2.988  -19.404 0.1428571492
86906  -24.273  -15.488  -24.211 0.2857142985
92960  -32.943  -9.549  -21.774 0.1428571492
93889  -33.423  -8.724  -21.569 0.1428571492
94825  -32.707  -7.753  -22.182 0.1428571492
93898  -32.253  -8.591  -22.437 0.1428571492
95796  -32.488  -6.863  -22.262 0.1428571492
96809  -34.546  -5.947  -20.650 0.1428571492
96808  -34.122  -6.657  -21.036 0.1428571492
97919  -35.168  -5.667  -19.998 0.1428571492
97920  -35.625  -5.117  -19.527 0.1428571492
97922  -37.380  -4.389  -18.981 0.1428571492
97923  -38.263  -4.328  -19.268 0.1428571492
99050  -36.777  -3.800  -19.222 0.1428571492
85830  -24.717  -16.219  -24.276 0.2857142985
85815  -23.577  -16.376  -23.715 0.2857142985
84694  -23.648  -17.329  -23.611 0.2857142985
91015  -32.062  -11.002  -22.144 0.1428571492
92961  -33.531  -9.622  -21.333 0.1428571492
94813  -33.836  -7.941  -21.313 0.1428571492
96799  -35.118  -6.483  -20.031 0.1428571492
95782  -33.686  -7.092  -21.407 0.1428571492
96801  -36.295  -5.540  -18.901 0.1428571492
97921  -36.388  -4.544  -19.110 0.1428571492
99053  -39.062  -3.645  -20.069 0.1428571492
99052  -38.480  -3.377  -19.680 0.1428571492
91006  -31.857  -11.566  -21.958 0.1428571492
91985  -33.035  -10.467  -21.528 0.1428571492
91008  -33.139  -11.362  -21.214 0.1428571492
93862  -34.935  -9.368  -20.217 0.1428571492
91975  -34.147  -10.606  -20.599 0.1428571492
95724  -35.905  -7.580  -19.127 0.1428571492
93873  -34.016  -8.791  -21.103 0.1428571492
95725  -36.214  -7.283  -18.730 0.1428571492
94797  -34.913  -7.890  -20.297 0.1428571492
95741  -36.233  -6.459  -18.795 0.1428571492
96804  -38.925  -5.342  -19.337 0.1428571492
95743  -37.661  -5.827  -18.518 0.1428571492
97924  -38.965  -4.326  -19.778 0.1428571492
89933  -33.261  -12.038  -20.859 0.1428571492
89940  -30.803  -12.291  -22.252 0.1428571492
91960  -35.155  -10.829  -19.459 0.1428571492
91959  -34.657  -10.705  -20.121 0.1428571492
91001  -33.656  -11.396  -20.730 0.1428571492
92946  -34.624  -9.851  -20.411 0.1428571492
91974  -33.604  -10.523  -21.055 0.1428571492
94758  -37.539  -7.634  -17.915 0.1428571492
93845  -37.147  -8.540  -17.694 0.1428571492
95726  -36.885  -6.936  -18.290 0.1428571492
95727  -37.791  -6.644  -18.297 0.1428571492
96803  -38.089  -5.244  -18.749 0.1428571492
90961  -35.920  -11.376  -18.132 0.1428571492
90988  -34.979  -11.764  -19.322 0.1428571492
91002  -34.160  -11.464  -20.270 0.1428571492
92913  -36.730  -9.462  -17.752 0.1428571492
91939  -36.326  -10.425  -17.926 0.1428571492
93844  -36.396  -8.672  -18.286 0.1428571492
95728  -38.631  -6.644  -18.542 0.1428571492
94759  -38.488  -7.544  -18.117 0.1428571492
92932  -35.530  -9.759  -19.280 0.1428571492
92945  -34.110  -9.701  -20.854 0.1428571492
93843  -35.858  -8.810  -19.066 0.1428571492
95760  -34.583  -7.052  -20.545 0.1428571492
96810  -39.338  -5.130  -20.192 0.1428571492
99062  -38.915  -3.047  -20.090 0.1428571492
97928  -34.868  -4.822  -20.280 0.1428571492
97930  -36.123  -3.743  -19.385 0.1428571492
97959  -32.299  -4.691  -22.389 0.1428571492
100166  -32.906  -2.926  -21.924 0.1428571492
84695  -24.554  -17.419  -23.782 0.2857142985
96795  -38.657  -5.916  -18.794 0.1428571492
97931  -39.284  -4.219  -20.429 0.1428571492
100157  -39.243  -2.745  -20.978 0.1428571492
101202  -38.152  -2.106  -19.866 0.1428571492
100144  -37.852  -2.459  -19.627 0.1428571492
100152  -34.799  -2.628  -20.121 0.1428571492
100154  -36.512  -2.020  -19.470 0.1428571492
110472  -22.748  8.375  -23.061 0.4285714328
117141  -28.630  17.003  -31.999 0.1428571492
109554  -23.762  8.116  -24.847 0.4285714328
84713  -24.613  -16.815  -24.072 0.2857142985
117140  -27.361  16.556  -31.939 0.1428571492
92967  -32.372  -9.491  -22.235 0.1428571492
91007  -32.473  -11.355  -21.705 0.1428571492
89931  -31.900  -12.284  -21.647 0.1428571492
91984  -32.461  -10.368  -21.970 0.1428571492
102209  -31.291  -0.541  -23.470 0.1428571492
97938  -32.946  -5.223  -21.946 0.1428571492
99058  -34.775  -3.682  -20.159 0.1428571492
100167  -33.521  -2.431  -21.316 0.1428571492
95781  -33.121  -6.929  -21.842 0.1428571492
93888  -32.848  -8.653  -22.014 0.1428571492
94812  -33.295  -7.837  -21.757 0.1428571492
95759  -34.130  -7.323  -21.050 0.1428571492
96800  -35.641  -6.036  -19.410 0.1428571492
96802  -37.138  -5.225  -18.678 0.1428571492
94796  -34.366  -7.959  -20.821 0.1428571492
93874  -34.676  -8.851  -20.498 0.1428571492
95740  -35.634  -7.075  -19.433 0.1428571492
95742  -36.993  -6.066  -18.475 0.1428571492
96794  -38.197  -6.037  -18.538 0.1428571492
89932  -32.689  -12.326  -21.177 0.1428571492
92931  -35.084  -9.905  -19.956 0.1428571492
94778  -35.328  -7.658  -19.879 0.1428571492
94757  -36.649  -7.792  -18.153 0.1428571492
93875  -35.051  -8.438  -20.193 0.1428571492
91938  -35.702  -10.576  -18.684 0.1428571492
94760  -39.232  -7.410  -18.662 0.1428571492
92912  -36.057  -9.597  -18.481 0.1428571492
79397  -22.094  -21.876  -21.293 0.1428571492
80505  -23.801  -21.590  -21.437 0.1428571492
80502  -20.919  -21.253  -21.247 0.1428571492
80504  -22.605  -21.336  -21.593 0.1428571492
81559  -23.011  -20.721  -21.911 0.1428571492
81575  -23.190  -20.054  -22.264 0.1428571492
82635  -23.267  -19.306  -22.584 0.1428571492
83650  -23.398  -18.479  -22.937 0.1428571492
83666  -24.476  -18.082  -23.422 0.1428571492
83648  -21.711  -18.370  -22.235 0.1428571492
84678  -21.832  -17.475  -22.315 0.1428571492
84680  -23.247  -17.729  -23.218 0.1428571492
85801  -22.495  -16.531  -22.852 0.1428571492
86879  -22.221  -15.761  -22.332 0.1428571492
86895  -23.684  -15.539  -23.775 0.1428571492
86894  -23.121  -15.633  -23.302 0.1428571492
87935  -23.239  -14.718  -23.352 0.2857142985
87936  -23.843  -14.648  -23.948 0.1428571492
87949  -24.429  -14.642  -24.497 0.1428571492
88944  -24.981  -13.878  -25.261 0.1428571492
89967  -24.809  -13.006  -25.340 0.2857142985
92993  -24.851  -9.507  -25.804 0.4285714328
93931  -25.630  -8.821  -26.666 0.4285714328
93941  -25.593  -8.103  -26.689 0.4285714328
104643  -20.589  1.587  -21.258 0.2857142985
105532  -21.475  2.335  -21.232 0.2857142985
104623  -20.725  2.579  -21.409 0.2857142985
147598  -23.964  5.366  -22.984 0.2857142985
108592  -23.844  5.905  -22.251 0.2857142985
109539  -22.422  7.155  -22.370 0.2857142985
109528  -22.659  7.421  -21.696 0.4285714328
85829  -24.134  -16.254  -24.050 0.1428571492
88918  -22.816  -13.856  -22.698 0.1428571492
88931  -24.061  -13.733  -24.262 0.2857142985
88960  -25.360  -13.626  -25.543 0.1428571492
81574  -22.494  -20.050  -22.130 0.1428571492
83649  -22.472  -18.429  -22.630 0.1428571492
85800  -22.013  -16.581  -22.346 0.1428571492
86880  -22.614  -15.722  -22.835 0.1428571492
87920  -22.747  -14.911  -22.817 0.1428571492
89950  -23.163  -12.659  -23.176 0.2857142985
89966  -24.303  -12.872  -24.726 0.2857142985
89951  -23.739  -12.705  -24.016 0.2857142985
91054  -25.452  -12.158  -26.036 0.2857142985
91068  -25.436  -11.036  -26.001 0.4285714328
92035  -25.201  -10.445  -25.868 0.4285714328
92992  -24.353  -9.498  -25.198 0.2857142985
103066  -21.387  0.107  -23.681 0.2857142985
105516  -22.182  1.698  -21.571 0.2857142985
106560  -22.718  2.900  -21.216 0.2857142985
106561  -23.709  3.387  -21.170 0.2857142985
106613  -23.447  4.496  -23.298 0.2857142985
91036  -24.507  -12.310  -25.138 0.2857142985
103830  -20.117  1.138  -21.735 0.2857142985
103829  -20.237  0.751  -21.008 0.2857142985
105501  -23.578  2.693  -21.472 0.2857142985
105517  -23.899  3.224  -22.122 0.2857142985
107601  -22.941  3.210  -20.867 0.2857142985
106569  -23.677  3.324  -21.651 0.2857142985
147594  -23.663  3.511  -22.781 0.2857142985
103786  -24.072  2.655  -21.371 0.2857142985
105533  -24.229  3.105  -22.166 0.2857142985
91053  -24.905  -11.661  -25.667 0.4285714328
85814  -23.002  -16.466  -23.319 0.1428571492
81558  -21.993  -20.420  -21.859 0.1428571492
82634  -22.363  -19.300  -22.356 0.1428571492
84679  -22.551  -17.502  -22.868 0.1428571492
84693  -22.924  -17.136  -23.248 0.1428571492
88930  -23.453  -13.716  -23.562 0.2857142985
91052  -24.410  -11.065  -25.224 0.4285714328
105553  -24.423  3.071  -22.424 0.2857142985
94843  -24.085  -7.589  -25.524 0.2857142985
93919  -24.465  -8.541  -25.681 0.2857142985
95822  -24.903  -6.518  -26.545 0.2857142985
119482  -27.308  19.551  -31.389 0.1428571492
119483  -28.245  19.490  -31.769 0.1428571492
118711  -25.844  19.088  -32.308 0.1428571492
117139  -26.215  16.640  -32.252 0.1428571492
117895  -26.715  17.564  -32.703 0.1428571492
118699  -28.468  18.949  -30.786 0.1428571492
117894  -25.799  17.923  -32.249 0.1428571492
117884  -25.237  17.991  -31.474 0.1428571492
119459  -25.703  20.155  -28.848 0.1428571492
95814  -24.360  -6.628  -25.880 0.2857142985
117896  -27.789  17.617  -32.736 0.1428571492
119495  -28.812  19.637  -32.517 0.1428571492
116336  -26.642  15.483  -32.078 0.1428571492
118721  -26.711  19.116  -33.114 0.1428571492
117907  -27.167  18.333  -33.341 0.1428571492
114820  -26.125  13.482  -33.219 0.1428571492
119492  -25.671  19.781  -31.795 0.1428571492
119472  -24.898  19.871  -29.981 0.1428571492
118696  -24.561  19.087  -31.042 0.1428571492
116335  -25.719  15.524  -32.264 0.1428571492
117138  -25.302  16.771  -31.958 0.1428571492
93930  -25.067  -8.515  -26.318 0.2857142985
119493  -26.608  19.621  -32.261 0.1428571492
118698  -27.508  19.265  -30.427 0.1428571492
119494  -27.728  19.645  -32.448 0.1428571492
118690  -28.009  18.667  -29.756 0.1428571492
118697  -25.201  18.770  -31.820 0.1428571492
119500  -28.294  19.558  -33.337 0.1428571492
105552  -24.101  3.065  -22.762 0.1428571492
105590  -24.271  3.180  -24.674 0.1428571492
106625  -24.213  4.253  -24.391 0.1428571492
103032  -20.064  0.099  -21.393 0.1428571492
105574  -23.891  3.073  -23.691 0.1428571492
107660  -24.656  5.092  -24.355 0.1428571492
107646  -24.303  5.327  -23.634 0.1428571492
107632  -25.198  5.785  -23.098 0.2857142985
98009  -23.927  -4.273  -25.976 0.2857142985
100215  -21.191  -2.114  -23.233 0.1428571492
101264  -20.793  -1.353  -22.949 0.1428571492
104642  -21.480  0.036  -21.329 0.1428571492
106652  -30.446  4.346  -26.475 0.1428571492
105509  -23.533  1.160  -22.545 0.1428571492
147596  -24.340  5.990  -22.424 0.1428571492
107621  -25.017  5.966  -22.596 0.1428571492
108593  -24.753  6.321  -22.359 0.2857142985
109530  -23.827  7.163  -21.194 0.2857142985
112425  -23.471  10.180  -19.925 0.2857142985
110435  -24.219  9.137  -19.187 0.2857142985
112443  -24.956  10.669  -22.933 0.2857142985
114010  -27.957  12.167  -23.542 0.1428571492
110468  -22.453  8.094  -21.856 0.2857142985
111452  -22.433  8.962  -21.145 0.2857142985
111465  -24.402  9.626  -24.553 0.2857142985
111450  -22.840  9.354  -20.147 0.2857142985
110453  -23.488  8.717  -19.751 0.2857142985
111466  -24.870  10.167  -24.798 0.2857142985
112424  -23.115  9.906  -19.811 0.2857142985
110434  -23.680  9.321  -19.208 0.2857142985
112449  -24.949  10.592  -24.114 0.2857142985
113292  -26.677  11.934  -25.855 0.1428571492
112418  -24.568  10.276  -19.161 0.2857142985
116293  -28.473  15.377  -27.010 0.1428571492
116281  -28.571  15.920  -25.953 0.1428571492
110454  -24.502  8.527  -19.855 0.1428571492
110455  -25.513  8.361  -20.327 0.1428571492
108605  -25.390  6.335  -22.643 0.2857142985
111439  -23.967  9.746  -18.981 0.2857142985
113286  -26.417  11.235  -24.672 0.1428571492
112444  -25.724  10.948  -23.300 0.2857142985
113281  -26.504  11.237  -23.658 0.1428571492
112434  -25.426  11.048  -21.069 0.1428571492
107661  -25.343  5.167  -24.700 0.2857142985
111441  -25.703  9.479  -18.986 0.1428571492
113273  -27.305  11.815  -21.719 0.1428571492
112427  -25.362  10.837  -19.796 0.1428571492
106641  -26.845  4.058  -25.506 0.1428571492
107686  -30.866  5.494  -26.689 0.1428571492
105594  -30.784  3.204  -25.252 0.1428571492
100216  -21.569  -2.187  -23.904 0.1428571492
102187  -20.085  -0.953  -21.164 0.1428571492
107676  -31.334  5.547  -25.696 0.1428571492
104607  -24.135  1.716  -22.159 0.1428571492
103796  -24.368  2.262  -21.951 0.1428571492
104665  -24.447  1.920  -23.760 0.1428571492
107633  -25.789  5.841  -23.532 0.2857142985
109531  -25.013  7.370  -21.496 0.1428571492
109512  -24.107  7.822  -20.405 0.2857142985
109513  -24.762  7.991  -20.448 0.1428571492
111440  -24.836  9.649  -18.913 0.2857142985
113277  -26.436  11.395  -22.546 0.1428571492
114026  -27.253  12.651  -26.171 0.1428571492
113278  -27.242  11.745  -23.005 0.1428571492
114016  -27.644  12.231  -24.535 0.1428571492
106653  -30.995  4.801  -25.999 0.1428571492
111470  -24.870  9.935  -25.480 0.2857142985
112453  -25.286  10.418  -24.979 0.2857142985
114021  -27.310  12.393  -25.341 0.1428571492
114022  -27.922  12.849  -25.020 0.1428571492
113282  -27.196  11.612  -24.084 0.1428571492
110469  -22.636  8.678  -22.101 0.2857142985
99118  -21.785  -3.153  -23.686 0.1428571492
102204  -20.413  -0.551  -22.615 0.1428571492
111461  -23.247  8.946  -23.072 0.2857142985
109529  -23.170  7.027  -21.519 0.1428571492
104646  -24.457  2.472  -23.029 0.1428571492
102203  -19.883  -0.627  -21.887 0.1428571492
107647  -25.200  5.514  -23.911 0.1428571492
147597  -24.489  5.758  -22.717 0.1428571492
101226  -20.312  -1.705  -21.692 0.1428571492
109540  -25.275  6.798  -22.305 0.2857142985
109511  -23.282  7.808  -20.626 0.2857142985
109510  -22.770  7.803  -21.000 0.2857142985
112417  -23.752  10.124  -19.412 0.2857142985
112442  -24.329  10.162  -22.539 0.2857142985
112433  -24.557  10.676  -20.818 0.2857142985
111449  -22.484  8.987  -20.751 0.2857142985
111457  -23.158  9.128  -22.472 0.2857142985
111462  -23.811  9.401  -23.241 0.2857142985
112431  -23.112  9.901  -20.349 0.2857142985
111458  -23.666  9.738  -22.083 0.2857142985
112448  -24.439  10.168  -23.502 0.2857142985
117082  -27.886  16.349  -26.521 0.1428571492
112439  -25.585  11.096  -22.190 0.2857142985
113272  -26.300  11.360  -21.387 0.1428571492
89938  -22.742  -12.578  -22.424 0.1428571492
91022  -23.368  -11.618  -23.746 0.1428571492
91012  -22.692  -11.510  -22.231 0.1428571492
91998  -22.685  -10.540  -22.691 0.1428571492
91021  -22.838  -11.570  -22.942 0.1428571492
92972  -22.718  -9.614  -23.197 0.1428571492
91999  -23.031  -10.577  -23.429 0.1428571492
91035  -24.110  -11.661  -24.711 0.1428571492
92973  -23.232  -9.604  -23.855 0.1428571492
92020  -24.182  -10.461  -24.870 0.1428571492
92981  -23.818  -9.521  -24.530 0.1428571492
92965  -22.466  -9.548  -22.475 0.1428571492
93903  -22.846  -8.892  -23.650 0.1428571492
93918  -23.892  -8.551  -25.052 0.1428571492
94836  -23.442  -7.596  -24.980 0.1428571492
96892  -23.479  -5.453  -25.432 0.1428571492
108606  -25.930  6.219  -23.036 0.1428571492
88908  -22.584  -13.493  -21.948 0.1428571492
89929  -22.751  -12.493  -21.801 0.1428571492
110436  -25.168  9.028  -19.366 0.1428571492
91005  -22.870  -11.477  -21.751 0.1428571492
92008  -23.589  -10.571  -24.207 0.1428571492
93902  -22.386  -8.552  -23.092 0.1428571492
93911  -23.287  -8.537  -24.299 0.1428571492
88898  -22.764  -13.533  -21.348 0.1428571492
79396  -21.502  -21.659  -21.288 0.1428571492
80476  -26.825  -21.528  -19.986 0.1428571492
80491  -24.835  -21.595  -21.051 0.2857142985
82618  -21.932  -19.669  -22.083 0.1428571492
83665  -23.823  -18.088  -23.261 0.1428571492
84681  -26.609  -17.784  -22.747 0.4285714328
84683  -27.796  -16.985  -22.392 0.2857142985
84712  -24.048  -16.896  -23.995 0.2857142985
85816  -25.831  -16.925  -23.779 0.4285714328
86896  -27.353  -15.266  -24.076 0.4285714328
86926  -25.948  -14.890  -25.123 0.5714285970
86927  -26.312  -14.703  -25.225 0.5714285970
87970  -25.338  -14.236  -25.298 0.1428571492
87973  -27.104  -13.870  -25.585 0.7142857313
88921  -30.537  -13.266  -21.874 0.1428571492
88943  -24.572  -13.802  -24.876 0.1428571492
88945  -27.964  -13.587  -25.082 0.4285714328
88976  -26.937  -12.844  -26.158 0.5714285970
88977  -27.333  -12.654  -26.119 0.7142857313
89930  -31.349  -12.405  -21.838 0.1428571492
89941  -31.460  -11.957  -21.999 0.1428571492
89983  -28.510  -12.288  -25.281 0.4285714328
89996  -27.146  -12.194  -26.379 0.5714285970
90987  -34.608  -11.555  -19.772 0.1428571492
91072  -28.126  -11.423  -26.272 0.5714285970
92021  -24.666  -10.446  -25.426 0.4285714328
92051  -26.982  -10.075  -26.986 0.7142857313
92052  -27.522  -9.884  -26.994 0.7142857313
93020  -28.200  -9.243  -26.933 0.7142857313
93863  -35.314  -8.907  -19.901 0.1428571492
94756  -36.131  -8.007  -18.824 0.1428571492
94779  -35.667  -8.014  -19.500 0.1428571492
94798  -35.277  -8.167  -19.993 0.1428571492
95739  -35.118  -7.215  -20.056 0.1428571492
95813  -23.737  -6.663  -25.423 0.2857142985
96831  -39.344  -4.848  -20.900 0.1428571492
99051  -37.497  -3.396  -19.343 0.1428571492
99063  -39.270  -3.329  -20.606 0.1428571492
99140  -23.784  -3.331  -25.869 0.4285714328
99165  -27.008  -2.827  -28.211 0.8571428657
100145  -38.481  -2.557  -19.932 0.1428571492
100237  -24.165  -2.390  -26.408 0.5714285970
101243  -19.922  -1.215  -21.723 0.1428571492
101244  -20.228  -1.305  -22.224 0.1428571492
101279  -21.886  -1.394  -24.414 0.5714285970
101297  -27.384  -1.719  -28.195 1.0000000000
102217  -21.022  -0.567  -23.387 0.1428571492
102231  -22.375  -0.463  -24.709 0.4285714328
102262  -24.911  0.123  -28.039 1.0000000000
103051  -20.135  0.238  -22.173 0.1428571492
103052  -20.736  0.367  -23.058 0.2857142985
103081  -22.816  0.532  -25.071 0.8571428657
103096  -23.889  0.667  -26.603 0.8571428657
103119  -27.147  0.335  -28.594 0.8571428657
103787  -24.111  2.624  -21.640 0.2857142985
103788  -24.450  2.858  -21.033 0.2857142985
103789  -24.728  2.845  -21.014 0.2857142985
103797  -24.278  2.696  -21.861 0.2857142985
103831  -20.510  1.691  -22.364 0.2857142985
103847  -20.405  0.996  -22.471 0.4285714328
103849  -21.890  1.639  -23.903 0.8571428657
103864  -22.576  1.508  -24.676 1.0000000000
103881  -23.677  1.510  -26.335 1.0000000000
103907  -24.780  1.528  -28.078 1.0000000000
103916  -25.358  1.602  -28.350 1.0000000000
104596  -23.852  2.703  -21.336 0.2857142985
104597  -23.958  2.928  -20.957 0.2857142985
104598  -24.070  3.093  -20.815 0.2857142985
104599  -24.202  3.139  -20.900 0.2857142985
104608  -24.291  3.061  -21.201 0.2857142985
104614  -24.328  3.023  -21.675 0.2857142985
104624  -24.524  3.165  -22.089 0.2857142985
104645  -21.039  2.392  -22.734 0.7142857313
104663  -21.666  2.445  -23.633 0.8571428657
104676  -22.037  2.883  -23.944 0.8571428657
104677  -22.327  2.476  -24.235 0.8571428657
104703  -24.408  2.952  -27.292 0.8571428657
104719  -28.556  2.160  -27.549 0.5714285970
105502  -23.727  2.974  -20.755 0.2857142985
105503  -23.873  3.215  -20.491 0.2857142985
105504  -24.017  3.352  -20.624 0.2857142985
105510  -24.066  3.360  -20.877 0.2857142985
105518  -24.054  3.225  -21.473 0.2857142985
105551  -21.213  3.147  -22.387 0.8571428657
105573  -22.074  3.559  -23.616 1.0000000000
105588  -21.878  3.127  -23.739 0.8571428657
105600  -22.956  3.261  -24.690 1.0000000000
105601  -23.394  3.258  -25.380 0.8571428657
105620  -24.684  3.438  -27.477 0.8571428657
105634  -26.163  3.512  -28.476 0.8571428657
106550  -23.192  3.091  -20.762 0.2857142985
106551  -23.603  3.253  -20.695 0.2857142985
106552  -23.825  3.439  -20.582 0.2857142985
106553  -24.065  3.876  -20.636 0.2857142985
106595  -21.925  3.788  -22.512 1.0000000000
106623  -23.113  4.248  -24.507 1.0000000000
106636  -23.288  3.776  -24.995 1.0000000000
106649  -24.798  4.394  -27.207 0.8571428657
106658  -24.995  3.909  -27.621 0.8571428657
106663  -30.067  4.671  -27.150 0.5714285970
106670  -26.005  4.430  -28.361 0.8571428657
106674  -29.068  4.814  -28.147 0.4285714328
107590  -22.931  3.057  -20.682 0.2857142985
107591  -22.943  3.227  -20.596 0.2857142985
107592  -23.405  3.424  -20.681 0.2857142985
107593  -23.513  3.467  -21.041 0.2857142985
107602  -23.186  3.383  -21.044 0.2857142985
107608  -23.035  3.278  -21.236 0.2857142985
107645  -22.672  5.043  -23.924 0.8571428657
107658  -22.898  5.066  -24.012 1.0000000000
107672  -23.596  5.393  -25.112 1.0000000000
107683  -24.488  5.266  -26.547 0.8571428657
107693  -26.024  5.760  -28.264 0.7142857313
107700  -25.948  5.108  -28.166 0.8571428657
107705  -29.722  5.953  -28.386 0.4285714328
107712  -27.412  5.989  -29.365 0.7142857313
107713  -27.731  6.131  -29.440 0.7142857313
108612  -22.600  5.202  -23.369 1.0000000000
108613  -22.455  6.025  -23.725 1.0000000000
108647  -24.737  6.337  -26.430 0.8571428657
108656  -25.794  6.543  -28.215 0.8571428657
108657  -26.142  6.103  -28.547 0.7142857313
108663  -25.662  7.052  -28.706 0.7142857313
108666  -28.724  6.072  -29.125 0.5714285970
108678  -26.598  7.031  -29.490 0.7142857313
108680  -28.157  6.407  -29.447 0.7142857313
109562  -23.553  6.958  -25.054 1.0000000000
109571  -24.697  7.400  -26.205 1.0000000000
109573  -30.812  7.849  -27.002 0.1428571492
109589  -25.573  7.523  -28.227 0.8571428657
109602  -26.128  7.611  -29.307 0.5714285970
109604  -28.017  7.189  -29.712 0.5714285970
109605  -28.420  6.826  -29.417 0.7142857313
110452  -22.773  8.497  -20.467 0.2857142985
110462  -22.469  8.377  -21.148 0.2857142985
110463  -22.499  8.757  -21.488 0.2857142985
110473  -23.349  8.720  -23.466 0.4285714328
110476  -23.214  8.137  -23.747 0.4285714328
110482  -24.185  8.585  -25.131 0.5714285970
110501  -25.561  8.276  -27.591 0.7142857313
110504  -29.678  8.191  -28.183 0.1428571492
110511  -28.474  7.516  -29.473 0.4285714328
110512  -28.859  7.968  -28.969 0.4285714328
111438  -23.328  9.644  -19.408 0.2857142985
111453  -22.941  9.426  -21.259 0.2857142985
111454  -23.539  9.998  -21.433 0.2857142985
111475  -25.659  10.041  -26.736 0.5714285970
111485  -25.763  8.790  -27.619 0.8571428657
111533  -25.830  10.252  -32.530 0.7142857313
111534  -26.092  10.030  -32.571 0.7142857313
112416  -23.332  10.050  -19.555 0.2857142985
112426  -24.186  10.459  -19.925 0.2857142985
112432  -23.629  10.248  -20.750 0.2857142985
112437  -24.080  10.304  -21.591 0.2857142985
112438  -24.813  10.708  -21.863 0.2857142985
112450  -25.777  10.875  -24.344 0.2857142985
112458  -25.164  10.425  -25.847 0.2857142985
112460  -26.219  10.805  -26.912 0.5714285970
112514  -26.164  10.639  -32.616 0.4285714328
113287  -26.904  11.786  -25.006 0.1428571492
113296  -26.178  11.369  -26.325 0.4285714328
113297  -26.532  11.730  -26.829 0.4285714328
113336  -26.594  11.789  -32.596 0.2857142985
114050  -28.718  13.211  -29.154 0.1428571492
114056  -24.703  12.010  -30.593 0.7142857313
114089  -26.457  13.291  -33.016 0.2857142985
114748  -27.714  13.132  -26.314 0.1428571492
114749  -28.092  13.263  -25.785 0.1428571492
114761  -27.790  13.470  -27.023 0.2857142985
114809  -26.268  13.897  -32.992 0.1428571492
114819  -25.663  13.289  -33.166 0.2857142985
114821  -26.379  13.599  -33.113 0.1428571492
115486  -29.009  14.648  -24.598 0.1428571492
115502  -28.562  13.867  -26.294 0.1428571492
115512  -28.673  14.249  -26.532 0.2857142985
115548  -29.224  15.300  -30.544 0.1428571492
115557  -26.034  14.519  -32.639 0.1428571492
115567  -25.433  13.675  -33.077 0.2857142985
116272  -29.036  15.428  -25.440 0.1428571492
116324  -27.171  15.539  -31.744 0.2857142985
117099  -27.097  16.685  -27.359 0.1428571492
117129  -27.709  16.240  -31.614 0.2857142985
117847  -25.812  18.212  -27.662 0.1428571492
117906  -26.316  18.428  -32.919 0.1428571492
118710  -25.145  19.457  -31.674 0.1428571492
118722  -27.736  19.082  -33.720 0.1428571492
119499  -27.361  19.484  -33.059 0.1428571492
147648  -26.095  8.271  -29.785 0.7142857313
147653  -25.795  11.187  -28.585 0.7142857313
147655  -25.302  9.649  -30.832 0.7142857313
147661  -25.518  9.683  -31.731 0.7142857313
147664  -24.819  10.297  -31.211 0.7142857313
147667  -26.154  10.380  -28.135 0.5714285970
147669  -24.708  11.080  -30.650 0.7142857313
147680  -25.208  10.966  -30.049 0.7142857313
