#!ascii label  , from subject mmSR20151113 vox2ras=TkReg
111
306 -52.521 -68.632 -15.276 0.0000000000
2355 -52.559 -68.179 -16.003 0.0000000000
301 -52.927 -66.756 -16.544 0.0000000000
2396 -52.567 -66.531 -17.067 0.0000000000
331 -52.871 -67.405 -15.918 0.0000000000
2397 -53.219 -65.972 -16.915 0.0000000000
296 -52.559 -65.424 -17.629 0.0000000000
2456 -52.705 -64.696 -17.919 0.0000000000
320 -52.565 -63.685 -18.345 0.0000000000
321 -53.040 -64.495 -17.639 0.0000000000
2459 -52.733 -64.354 -18.088 0.0000000000
308 -51.616 -70.786 -14.432 0.0000000000
2326 -51.618 -69.906 -15.712 0.0000000000
274 -52.059 -69.952 -15.057 0.0000000000
2281 -52.153 -70.094 -14.615 0.0000000000
2287 -51.704 -70.466 -15.241 0.0000000000
2322 -52.011 -69.681 -15.412 0.0000000000
2323 -52.329 -69.524 -15.030 0.0000000000
2270 -51.567 -70.225 -10.900 0.0000000000
2271 -51.732 -69.977 -10.669 0.0000000000
268 -51.901 -68.939 -16.006 0.0000000000
2354 -52.261 -69.209 -15.438 0.0000000000
264 -52.264 -67.545 -16.584 0.0000000000
261 -52.063 -66.960 -17.087 0.0000000000
259 -51.821 -66.421 -17.438 0.0000000000
294 -51.929 -65.204 -18.080 0.0000000000
2458 -52.197 -64.550 -18.300 0.0000000000
2488 -51.647 -63.670 -19.217 0.0000000000
2489 -52.068 -63.740 -18.884 0.0000000000
343 -52.352 -62.650 -19.773 0.0000000000
2491 -52.068 -63.163 -19.548 0.0000000000
2494 -51.631 -63.072 -19.929 0.0000000000
344 -52.422 -63.326 -19.048 0.0000000000
345 -52.452 -62.710 -19.238 0.0000000000
342 -51.978 -62.361 -20.344 0.0000000000
355 -52.483 -61.940 -19.833 0.0000000000
2532 -52.450 -62.402 -19.839 0.0000000000
2559 -52.172 -61.907 -19.180 0.0000000000
354 -51.772 -61.302 -21.203 0.0000000000
2590 -52.221 -61.251 -19.810 0.0000000000
2239 -50.740 -71.554 -15.586 0.0000000000
234 -50.971 -71.525 -14.888 0.0000000000
193 -50.714 -71.272 -16.086 0.0000000000
265 -51.166 -71.068 -15.647 0.0000000000
2243 -51.044 -70.938 -15.968 0.0000000000
2289 -50.787 -70.609 -16.204 0.0000000000
2290 -51.282 -70.522 -15.834 0.0000000000
243 -50.585 -71.469 -14.754 0.0000000000
2235 -51.303 -71.197 -15.155 0.0000000000
282 -51.022 -71.135 -14.208 0.0000000000
2277 -50.925 -70.685 -13.495 0.0000000000
230 -51.143 -69.836 -16.139 0.0000000000
1394 -50.770 -70.254 -11.245 0.0000000000
1375 -51.153 -69.820 -10.478 0.0000000000
2373 -50.519 -68.505 -16.759 0.0000000000
227 -50.853 -69.034 -16.459 0.0000000000
1392 -51.096 -69.061 -10.523 0.0000000000
2374 -51.171 -68.211 -16.709 0.0000000000
2346 -50.929 -68.447 -11.067 0.0000000000
258 -50.632 -66.522 -17.603 0.0000000000
2376 -51.344 -67.266 -17.109 0.0000000000
257 -50.646 -65.642 -18.114 0.0000000000
2426 -51.490 -65.710 -17.870 0.0000000000
319 -51.272 -65.042 -18.317 0.0000000000
293 -51.094 -63.589 -19.517 0.0000000000
2490 -50.544 -63.516 -19.839 0.0000000000
318 -51.191 -64.225 -18.882 0.0000000000
2461 -50.642 -64.078 -19.238 0.0000000000
291 -50.837 -62.559 -20.751 0.0000000000
292 -51.085 -63.090 -20.140 0.0000000000
2536 -51.312 -61.926 -21.164 0.0000000000
356 -50.904 -61.273 -22.565 0.0000000000
341 -51.333 -61.020 -21.858 0.0000000000
346 -50.799 -60.568 -22.029 0.0000000000
2566 -51.206 -61.486 -21.729 0.0000000000
199 -49.556 -72.017 -20.181 0.0000000000
228 -49.533 -72.397 -15.998 0.0000000000
2178 -49.948 -72.370 -16.022 0.0000000000
2181 -49.666 -72.399 -16.331 0.0000000000
2242 -50.069 -71.958 -16.413 0.0000000000
2238 -50.126 -71.867 -15.432 0.0000000000
2286 -49.669 -71.539 -15.226 0.0000000000
2227 -49.622 -71.802 -8.949 0.0000000000
2266 -49.561 -71.578 -8.818 0.0000000000
242 -49.666 -71.049 -20.300 0.0000000000
456 -50.082 -70.933 -16.566 0.0000000000
309 -50.442 -70.634 -13.773 0.0000000000
2280 -50.127 -71.058 -14.487 0.0000000000
2318 -49.648 -70.581 -14.387 0.0000000000
2269 -49.664 -71.089 -9.988 0.0000000000
1338 -49.675 -71.096 -8.907 0.0000000000
1342 -49.840 -70.861 -9.472 0.0000000000
2229 -49.644 -71.495 -9.347 0.0000000000
2331 -49.664 -70.028 -20.370 0.0000000000
2325 -50.232 -69.847 -16.556 0.0000000000
1437 -49.843 -69.813 -12.399 0.0000000000
1366 -49.594 -69.883 -11.273 0.0000000000
1354 -50.081 -69.756 -9.604 0.0000000000
1358 -50.199 -70.229 -10.123 0.0000000000
2307 -49.899 -70.270 -9.309 0.0000000000
224 -50.134 -68.890 -16.748 0.0000000000
1374 -50.490 -68.512 -10.516 0.0000000000
2341 -50.171 -69.028 -10.043 0.0000000000
1353 -49.618 -69.429 -9.369 0.0000000000
223 -49.968 -67.917 -17.193 0.0000000000
1438 -50.326 -67.935 -11.606 0.0000000000
1431 -49.975 -67.894 -10.942 0.0000000000
1365 -49.989 -68.294 -10.443 0.0000000000
238 -49.700 -67.217 -21.988 0.0000000000
281 -49.735 -66.821 -21.673 0.0000000000
2402 -49.781 -66.658 -22.357 0.0000000000
