#!ascii label  , from subject mmSR20151113 vox2ras=TkReg
1151
52132  39.602  -42.968  37.713 0.0000000000
82969  42.676  -15.350  20.217 0.0000000000
66598  35.728  -30.822  27.767 0.0000000000
48604  18.119  -46.842  43.497 0.0000000000
55437  32.122  -41.020  38.850 0.0000000000
73395  36.729  -24.634  26.238 0.0000000000
58879  24.052  -36.881  41.520 0.0000000000
50900  21.333  -44.331  40.821 0.0000000000
58949  28.694  -37.579  37.752 0.0000000000
82975  47.182  -15.608  18.841 0.0000000000
57722  37.741  -38.562  38.662 0.0000000000
60107  35.475  -37.081  35.679 0.0000000000
55472  42.789  -40.385  36.466 0.0000000000
87974  46.752  -10.017  19.183 0.0000000000
88929  49.051  -9.584  16.546 0.0000000000
81920  41.081  -15.480  24.280 0.0000000000
77610  43.662  -20.905  22.846 0.0000000000
75450  39.902  -22.610  23.982 0.0000000000
68947  41.599  -29.131  25.951 0.0000000000
48654  36.392  -46.541  40.155 0.0000000000
42412  18.452  -52.277  47.396 0.0000000000
41221  13.758  -52.427  48.382 0.0000000000
41139  11.492  -51.955  52.555 0.0000000000
52117  35.803  -43.869  38.745 0.0000000000
52120  31.464  -44.091  38.412 0.0000000000
66524  32.400  -30.661  34.334 0.0000000000
65466  36.101  -32.252  32.292 0.0000000000
91684  52.256  -6.157  16.276 0.0000000000
82977  45.245  -15.220  18.688 0.0000000000
79768  45.383  -18.369  20.458 0.0000000000
55454  39.223  -40.890  37.879 0.0000000000
56598  40.317  -40.100  36.152 0.0000000000
54404  41.039  -41.662  37.061 0.0000000000
85882  44.101  -12.447  21.636 0.0000000000
87967  46.340  -10.392  21.555 0.0000000000
85909  44.400  -12.398  19.530 0.0000000000
85920  46.325  -12.435  17.974 0.0000000000
36875  11.789  -56.471  52.352 0.0000000000
78636  39.412  -19.320  23.501 0.0000000000
79711  38.089  -18.918  25.397 0.0000000000
68952  36.397  -28.152  26.084 0.0000000000
70101  38.890  -27.297  25.119 0.0000000000
67751  38.607  -30.035  26.382 0.0000000000
65544  39.335  -32.118  28.552 0.0000000000
49750  19.522  -45.780  42.373 0.0000000000
47382  21.323  -47.932  43.403 0.0000000000
46124  19.462  -49.074  43.804 0.0000000000
43601  20.006  -51.045  46.415 0.0000000000
43645  17.456  -50.041  44.594 0.0000000000
44801  14.500  -49.735  47.402 0.0000000000
42371  12.116  -51.650  50.286 0.0000000000
53256  33.916  -42.849  38.361 0.0000000000
50954  33.276  -44.163  37.866 0.0000000000
54407  31.884  -41.829  37.691 0.0000000000
57749  26.389  -38.786  37.547 0.0000000000
55479  28.705  -40.300  38.049 0.0000000000
60094  39.284  -36.298  36.069 0.0000000000
63245  35.116  -33.881  33.951 0.0000000000
77561  37.478  -20.849  27.162 0.0000000000
70067  35.590  -26.712  27.670 0.0000000000
68912  34.423  -28.739  28.509 0.0000000000
57715  23.488  -38.718  39.052 0.0000000000
52105  23.215  -43.542  39.699 0.0000000000
56534  22.393  -40.074  40.711 0.0000000000
53167  21.449  -41.890  43.107 0.0000000000
50851  20.325  -43.509  44.919 0.0000000000
56562  30.453  -39.397  38.519 0.0000000000
58902  28.945  -36.744  39.993 0.0000000000
60052  25.753  -35.997  39.042 0.0000000000
60047  35.925  -36.746  39.561 0.0000000000
61124  33.789  -36.012  37.608 0.0000000000
57766  36.943  -38.122  36.915 0.0000000000
58977  38.677  -37.840  35.282 0.0000000000
89835  49.969  -7.982  17.560 0.0000000000
88921  47.841  -9.642  17.833 0.0000000000
85931  48.015  -12.482  17.307 0.0000000000
82949  41.170  -15.391  22.201 0.0000000000
79757  42.524  -18.346  21.039 0.0000000000
79744  40.557  -18.017  22.241 0.0000000000
76563  41.962  -21.173  23.293 0.0000000000
73419  42.072  -24.552  23.724 0.0000000000
75452  38.231  -22.954  24.751 0.0000000000
71259  40.513  -26.177  24.279 0.0000000000
49806  38.456  -45.019  38.635 0.0000000000
50932  41.113  -44.227  38.963 0.0000000000
83895  43.761  -13.964  23.390 0.0000000000
47332  17.295  -47.091  46.164 0.0000000000
44839  15.459  -49.719  45.833 0.0000000000
41234  15.654  -52.301  47.552 0.0000000000
40143  16.185  -53.761  49.519 0.0000000000
40145  13.944  -54.187  49.680 0.0000000000
39115  11.883  -54.707  50.575 0.0000000000
39092  10.303  -54.615  52.562 0.0000000000
40080  9.086  -53.659  54.588 0.0000000000
52115  37.881  -43.535  38.562 0.0000000000
49809  35.467  -45.259  38.493 0.0000000000
49795  33.938  -45.655  39.318 0.0000000000
54409  30.252  -41.267  37.818 0.0000000000
65511  33.662  -30.864  30.465 0.0000000000
62180  32.622  -34.044  35.197 0.0000000000
65468  33.755  -32.002  32.104 0.0000000000
65508  36.584  -32.317  30.273 0.0000000000
53229  42.957  -43.241  38.778 0.0000000000
90774  53.609  -8.301  14.879 0.0000000000
90769  50.584  -8.197  16.048 0.0000000000
88936  52.249  -9.685  15.138 0.0000000000
82979  43.341  -15.255  19.622 0.0000000000
81962  45.166  -16.862  19.542 0.0000000000
80900  43.660  -17.136  20.092 0.0000000000
54405  39.854  -41.570  37.216 0.0000000000
55474  40.738  -41.005  36.687 0.0000000000
53270  40.284  -42.352  37.460 0.0000000000
84858  42.668  -13.883  20.573 0.0000000000
85896  44.078  -12.257  20.573 0.0000000000
84869  43.937  -13.386  19.393 0.0000000000
84868  44.543  -13.236  18.856 0.0000000000
36869  10.971  -57.025  53.179 0.0000000000
79710  38.601  -17.815  25.707 0.0000000000
78596  38.692  -18.666  27.225 0.0000000000
67737  35.597  -29.545  27.073 0.0000000000
67752  37.534  -29.544  26.207 0.0000000000
66625  37.098  -30.709  26.993 0.0000000000
66623  38.923  -31.082  27.125 0.0000000000
65546  37.118  -31.761  28.204 0.0000000000
49736  18.836  -46.163  42.969 0.0000000000
47407  19.593  -47.496  42.568 0.0000000000
47385  18.522  -47.757  43.057 0.0000000000
44851  18.626  -49.664  44.173 0.0000000000
46145  17.510  -48.219  43.714 0.0000000000
54369  32.816  -41.479  39.215 0.0000000000
53273  33.270  -42.851  37.870 0.0000000000
54388  32.387  -41.586  38.215 0.0000000000
56566  25.087  -39.787  38.169 0.0000000000
64290  33.654  -32.760  38.492 0.0000000000
62166  38.157  -34.620  36.090 0.0000000000
70046  35.000  -27.315  28.180 0.0000000000
70022  34.114  -27.849  29.394 0.0000000000
58904  23.778  -37.928  39.748 0.0000000000
56552  22.727  -39.626  39.738 0.0000000000
57679  23.140  -38.468  41.432 0.0000000000
55378  22.324  -40.301  43.431 0.0000000000
53153  21.447  -41.596  44.155 0.0000000000
52010  21.087  -42.275  43.796 0.0000000000
57678  29.893  -37.781  41.067 0.0000000000
60012  25.025  -35.469  41.602 0.0000000000
61074  26.597  -34.951  41.112 0.0000000000
60035  25.278  -35.685  40.488 0.0000000000
60053  24.975  -36.629  39.100 0.0000000000
58929  36.007  -37.240  38.560 0.0000000000
57742  37.630  -38.591  37.510 0.0000000000
56597  41.238  -39.748  35.774 0.0000000000
57774  39.520  -38.876  35.453 0.0000000000
56605  41.766  -38.865  35.486 0.0000000000
58974  41.580  -37.863  35.731 0.0000000000
56578  43.649  -39.419  36.484 0.0000000000
87970  46.881  -9.859  20.434 0.0000000000
89830  48.391  -9.071  18.163 0.0000000000
88917  47.396  -9.768  18.589 0.0000000000
84878  46.814  -13.457  17.901 0.0000000000
85932  47.160  -12.428  17.605 0.0000000000
84877  47.808  -13.929  18.016 0.0000000000
82941  41.217  -15.238  22.850 0.0000000000
80868  41.014  -17.188  21.718 0.0000000000
81927  40.198  -16.375  22.872 0.0000000000
77614  39.413  -19.934  23.725 0.0000000000
77613  40.128  -20.298  23.461 0.0000000000
76565  40.365  -20.901  23.645 0.0000000000
75448  42.058  -22.698  23.560 0.0000000000
74446  41.576  -23.572  23.694 0.0000000000
75415  37.187  -22.713  26.603 0.0000000000
76526  37.352  -22.091  25.993 0.0000000000
74428  37.258  -23.792  25.593 0.0000000000
68967  39.180  -28.218  25.409 0.0000000000
71239  39.680  -26.700  24.634 0.0000000000
70099  41.080  -27.508  24.855 0.0000000000
70115  42.434  -27.276  24.469 0.0000000000
48664  37.589  -46.221  39.450 0.0000000000
48663  38.512  -46.105  39.450 0.0000000000
81919  42.130  -15.325  24.966 0.0000000000
82927  42.082  -14.896  24.146 0.0000000000
83897  42.345  -14.392  22.635 0.0000000000
52087  22.431  -43.582  39.989 0.0000000000
49766  22.538  -45.750  41.312 0.0000000000
42426  18.608  -51.602  46.355 0.0000000000
42395  20.875  -51.674  48.182 0.0000000000
42396  19.788  -52.422  48.360 0.0000000000
41217  18.237  -52.782  48.371 0.0000000000
47333  16.580  -47.657  46.623 0.0000000000
46104  15.670  -49.023  45.686 0.0000000000
46080  15.446  -48.796  46.449 0.0000000000
42399  14.037  -51.542  47.778 0.0000000000
42416  14.662  -51.300  47.236 0.0000000000
41220  14.908  -52.475  48.013 0.0000000000
41219  16.073  -52.779  48.165 0.0000000000
41204  14.410  -53.298  48.792 0.0000000000
40144  15.128  -53.906  49.435 0.0000000000
41205  13.317  -53.187  49.022 0.0000000000
41166  11.644  -52.253  50.937 0.0000000000
41207  11.826  -53.211  50.004 0.0000000000
41167  11.235  -52.821  51.406 0.0000000000
40106  10.726  -54.219  51.746 0.0000000000
40086  10.690  -53.073  52.763 0.0000000000
52099  36.585  -43.456  39.443 0.0000000000
53254  38.056  -42.849  38.828 0.0000000000
52116  36.832  -43.912  38.868 0.0000000000
50936  37.140  -44.448  38.567 0.0000000000
50937  36.086  -44.524  38.474 0.0000000000
50955  32.509  -44.148  37.961 0.0000000000
49811  33.589  -45.224  38.697 0.0000000000
50923  32.372  -44.989  39.046 0.0000000000
57745  29.951  -38.931  38.253 0.0000000000
55476  30.592  -40.551  37.893 0.0000000000
55477  29.833  -40.331  37.799 0.0000000000
54370  29.246  -41.868  39.192 0.0000000000
78661  42.576  -18.949  21.431 0.0000000000
78659  44.269  -19.239  21.320 0.0000000000
77628  45.323  -20.613  22.226 0.0000000000
67650  32.362  -29.782  33.046 0.0000000000
67669  32.686  -29.491  31.470 0.0000000000
66543  32.658  -30.930  32.204 0.0000000000
60096  34.321  -36.753  36.484 0.0000000000
61138  33.139  -35.459  36.113 0.0000000000
61150  33.947  -35.779  35.044 0.0000000000
64392  35.455  -32.981  33.215 0.0000000000
63263  34.189  -33.481  33.378 0.0000000000
64412  34.708  -32.696  32.477 0.0000000000
65488  34.699  -31.836  31.111 0.0000000000
65487  35.809  -32.180  31.208 0.0000000000
65507  37.771  -32.417  30.372 0.0000000000
52111  41.888  -43.564  38.643 0.0000000000
90766  53.062  -7.745  15.157 0.0000000000
89845  48.856  -8.919  16.933 0.0000000000
90759  50.257  -7.958  16.587 0.0000000000
88928  49.754  -9.553  16.090 0.0000000000
88001  51.600  -10.813  15.321 0.0000000000
87025  52.155  -11.781  15.363 0.0000000000
59997  24.538  -35.810  42.327 0.0000000000
58866  23.536  -37.656  41.987 0.0000000000
82976  46.280  -15.628  18.730 0.0000000000
81960  47.555  -16.677  19.602 0.0000000000
81961  46.280  -16.889  19.545 0.0000000000
56580  38.842  -39.752  37.429 0.0000000000
57741  38.281  -39.098  37.729 0.0000000000
55475  39.951  -40.836  36.727 0.0000000000
55489  41.103  -40.424  36.249 0.0000000000
54403  42.201  -41.556  37.161 0.0000000000
86955  46.784  -10.703  22.971 0.0000000000
86968  45.008  -11.571  21.866 0.0000000000
87972  45.517  -10.867  20.572 0.0000000000
87981  45.597  -10.949  19.389 0.0000000000
87980  46.095  -10.715  18.754 0.0000000000
86998  45.477  -11.471  18.856 0.0000000000
83950  45.262  -13.968  18.383 0.0000000000
37988  13.243  -56.092  52.410 0.0000000000
80836  40.085  -16.411  25.456 0.0000000000
80854  39.585  -16.610  24.235 0.0000000000
80837  39.065  -17.174  24.889 0.0000000000
79726  38.352  -19.134  24.481 0.0000000000
78621  38.278  -19.816  24.577 0.0000000000
70104  36.486  -26.986  25.987 0.0000000000
71241  37.450  -26.227  25.338 0.0000000000
68969  37.180  -27.737  25.693 0.0000000000
68950  38.366  -28.959  25.807 0.0000000000
67750  39.924  -29.933  26.196 0.0000000000
66622  39.922  -31.208  27.147 0.0000000000
65563  40.937  -31.856  28.037 0.0000000000
48655  35.678  -46.628  40.467 0.0000000000
50901  20.701  -44.608  41.445 0.0000000000
48621  21.400  -46.545  41.798 0.0000000000
48644  20.300  -46.158  41.775 0.0000000000
47383  20.191  -48.075  43.005 0.0000000000
46102  20.934  -49.210  44.928 0.0000000000
43613  18.699  -50.982  45.671 0.0000000000
43614  17.699  -51.147  45.659 0.0000000000
46037  15.265  -48.548  48.053 0.0000000000
44767  13.958  -49.563  48.929 0.0000000000
43591  13.193  -50.886  48.832 0.0000000000
41223  12.623  -52.101  49.119 0.0000000000
42370  12.800  -50.961  49.909 0.0000000000
42357  12.871  -50.616  51.142 0.0000000000
42341  12.494  -50.937  52.337 0.0000000000
52119  34.176  -43.329  38.206 0.0000000000
50953  34.059  -44.080  37.914 0.0000000000
52135  33.679  -43.485  37.874 0.0000000000
52136  32.811  -43.474  37.735 0.0000000000
52137  31.772  -43.550  37.889 0.0000000000
57748  27.520  -38.712  37.378 0.0000000000
56584  28.313  -39.658  37.737 0.0000000000
56563  27.808  -39.839  38.141 0.0000000000
76561  44.168  -21.982  23.200 0.0000000000
65400  32.505  -32.079  35.630 0.0000000000
61148  36.209  -36.038  34.987 0.0000000000
61158  34.600  -35.212  34.485 0.0000000000
62177  36.705  -34.966  35.094 0.0000000000
63244  35.938  -33.591  34.166 0.0000000000
92606  51.864  -5.981  17.227 0.0000000000
36871  9.280  -56.207  53.765 0.0000000000
75404  37.421  -22.541  27.428 0.0000000000
74402  36.658  -24.077  27.099 0.0000000000
72331  36.465  -25.409  26.583 0.0000000000
70083  35.991  -27.130  26.567 0.0000000000
68931  35.446  -28.427  26.940 0.0000000000
67709  34.945  -29.490  27.797 0.0000000000
56567  24.160  -39.771  38.263 0.0000000000
54393  23.953  -41.336  38.690 0.0000000000
55462  23.464  -40.899  38.735 0.0000000000
55446  22.344  -41.138  39.908 0.0000000000
53202  21.734  -42.263  41.017 0.0000000000
56514  22.821  -39.256  42.074 0.0000000000
55416  22.263  -40.549  41.649 0.0000000000
53203  21.339  -42.766  41.608 0.0000000000
52051  20.530  -43.671  42.721 0.0000000000
50868  19.736  -44.696  43.510 0.0000000000
49724  19.119  -45.264  44.402 0.0000000000
56561  31.040  -39.899  38.866 0.0000000000
56548  30.657  -39.241  39.301 0.0000000000
57713  29.777  -38.078  39.188 0.0000000000
58932  28.726  -36.995  38.403 0.0000000000
61072  28.116  -35.562  40.831 0.0000000000
60050  27.794  -35.910  39.246 0.0000000000
60080  27.734  -36.893  37.671 0.0000000000
58933  26.323  -37.159  37.611 0.0000000000
58935  24.765  -37.984  38.121 0.0000000000
61105  34.306  -35.151  39.667 0.0000000000
62150  33.415  -34.454  38.512 0.0000000000
61114  34.520  -36.064  38.723 0.0000000000
60095  34.994  -37.160  37.020 0.0000000000
58980  36.076  -37.630  36.112 0.0000000000
57764  38.037  -38.778  36.572 0.0000000000
58978  37.502  -37.990  35.503 0.0000000000
60106  36.845  -37.018  35.243 0.0000000000
60104  38.886  -36.781  35.611 0.0000000000
58964  40.602  -37.088  35.958 0.0000000000
89828  50.151  -8.018  18.279 0.0000000000
89837  48.609  -8.980  17.621 0.0000000000
88930  48.450  -9.654  17.095 0.0000000000
87984  47.215  -10.612  17.751 0.0000000000
87006  47.584  -11.518  17.390 0.0000000000
82970  42.106  -15.364  20.847 0.0000000000
81965  42.475  -16.210  20.488 0.0000000000
80884  41.564  -16.896  21.215 0.0000000000
79743  41.577  -18.426  21.566 0.0000000000
78633  42.268  -19.936  22.409 0.0000000000
79735  40.102  -18.347  22.756 0.0000000000
78635  40.398  -19.323  22.815 0.0000000000
77611  42.452  -20.487  22.760 0.0000000000
75447  42.921  -22.628  23.477 0.0000000000
73417  44.343  -24.711  23.663 0.0000000000
78606  37.498  -20.349  26.403 0.0000000000
76525  37.718  -21.558  25.396 0.0000000000
75451  38.951  -22.735  24.315 0.0000000000
72359  38.057  -24.655  24.808 0.0000000000
73422  39.092  -24.289  24.313 0.0000000000
73421  39.963  -24.359  24.074 0.0000000000
72355  41.325  -25.465  24.006 0.0000000000
50934  39.071  -44.348  38.394 0.0000000000
52113  39.776  -43.683  38.126 0.0000000000
49805  39.335  -45.009  38.840 0.0000000000
49789  39.876  -45.526  39.416 0.0000000000
84825  43.842  -13.579  22.885 0.0000000000
84834  42.758  -13.843  21.759 0.0000000000
49711  18.666  -45.775  44.935 0.0000000000
48565  17.930  -46.637  45.978 0.0000000000
48578  17.676  -46.768  45.230 0.0000000000
46126  16.459  -48.491  44.671 0.0000000000
44838  16.063  -49.649  45.239 0.0000000000
43615  16.635  -51.065  45.808 0.0000000000
44818  14.863  -49.641  46.715 0.0000000000
42429  15.475  -51.398  46.701 0.0000000000
42413  17.067  -52.122  47.086 0.0000000000
41218  17.126  -52.823  48.302 0.0000000000
40142  17.237  -53.688  49.609 0.0000000000
39113  13.747  -54.888  50.498 0.0000000000
40146  12.801  -53.923  49.657 0.0000000000
40125  12.279  -54.117  49.990 0.0000000000
38005  12.836  -55.318  50.895 0.0000000000
37998  12.224  -55.722  51.360 0.0000000000
37990  10.954  -55.758  52.016 0.0000000000
37981  10.023  -55.442  52.970 0.0000000000
41141  10.502  -52.814  53.664 0.0000000000
39080  9.541  -54.530  53.665 0.0000000000
37982  9.422  -55.558  53.573 0.0000000000
53272  39.000  -42.529  37.880 0.0000000000
53253  38.737  -42.566  38.304 0.0000000000
52114  38.853  -43.461  38.097 0.0000000000
50935  38.121  -44.320  38.418 0.0000000000
49808  36.534  -45.181  38.505 0.0000000000
49793  36.059  -45.803  39.013 0.0000000000
49810  34.417  -45.259  38.593 0.0000000000
49794  34.959  -45.881  39.396 0.0000000000
48667  35.252  -46.309  40.000 0.0000000000
55456  31.450  -40.651  38.256 0.0000000000
54408  31.171  -41.436  37.688 0.0000000000
52138  31.019  -42.960  37.998 0.0000000000
54391  29.648  -41.551  38.214 0.0000000000
53258  30.377  -42.760  38.496 0.0000000000
50925  31.106  -44.438  39.537 0.0000000000
79756  43.784  -18.514  20.721 0.0000000000
70000  33.309  -28.153  30.403 0.0000000000
67695  33.638  -29.480  29.655 0.0000000000
65532  34.367  -30.910  29.336 0.0000000000
62156  33.043  -34.452  37.702 0.0000000000
63215  32.570  -33.412  36.421 0.0000000000
64372  32.447  -32.543  34.498 0.0000000000
63246  33.880  -34.057  33.898 0.0000000000
63265  32.944  -33.303  33.858 0.0000000000
65450  32.597  -31.710  33.039 0.0000000000
66542  33.256  -31.287  31.593 0.0000000000
65510  34.370  -31.343  30.129 0.0000000000
65530  36.265  -31.892  29.226 0.0000000000
65529  37.406  -32.226  29.294 0.0000000000
52130  41.274  -43.154  38.036 0.0000000000
53268  42.268  -42.361  37.648 0.0000000000
54384  42.897  -41.971  37.562 0.0000000000
53249  44.149  -42.397  38.354 0.0000000000
54401  44.134  -41.079  37.437 0.0000000000
89850  54.761  -8.155  14.893 0.0000000000
90758  50.902  -7.163  16.913 0.0000000000
91693  51.841  -7.089  15.872 0.0000000000
88938  50.510  -9.536  15.765 0.0000000000
89853  51.665  -8.603  15.449 0.0000000000
90767  52.097  -7.677  15.505 0.0000000000
88935  52.760  -9.162  15.011 0.0000000000
88009  53.702  -10.757  14.430 0.0000000000
81974  43.897  -15.896  19.459 0.0000000000
81964  43.286  -16.213  19.960 0.0000000000
84857  43.223  -13.482  20.128 0.0000000000
83923  42.890  -14.461  20.036 0.0000000000
83937  43.579  -14.319  19.403 0.0000000000
36870  10.013  -56.364  53.200 0.0000000000
66626  36.186  -30.478  27.195 0.0000000000
67736  36.750  -29.995  26.663 0.0000000000
66597  36.557  -31.144  27.598 0.0000000000
65567  37.389  -31.264  27.382 0.0000000000
49725  18.595  -45.904  43.915 0.0000000000
47386  17.792  -47.685  43.531 0.0000000000
48605  17.648  -47.294  43.820 0.0000000000
55443  25.331  -40.881  38.997 0.0000000000
56551  25.825  -40.175  38.736 0.0000000000
63190  33.787  -33.477  38.915 0.0000000000
58903  24.185  -37.086  40.304 0.0000000000
58880  23.590  -37.732  40.867 0.0000000000
60013  24.573  -36.170  40.991 0.0000000000
57723  37.325  -38.257  38.200 0.0000000000
55488  41.907  -40.101  36.091 0.0000000000
56606  41.330  -39.047  35.413 0.0000000000
55487  42.407  -39.780  36.058 0.0000000000
56595  42.811  -39.332  36.050 0.0000000000
87969  47.752  -9.439  20.990 0.0000000000
88907  47.810  -9.336  20.258 0.0000000000
88912  47.550  -9.509  19.469 0.0000000000
88916  48.192  -9.196  18.766 0.0000000000
83948  47.059  -14.673  18.323 0.0000000000
83947  48.028  -14.617  18.442 0.0000000000
39091  14.599  -55.242  52.006 0.0000000000
81926  40.684  -15.655  23.282 0.0000000000
81921  40.167  -16.157  23.736 0.0000000000
77588  39.279  -20.566  23.994 0.0000000000
77587  40.024  -20.820  23.715 0.0000000000
76542  40.273  -21.513  23.771 0.0000000000
75449  40.979  -22.629  23.734 0.0000000000
74414  36.968  -23.476  26.304 0.0000000000
75432  37.344  -22.955  25.814 0.0000000000
73403  37.049  -24.454  25.727 0.0000000000
68966  40.269  -28.320  25.377 0.0000000000
68965  41.300  -28.395  25.402 0.0000000000
48665  36.666  -46.231  39.527 0.0000000000
48653  37.210  -46.613  40.151 0.0000000000
82928  41.399  -15.150  23.586 0.0000000000
52088  21.717  -43.622  40.503 0.0000000000
49783  22.375  -45.026  40.626 0.0000000000
50916  21.978  -44.408  40.391 0.0000000000
42397  18.916  -52.613  48.180 0.0000000000
47319  16.644  -47.614  47.258 0.0000000000
41150  11.561  -52.094  51.818 0.0000000000
40093  10.828  -53.342  51.908 0.0000000000
41151  11.126  -52.567  52.259 0.0000000000
50938  34.870  -44.404  38.235 0.0000000000
50941  31.967  -44.488  38.485 0.0000000000
49797  32.312  -45.326  39.631 0.0000000000
50924  31.756  -44.870  39.437 0.0000000000
57746  29.373  -38.631  37.831 0.0000000000
56583  29.220  -39.509  37.693 0.0000000000
77630  43.170  -20.163  22.377 0.0000000000
78646  43.671  -19.713  21.871 0.0000000000
77629  44.241  -20.396  22.359 0.0000000000
67640  32.622  -29.468  34.058 0.0000000000
67641  32.362  -30.171  33.720 0.0000000000
66534  32.360  -30.828  33.380 0.0000000000
60108  34.258  -36.402  35.550 0.0000000000
60109  33.606  -35.924  35.615 0.0000000000
65448  35.898  -32.594  32.821 0.0000000000
64411  35.453  -32.580  32.537 0.0000000000
65467  35.078  -32.277  31.946 0.0000000000
65486  37.052  -32.194  31.500 0.0000000000
92614  52.742  -5.634  16.370 0.0000000000
92622  53.303  -5.997  15.754 0.0000000000
91692  52.525  -6.638  15.745 0.0000000000
89844  49.514  -8.659  16.547 0.0000000000
61039  24.539  -35.513  43.512 0.0000000000
59980  24.099  -36.212  43.209 0.0000000000
59966  24.067  -36.135  44.086 0.0000000000
61055  24.919  -35.200  43.026 0.0000000000
81972  45.726  -16.198  19.087 0.0000000000
80899  44.542  -17.398  20.009 0.0000000000
80898  45.646  -17.719  20.059 0.0000000000
56579  39.320  -40.349  37.049 0.0000000000
55473  41.658  -40.861  36.611 0.0000000000
85881  44.599  -12.023  21.953 0.0000000000
86957  45.269  -11.705  22.509 0.0000000000
86969  44.547  -11.921  21.675 0.0000000000
86989  44.566  -11.755  20.318 0.0000000000
86979  45.102  -11.183  20.741 0.0000000000
86988  45.055  -11.487  19.684 0.0000000000
87976  45.504  -10.865  20.107 0.0000000000
85908  45.049  -12.069  19.052 0.0000000000
83936  44.528  -14.204  18.785 0.0000000000
83951  44.833  -13.663  18.591 0.0000000000
83935  45.124  -14.523  18.521 0.0000000000
82990  45.558  -14.595  18.407 0.0000000000
37989  12.453  -56.266  52.151 0.0000000000
80819  39.398  -17.113  26.001 0.0000000000
68970  36.552  -27.423  25.929 0.0000000000
70103  36.983  -26.986  25.659 0.0000000000
68949  39.489  -29.116  25.814 0.0000000000
66633  40.467  -30.576  26.634 0.0000000000
66634  39.438  -30.607  26.672 0.0000000000
65565  39.130  -31.742  27.684 0.0000000000
65564  40.178  -31.807  27.814 0.0000000000
65543  40.316  -32.090  28.675 0.0000000000
81903  41.179  -15.824  25.257 0.0000000000
49749  20.128  -45.175  42.013 0.0000000000
48645  19.847  -46.091  41.972 0.0000000000
47384  19.321  -48.072  42.954 0.0000000000
46142  19.790  -48.662  43.433 0.0000000000
46141  20.561  -48.549  43.654 0.0000000000
46123  20.226  -49.171  44.245 0.0000000000
44849  19.935  -49.637  44.584 0.0000000000
44850  19.431  -49.561  44.254 0.0000000000
44852  17.679  -49.424  44.119 0.0000000000
43644  18.233  -50.082  44.522 0.0000000000
43630  17.979  -50.590  45.021 0.0000000000
43578  13.787  -49.746  49.600 0.0000000000
43590  13.577  -50.393  48.485 0.0000000000
43579  13.229  -50.543  49.344 0.0000000000
42384  12.912  -51.190  49.125 0.0000000000
43568  13.372  -50.263  50.252 0.0000000000
53234  34.071  -42.329  39.214 0.0000000000
53233  34.494  -42.862  38.917 0.0000000000
53255  34.325  -43.150  38.469 0.0000000000
53274  32.463  -42.517  37.681 0.0000000000
53275  31.492  -42.419  37.653 0.0000000000
58951  26.832  -37.891  37.258 0.0000000000
56585  27.332  -39.457  37.786 0.0000000000
65399  32.674  -31.526  36.088 0.0000000000
61147  37.522  -35.866  35.403 0.0000000000
63214  37.825  -33.920  35.821 0.0000000000
63229  37.127  -34.017  35.262 0.0000000000
64350  36.921  -33.417  34.925 0.0000000000
36862  8.732  -56.538  54.072 0.0000000000
74401  36.962  -23.488  27.277 0.0000000000
71213  36.068  -25.864  27.430 0.0000000000
71225  36.267  -26.204  26.624 0.0000000000
68889  34.446  -28.018  28.678 0.0000000000
70068  35.356  -27.681  27.285 0.0000000000
68911  34.831  -28.600  27.782 0.0000000000
67710  34.444  -29.481  28.461 0.0000000000
57729  23.748  -39.254  38.499 0.0000000000
56568  23.360  -39.937  38.687 0.0000000000
56553  22.366  -40.476  39.966 0.0000000000
54358  22.162  -41.721  40.421 0.0000000000
55428  22.227  -40.903  40.634 0.0000000000
58852  23.460  -37.642  42.997 0.0000000000
57663  23.167  -38.408  42.470 0.0000000000
56497  22.958  -39.025  42.926 0.0000000000
54307  22.016  -40.897  43.579 0.0000000000
55394  22.308  -40.447  42.732 0.0000000000
54326  21.942  -41.209  42.412 0.0000000000
53186  21.524  -41.979  41.986 0.0000000000
53187  21.196  -42.500  42.516 0.0000000000
52050  20.953  -43.217  42.183 0.0000000000
53168  21.158  -42.365  43.026 0.0000000000
52011  20.688  -42.936  44.280 0.0000000000
52029  20.413  -43.532  43.643 0.0000000000
52012  20.348  -43.511  44.275 0.0000000000
50853  19.534  -44.834  44.044 0.0000000000
50852  19.975  -44.143  44.219 0.0000000000
56547  31.183  -39.739  39.802 0.0000000000
56530  30.730  -39.114  40.221 0.0000000000
58901  29.436  -37.232  40.525 0.0000000000
57698  29.879  -37.908  40.108 0.0000000000
58917  29.389  -37.380  39.574 0.0000000000
58931  29.252  -37.557  38.590 0.0000000000
58918  28.846  -36.896  39.131 0.0000000000
61108  26.326  -35.498  39.796 0.0000000000
61095  27.555  -35.519  40.054 0.0000000000
61106  27.275  -35.690  39.436 0.0000000000
60064  27.668  -36.290  38.377 0.0000000000
60051  27.000  -35.858  38.886 0.0000000000
60065  26.770  -36.465  38.062 0.0000000000
60066  26.010  -36.649  38.096 0.0000000000
57714  24.026  -38.236  38.847 0.0000000000
57728  24.258  -38.692  38.287 0.0000000000
60048  35.255  -36.276  39.565 0.0000000000
61104  34.664  -35.841  39.288 0.0000000000
60060  35.531  -36.745  38.982 0.0000000000
58946  36.282  -37.787  37.563 0.0000000000
58947  35.555  -37.320  37.725 0.0000000000
58968  35.782  -37.588  36.737 0.0000000000
58967  36.578  -37.925  36.560 0.0000000000
56599  39.448  -39.727  36.257 0.0000000000
57763  38.746  -39.239  36.424 0.0000000000
57773  40.665  -38.498  35.361 0.0000000000
57775  38.361  -38.643  35.689 0.0000000000
60105  37.932  -36.998  35.334 0.0000000000
58976  39.891  -37.563  35.436 0.0000000000
58962  42.495  -37.718  36.389 0.0000000000
87960  47.418  -10.123  22.818 0.0000000000
89822  50.837  -7.883  19.177 0.0000000000
89823  50.025  -8.463  19.541 0.0000000000
86997  46.069  -11.553  18.250 0.0000000000
87985  46.544  -10.912  18.101 0.0000000000
87983  48.010  -10.553  17.245 0.0000000000
82961  41.534  -15.277  21.584 0.0000000000
81948  41.834  -16.197  21.061 0.0000000000
81949  41.219  -16.226  21.585 0.0000000000
78648  41.118  -19.022  22.158 0.0000000000
80855  39.160  -17.517  23.781 0.0000000000
80862  39.420  -17.699  23.375 0.0000000000
79736  39.486  -18.283  23.306 0.0000000000
76564  40.928  -21.012  23.482 0.0000000000
77612  41.255  -20.367  23.045 0.0000000000
78634  41.629  -19.810  22.478 0.0000000000
76562  43.036  -21.442  23.183 0.0000000000
76540  42.491  -21.986  23.434 0.0000000000
74445  42.816  -23.520  23.571 0.0000000000
73418  43.231  -24.635  23.627 0.0000000000
77560  37.764  -20.238  27.272 0.0000000000
78598  37.634  -20.193  26.958 0.0000000000
75431  37.760  -22.466  25.292 0.0000000000
76544  38.318  -22.045  24.750 0.0000000000
70102  37.846  -27.096  25.327 0.0000000000
72340  37.910  -25.355  24.935 0.0000000000
71240  38.567  -26.220  24.812 0.0000000000
71260  39.551  -25.842  24.383 0.0000000000
72357  39.397  -25.050  24.286 0.0000000000
72356  40.293  -25.236  24.134 0.0000000000
73420  40.961  -24.464  23.879 0.0000000000
48651  39.332  -46.340  40.013 0.0000000000
48662  39.134  -45.909  39.465 0.0000000000
84824  44.388  -13.215  23.078 0.0000000000
82948  41.690  -14.828  22.421 0.0000000000
83905  42.165  -14.378  21.960 0.0000000000
83915  42.080  -14.598  21.269 0.0000000000
53239  23.711  -42.725  39.389 0.0000000000
53238  24.396  -42.765  39.762 0.0000000000
52104  24.012  -43.572  39.872 0.0000000000
47405  21.478  -47.114  42.397 0.0000000000
42410  20.683  -51.377  47.464 0.0000000000
49710  19.234  -45.125  45.449 0.0000000000
47331  17.872  -46.679  46.455 0.0000000000
48564  18.342  -46.174  46.555 0.0000000000
48577  18.246  -46.252  45.506 0.0000000000
47349  17.085  -47.335  44.945 0.0000000000
47350  16.510  -47.883  45.451 0.0000000000
43632  16.058  -50.363  45.539 0.0000000000
44800  14.792  -49.013  47.691 0.0000000000
44819  14.613  -50.160  47.089 0.0000000000
42415  15.246  -51.760  47.198 0.0000000000
42430  15.040  -51.310  46.957 0.0000000000
42414  16.059  -51.955  47.080 0.0000000000
41233  16.576  -52.494  47.594 0.0000000000
41203  15.557  -53.290  48.743 0.0000000000
41202  16.646  -53.199  48.924 0.0000000000
40123  14.914  -54.437  50.074 0.0000000000
40124  14.331  -54.623  50.183 0.0000000000
39112  14.723  -54.778  50.674 0.0000000000
39125  13.661  -54.535  50.036 0.0000000000
42385  12.516  -51.688  49.418 0.0000000000
41206  12.289  -52.706  49.408 0.0000000000
40126  11.708  -54.058  50.294 0.0000000000
39114  12.577  -54.777  50.422 0.0000000000
39104  11.989  -55.048  50.793 0.0000000000
39105  11.365  -54.819  51.060 0.0000000000
39106  10.822  -55.049  51.833 0.0000000000
37991  10.564  -55.525  52.274 0.0000000000
41132  10.363  -52.357  54.492 0.0000000000
40079  9.679  -53.321  54.276 0.0000000000
39065  9.214  -53.990  54.272 0.0000000000
39081  9.129  -55.050  53.999 0.0000000000
39066  8.668  -54.380  54.468 0.0000000000
54406  39.352  -41.776  37.707 0.0000000000
50939  33.833  -44.694  38.197 0.0000000000
49777  34.252  -45.961  39.865 0.0000000000
48656  34.613  -46.426  40.480 0.0000000000
56581  30.734  -40.015  38.227 0.0000000000
53276  30.698  -42.170  37.759 0.0000000000
55478  29.144  -40.251  37.858 0.0000000000
55457  29.065  -40.894  38.361 0.0000000000
53237  29.882  -42.680  39.349 0.0000000000
53259  29.841  -42.192  38.608 0.0000000000
53236  30.326  -43.415  39.439 0.0000000000
80883  42.259  -17.160  20.743 0.0000000000
80882  43.147  -17.700  20.451 0.0000000000
69987  33.213  -27.718  31.151 0.0000000000
67668  32.943  -29.780  30.947 0.0000000000
67682  33.160  -29.411  30.356 0.0000000000
66561  33.371  -30.163  30.259 0.0000000000
66578  34.112  -30.151  29.128 0.0000000000
66560  33.879  -30.631  29.807 0.0000000000
61116  33.345  -35.053  38.031 0.0000000000
62179  32.882  -34.735  35.620 0.0000000000
62168  32.581  -34.036  35.919 0.0000000000
64351  32.448  -32.583  35.301 0.0000000000
63232  32.496  -33.291  34.907 0.0000000000
62188  35.047  -34.901  34.350 0.0000000000
62189  34.339  -34.710  34.261 0.0000000000
64394  33.630  -32.808  32.967 0.0000000000
63264  33.374  -33.390  33.586 0.0000000000
64395  32.743  -32.687  33.545 0.0000000000
65449  33.047  -32.241  32.776 0.0000000000
65469  32.922  -31.761  32.477 0.0000000000
65509  35.440  -31.924  30.157 0.0000000000
65531  35.138  -31.405  29.131 0.0000000000
65506  38.887  -32.442  30.407 0.0000000000
50933  40.050  -44.490  38.729 0.0000000000
52112  40.747  -43.707  38.358 0.0000000000
52110  42.625  -43.352  38.722 0.0000000000
53251  41.929  -42.866  38.009 0.0000000000
53250  42.895  -42.760  38.234 0.0000000000
54382  44.738  -41.438  38.017 0.0000000000
55453  44.711  -40.411  37.573 0.0000000000
90765  54.129  -7.795  14.972 0.0000000000
90773  53.995  -8.419  14.733 0.0000000000
88942  54.109  -9.750  14.449 0.0000000000
90746  50.703  -7.566  18.129 0.0000000000
90768  51.173  -7.664  15.981 0.0000000000
88937  51.282  -9.573  15.480 0.0000000000
89852  52.484  -8.572  15.177 0.0000000000
82978  44.167  -15.184  19.118 0.0000000000
81973  44.705  -16.040  19.204 0.0000000000
81963  44.178  -16.636  19.652 0.0000000000
53269  41.357  -42.461  37.540 0.0000000000
84846  43.119  -13.309  21.207 0.0000000000
85897  43.600  -12.813  20.814 0.0000000000
85910  43.771  -12.813  20.049 0.0000000000
79698  39.363  -17.854  27.084 0.0000000000
79699  38.411  -18.444  26.519 0.0000000000
67754  35.917  -28.694  26.538 0.0000000000
67753  36.532  -29.151  26.293 0.0000000000
67735  37.701  -30.265  26.593 0.0000000000
67734  38.136  -30.382  26.595 0.0000000000
66635  38.770  -30.640  26.752 0.0000000000
66624  38.097  -30.771  26.892 0.0000000000
65566  38.147  -31.550  27.534 0.0000000000
65545  38.272  -32.019  28.420 0.0000000000
49751  19.205  -46.382  42.475 0.0000000000
48624  18.894  -46.979  42.631 0.0000000000
47408  19.051  -47.580  42.750 0.0000000000
46143  18.895  -48.663  43.355 0.0000000000
44862  18.942  -49.236  43.821 0.0000000000
46144  18.066  -48.374  43.436 0.0000000000
44864  17.688  -48.748  43.772 0.0000000000
46125  17.066  -48.579  44.125 0.0000000000
43553  13.591  -50.064  51.000 0.0000000000
53257  33.265  -42.141  38.521 0.0000000000
57726  25.931  -39.061  37.712 0.0000000000
56586  26.767  -39.494  37.941 0.0000000000
56565  26.129  -39.595  38.109 0.0000000000
64307  33.232  -32.434  37.785 0.0000000000
61136  38.702  -35.563  36.120 0.0000000000
61137  37.982  -35.194  35.778 0.0000000000
58921  23.955  -38.102  39.153 0.0000000000
57699  23.184  -38.590  40.269 0.0000000000
56533  22.766  -39.284  40.942 0.0000000000
55393  22.639  -39.767  43.003 0.0000000000
55377  22.470  -39.943  43.978 0.0000000000
52027  21.129  -42.318  43.282 0.0000000000
58878  29.011  -36.627  40.791 0.0000000000
61053  26.427  -34.703  42.087 0.0000000000
61052  27.212  -34.892  41.800 0.0000000000
61075  25.754  -35.114  41.328 0.0000000000
61097  26.054  -35.344  40.325 0.0000000000
60036  24.814  -36.454  39.790 0.0000000000
58920  24.414  -37.448  38.938 0.0000000000
58928  36.766  -37.826  38.417 0.0000000000
58945  36.740  -37.964  37.671 0.0000000000
57743  37.079  -38.184  37.482 0.0000000000
56608  39.973  -39.546  35.745 0.0000000000
56607  40.530  -39.339  35.519 0.0000000000
57772  41.592  -38.389  35.560 0.0000000000
57761  42.358  -38.365  35.930 0.0000000000
57760  43.197  -38.665  36.321 0.0000000000
87966  47.209  -9.845  21.686 0.0000000000
89824  49.310  -8.703  19.289 0.0000000000
88915  48.837  -8.861  19.230 0.0000000000
84886  47.624  -13.148  17.627 0.0000000000
84885  48.439  -13.403  17.612 0.0000000000
82962  41.101  -15.738  21.908 0.0000000000
81933  40.620  -16.050  22.280 0.0000000000
80869  40.367  -16.907  22.437 0.0000000000
76541  41.467  -21.835  23.550 0.0000000000
76509  37.292  -21.818  26.836 0.0000000000
75453  37.720  -23.283  25.209 0.0000000000
70100  39.968  -27.488  25.029 0.0000000000
71238  40.645  -26.991  24.524 0.0000000000
71258  41.575  -26.717  24.230 0.0000000000
70116  41.759  -27.362  24.590 0.0000000000
49791  37.980  -45.664  38.943 0.0000000000
82926  43.031  -14.802  24.670 0.0000000000
82939  42.950  -14.411  23.834 0.0000000000
83896  42.925  -14.187  23.065 0.0000000000
82940  42.052  -14.654  23.246 0.0000000000
53240  22.847  -42.706  39.530 0.0000000000
50915  22.911  -44.411  40.128 0.0000000000
49782  23.132  -45.051  40.742 0.0000000000
42425  19.364  -51.264  46.242 0.0000000000
42411  19.871  -51.667  47.114 0.0000000000
41199  19.782  -52.884  49.253 0.0000000000
41200  18.801  -53.197  49.293 0.0000000000
47317  17.811  -46.720  47.131 0.0000000000
46079  16.000  -48.307  46.098 0.0000000000
43602  14.244  -50.467  47.479 0.0000000000
42398  14.779  -51.855  47.517 0.0000000000
41235  15.141  -52.099  47.554 0.0000000000
41185  11.768  -52.556  50.179 0.0000000000
41186  11.461  -53.091  50.590 0.0000000000
40105  11.073  -53.715  51.069 0.0000000000
40094  10.493  -53.785  52.407 0.0000000000
50940  32.896  -44.807  38.418 0.0000000000
49796  33.006  -45.440  39.325 0.0000000000
49778  33.530  -45.967  40.284 0.0000000000
56582  30.048  -39.612  37.940 0.0000000000
55439  28.695  -41.133  39.034 0.0000000000
78660  43.187  -19.080  21.350 0.0000000000
78645  44.774  -19.901  21.835 0.0000000000
67649  32.575  -29.191  33.332 0.0000000000
68832  32.545  -29.056  32.518 0.0000000000
68848  32.596  -29.061  31.798 0.0000000000
66551  32.718  -30.124  31.554 0.0000000000
66550  33.144  -30.663  31.139 0.0000000000
60078  33.787  -36.279  37.057 0.0000000000
61125  33.307  -35.520  37.275 0.0000000000
60097  33.627  -36.179  36.317 0.0000000000
61151  33.384  -35.366  35.287 0.0000000000
63262  34.801  -33.346  33.364 0.0000000000
64393  34.466  -32.998  32.990 0.0000000000
64413  34.096  -32.708  32.560 0.0000000000
50921  40.635  -44.873  39.260 0.0000000000
50931  41.677  -44.090  39.135 0.0000000000
52096  42.007  -43.992  39.214 0.0000000000
52095  42.775  -43.794  39.292 0.0000000000
91691  53.597  -6.788  15.362 0.0000000000
89836  49.423  -8.348  17.412 0.0000000000
90753  49.929  -7.977  17.157 0.0000000000
90760  49.732  -8.176  16.886 0.0000000000
89843  50.172  -8.690  16.026 0.0000000000
88000  52.400  -10.914  15.044 0.0000000000
58865  23.875  -36.839  42.601 0.0000000000
58851  23.691  -36.871  43.560 0.0000000000
61037  26.332  -34.500  43.094 0.0000000000
61054  25.371  -35.027  42.422 0.0000000000
59996  24.920  -35.370  42.119 0.0000000000
82988  46.665  -15.236  18.571 0.0000000000
81970  47.287  -16.136  19.234 0.0000000000
81971  46.726  -16.226  19.156 0.0000000000
80897  46.853  -17.459  19.898 0.0000000000
57721  38.185  -39.024  38.907 0.0000000000
55490  40.571  -40.606  36.417 0.0000000000
86956  45.980  -11.238  22.661 0.0000000000
86967  45.596  -10.893  21.406 0.0000000000
86980  44.507  -11.780  21.154 0.0000000000
87971  45.893  -10.548  20.655 0.0000000000
87975  46.062  -10.415  19.723 0.0000000000
85921  45.480  -12.360  18.442 0.0000000000
85922  44.866  -12.635  18.817 0.0000000000
84879  45.815  -13.273  18.163 0.0000000000
83949  46.087  -14.184  18.182 0.0000000000
81904  40.390  -16.059  24.616 0.0000000000
79725  38.617  -18.385  24.234 0.0000000000
78620  38.860  -19.526  24.036 0.0000000000
76543  39.130  -21.726  24.188 0.0000000000
71242  36.630  -26.330  26.020 0.0000000000
72341  37.044  -25.280  25.664 0.0000000000
68951  37.334  -28.622  25.876 0.0000000000
68968  38.118  -28.009  25.504 0.0000000000
68948  40.589  -29.127  25.844 0.0000000000
66632  41.174  -30.428  26.612 0.0000000000
66621  41.363  -31.099  27.301 0.0000000000
66596  41.471  -31.733  28.022 0.0000000000
48637  36.644  -46.996  40.939 0.0000000000
49767  21.473  -45.281  41.008 0.0000000000
49768  20.579  -45.530  41.547 0.0000000000
48622  20.723  -46.710  41.935 0.0000000000
48623  19.763  -46.656  42.153 0.0000000000
47406  20.511  -47.427  42.445 0.0000000000
43612  19.568  -50.783  45.771 0.0000000000
44837  19.090  -49.952  44.537 0.0000000000
43629  18.987  -50.377  45.007 0.0000000000
42427  17.465  -51.699  46.415 0.0000000000
44784  14.255  -49.433  48.232 0.0000000000
42400  13.251  -51.495  48.539 0.0000000000
41222  12.975  -52.289  48.840 0.0000000000
42401  12.836  -51.747  48.977 0.0000000000
42358  12.025  -51.459  51.461 0.0000000000
42342  11.859  -51.544  52.286 0.0000000000
52118  34.797  -43.510  38.558 0.0000000000
50952  34.516  -43.913  38.050 0.0000000000
52134  34.244  -43.661  38.027 0.0000000000
58950  27.753  -37.776  37.291 0.0000000000
57747  28.508  -38.635  37.450 0.0000000000
55458  28.273  -40.372  38.530 0.0000000000
77609  44.805  -21.139  22.783 0.0000000000
66513  32.581  -30.777  35.119 0.0000000000
65419  32.473  -31.621  35.067 0.0000000000
61149  34.912  -35.829  34.783 0.0000000000
62178  35.770  -35.074  34.640 0.0000000000
63231  35.531  -34.484  34.361 0.0000000000
62176  37.564  -34.748  35.546 0.0000000000
63230  36.204  -34.061  34.584 0.0000000000
64371  35.856  -33.292  33.874 0.0000000000
64391  36.217  -32.919  33.724 0.0000000000
92615  52.168  -5.941  16.665 0.0000000000
87016  49.152  -11.240  16.573 0.0000000000
87993  49.412  -10.477  16.296 0.0000000000
77548  37.827  -21.157  27.725 0.0000000000
76497  37.663  -21.711  27.574 0.0000000000
74415  36.688  -24.027  26.630 0.0000000000
73386  36.555  -24.568  26.920 0.0000000000
68953  35.824  -28.067  26.536 0.0000000000
70084  35.621  -27.844  26.803 0.0000000000
66599  35.056  -30.222  27.982 0.0000000000
55460  24.703  -40.304  38.365 0.0000000000
55461  24.216  -40.723  38.458 0.0000000000
54374  23.345  -41.755  39.048 0.0000000000
55445  22.751  -40.793  39.239 0.0000000000
54375  22.566  -41.807  39.648 0.0000000000
53219  22.141  -42.689  40.220 0.0000000000
53220  21.604  -43.008  40.874 0.0000000000
56515  22.548  -39.817  41.519 0.0000000000
55415  22.536  -39.975  42.207 0.0000000000
54345  21.977  -41.452  41.335 0.0000000000
52068  21.125  -43.630  41.263 0.0000000000
52069  20.632  -43.880  41.918 0.0000000000
50883  20.251  -44.396  42.287 0.0000000000
52028  20.929  -42.866  43.186 0.0000000000
50867  20.110  -44.222  43.181 0.0000000000
50884  19.820  -44.940  42.768 0.0000000000
49735  19.251  -45.334  43.386 0.0000000000
55438  31.678  -40.388  39.342 0.0000000000
57712  30.275  -38.584  39.703 0.0000000000
57724  30.143  -38.751  38.862 0.0000000000
57725  29.650  -38.311  38.414 0.0000000000
58948  29.292  -37.984  38.061 0.0000000000
60033  28.518  -36.089  40.391 0.0000000000
61073  27.432  -35.102  40.976 0.0000000000
61094  28.094  -35.700  40.285 0.0000000000
60049  28.440  -36.290  39.557 0.0000000000
60063  28.331  -36.453  38.757 0.0000000000
60079  28.292  -36.737  38.079 0.0000000000
60081  27.069  -37.166  37.444 0.0000000000
58952  26.078  -37.834  37.415 0.0000000000
58919  25.090  -36.801  38.728 0.0000000000
58934  25.407  -37.329  38.007 0.0000000000
57727  25.377  -38.692  37.753 0.0000000000
62149  33.907  -34.429  39.291 0.0000000000
61115  33.922  -35.604  38.481 0.0000000000
60062  34.492  -36.344  38.338 0.0000000000
58930  35.419  -36.933  38.411 0.0000000000
60076  34.943  -36.829  37.988 0.0000000000
60077  34.255  -36.527  37.590 0.0000000000
57765  37.280  -38.362  36.496 0.0000000000
57776  37.742  -38.569  35.928 0.0000000000
58966  36.947  -38.074  35.980 0.0000000000
58979  36.563  -37.653  35.763 0.0000000000
61146  38.238  -36.319  35.593 0.0000000000
58965  40.025  -36.948  35.837 0.0000000000
89827  50.742  -7.712  18.533 0.0000000000
89829  49.096  -8.662  18.524 0.0000000000
87994  48.718  -10.487  16.746 0.0000000000
87979  46.843  -10.307  18.364 0.0000000000
88922  47.282  -10.043  18.086 0.0000000000
87007  46.779  -11.561  17.782 0.0000000000
83924  42.349  -14.574  20.626 0.0000000000
79758  41.737  -17.640  21.192 0.0000000000
79742  42.245  -18.830  21.459 0.0000000000
78647  42.392  -19.429  21.931 0.0000000000
77631  42.579  -19.998  22.401 0.0000000000
80861  39.732  -17.288  23.089 0.0000000000
78649  40.511  -18.707  22.463 0.0000000000
76538  43.790  -22.299  23.359 0.0000000000
75446  43.777  -22.759  23.461 0.0000000000
74444  43.976  -23.774  23.568 0.0000000000
78597  37.959  -19.493  27.015 0.0000000000
78605  37.697  -19.956  25.537 0.0000000000
77573  37.356  -21.201  26.207 0.0000000000
77572  37.587  -20.762  25.603 0.0000000000
77589  38.188  -20.905  24.749 0.0000000000
73402  37.527  -24.517  25.206 0.0000000000
73424  37.939  -24.196  24.879 0.0000000000
74450  38.096  -23.684  24.795 0.0000000000
71261  38.905  -25.535  24.496 0.0000000000
72358  38.590  -24.959  24.545 0.0000000000
74449  38.705  -23.570  24.445 0.0000000000
74448  39.517  -23.521  24.127 0.0000000000
74447  40.490  -23.533  23.874 0.0000000000
72354  42.467  -25.601  23.807 0.0000000000
71257  42.948  -26.495  24.061 0.0000000000
49790  38.869  -45.573  39.072 0.0000000000
49804  39.806  -44.996  39.027 0.0000000000
50922  40.070  -44.974  39.106 0.0000000000
84832  44.281  -12.870  22.553 0.0000000000
84833  43.666  -13.260  22.241 0.0000000000
83904  42.908  -13.998  22.413 0.0000000000
84845  43.649  -12.980  21.597 0.0000000000
84847  42.404  -13.969  21.154 0.0000000000
50926  23.888  -44.096  40.128 0.0000000000
48642  21.696  -46.070  41.465 0.0000000000
50835  19.560  -44.729  44.717 0.0000000000
49697  18.743  -45.759  45.806 0.0000000000
48591  18.080  -46.377  44.541 0.0000000000
47365  17.218  -47.677  44.048 0.0000000000
44853  16.704  -49.396  44.589 0.0000000000
46103  16.043  -48.759  45.175 0.0000000000
43631  16.877  -50.413  45.092 0.0000000000
46060  15.312  -48.587  47.417 0.0000000000
43616  15.544  -50.739  46.112 0.0000000000
43617  14.851  -50.739  46.820 0.0000000000
42428  16.350  -51.579  46.459 0.0000000000
41232  17.497  -52.553  47.719 0.0000000000
41201  17.709  -53.132  49.074 0.0000000000
40141  18.223  -53.633  49.640 0.0000000000
40122  15.762  -54.172  50.133 0.0000000000
39102  14.441  -55.124  51.383 0.0000000000
37996  13.976  -55.353  51.421 0.0000000000
40147  12.154  -53.615  49.820 0.0000000000
39126  13.330  -54.483  50.019 0.0000000000
38004  13.141  -55.155  50.718 0.0000000000
37997  13.414  -55.480  51.251 0.0000000000
36880  11.461  -56.011  51.905 0.0000000000
37999  11.250  -55.570  51.672 0.0000000000
36876  10.885  -56.198  52.370 0.0000000000
36877  10.356  -55.922  52.658 0.0000000000
41140  11.111  -52.220  53.158 0.0000000000
40087  10.196  -53.711  53.226 0.0000000000
60032  35.566  -36.194  40.180 0.0000000000
53271  39.349  -42.296  37.773 0.0000000000
52133  39.064  -42.774  37.847 0.0000000000
49807  37.518  -45.084  38.558 0.0000000000
49792  37.037  -45.727  38.934 0.0000000000
48666  35.817  -46.260  39.725 0.0000000000
55455  31.932  -41.149  38.271 0.0000000000
54389  31.770  -41.319  37.948 0.0000000000
52121  30.939  -43.756  38.713 0.0000000000
54410  29.612  -40.849  37.951 0.0000000000
54390  30.132  -42.016  38.061 0.0000000000
50942  31.392  -44.385  38.869 0.0000000000
80901  42.933  -16.908  20.302 0.0000000000
79769  44.690  -18.129  20.372 0.0000000000
79755  44.887  -18.764  20.808 0.0000000000
69999  33.919  -27.375  30.221 0.0000000000
68890  34.047  -28.784  29.149 0.0000000000
68847  32.850  -28.811  30.974 0.0000000000
68867  33.300  -28.814  30.091 0.0000000000
67694  34.073  -29.488  29.108 0.0000000000
66600  34.512  -30.175  28.521 0.0000000000
65548  35.252  -30.993  28.325 0.0000000000
63191  33.244  -33.511  38.174 0.0000000000
63200  32.825  -33.473  37.309 0.0000000000
62167  32.781  -34.492  36.650 0.0000000000
64327  32.736  -32.476  36.831 0.0000000000
64328  32.494  -32.571  36.010 0.0000000000
65433  32.346  -31.697  33.964 0.0000000000
61159  34.119  -35.298  34.630 0.0000000000
61160  33.689  -35.304  34.887 0.0000000000
62190  33.338  -34.657  34.637 0.0000000000
63247  33.151  -33.762  34.136 0.0000000000
62191  32.804  -33.835  34.606 0.0000000000
63248  32.698  -33.265  34.241 0.0000000000
65489  33.802  -31.329  31.095 0.0000000000
65547  35.969  -31.430  28.328 0.0000000000
65528  38.532  -32.354  29.400 0.0000000000
65527  39.589  -32.343  29.489 0.0000000000
52131  40.493  -43.083  37.793 0.0000000000
54402  43.311  -41.221  37.181 0.0000000000
53228  43.567  -43.070  38.867 0.0000000000
54383  43.717  -41.837  37.755 0.0000000000
55471  43.927  -40.358  36.952 0.0000000000
56577  44.427  -39.435  37.206 0.0000000000
90752  50.382  -7.632  17.473 0.0000000000
91678  51.383  -6.564  17.427 0.0000000000
91685  51.703  -6.579  16.462 0.0000000000
88002  50.918  -10.318  15.634 0.0000000000
89854  50.864  -8.666  15.733 0.0000000000
89851  53.135  -8.722  14.934 0.0000000000
88944  52.706  -10.289  14.940 0.0000000000
88943  53.166  -9.752  14.765 0.0000000000
89860  53.740  -8.925  14.661 0.0000000000
36874  12.499  -56.535  52.691 0.0000000000
36881  11.152  -55.906  51.970 0.0000000000
38000  10.895  -55.488  51.923 0.0000000000
39103  13.908  -55.247  51.107 0.0000000000
43643  18.733  -50.041  44.551 0.0000000000
44835  20.371  -49.749  45.093 0.0000000000
44863  18.296  -49.044  43.731 0.0000000000
47366  16.756  -47.949  44.587 0.0000000000
48592  17.567  -47.005  44.308 0.0000000000
48643  20.994  -46.098  41.473 0.0000000000
49769  20.047  -45.753  41.895 0.0000000000
50914  23.894  -44.594  40.616 0.0000000000
50927  23.575  -44.084  40.000 0.0000000000
52086  24.112  -44.039  40.226 0.0000000000
54306  22.227  -40.395  43.814 0.0000000000
54392  24.330  -41.253  38.748 0.0000000000
56596  42.048  -39.286  35.650 0.0000000000
57744  36.746  -37.995  37.223 0.0000000000
57750  25.743  -38.151  37.535 0.0000000000
57762  41.858  -37.976  35.792 0.0000000000
57771  41.983  -38.723  35.593 0.0000000000
58975  41.037  -37.768  35.594 0.0000000000
60034  28.102  -35.850  39.895 0.0000000000
60061  34.966  -36.464  38.776 0.0000000000
60103  39.609  -36.784  35.802 0.0000000000
61096  26.783  -35.248  40.285 0.0000000000
61107  26.772  -35.565  39.562 0.0000000000
61135  39.429  -35.869  36.375 0.0000000000
63216  32.466  -33.338  35.639 0.0000000000
65418  32.619  -31.081  35.511 0.0000000000
66577  34.665  -30.709  28.683 0.0000000000
66579  33.724  -30.119  29.700 0.0000000000
66627  35.610  -30.302  27.472 0.0000000000
67658  32.499  -29.731  32.089 0.0000000000
68825  32.543  -29.100  33.024 0.0000000000
68866  33.666  -28.280  29.780 0.0000000000
68891  33.628  -28.839  29.643 0.0000000000
71237  41.098  -27.126  24.476 0.0000000000
72339  38.481  -25.529  24.675 0.0000000000
73423  38.404  -24.229  24.604 0.0000000000
74429  36.841  -24.057  26.049 0.0000000000
74451  37.687  -23.890  25.108 0.0000000000
75465  44.420  -22.614  23.394 0.0000000000
76539  43.380  -22.176  23.372 0.0000000000
79770  43.947  -17.822  20.276 0.0000000000
81934  40.358  -16.452  22.531 0.0000000000
82989  46.141  -14.960  18.426 0.0000000000
83903  43.456  -13.821  22.798 0.0000000000
84835  42.315  -14.172  21.539 0.0000000000
84880  45.102  -13.194  18.490 0.0000000000
85870  44.223  -12.714  22.261 0.0000000000
85883  43.633  -12.890  21.311 0.0000000000
86978  45.521  -10.853  20.837 0.0000000000
