#!ascii label  , from subject mmSR20151113 vox2ras=TkReg
2030
62308  52.604  -34.822  25.153 0.0000000000
42491  40.230  -51.026  41.307 0.0000000000
43639  28.837  -50.491  44.371 0.0000000000
43587  24.977  -50.807  48.398 0.0000000000
39119  36.323  -54.315  48.780 0.0000000000
39252  32.698  -54.763  35.955 0.0000000000
60221  47.754  -36.144  24.500 0.0000000000
72348  60.018  -25.409  23.889 0.0000000000
58973  51.097  -37.236  35.100 0.0000000000
53308  39.140  -42.906  33.058 0.0000000000
45032  34.764  -50.056  29.924 0.0000000000
45972  31.047  -47.735  51.323 0.0000000000
46052  27.326  -48.036  47.111 0.0000000000
49636  28.117  -45.899  51.900 0.0000000000
40176  31.637  -53.037  46.830 0.0000000000
63193  54.150  -33.239  36.992 0.0000000000
43605  45.181  -50.065  46.494 0.0000000000
44889  47.755  -49.555  40.702 0.0000000000
49829  46.614  -45.277  36.730 0.0000000000
46215  39.816  -48.369  36.351 0.0000000000
49856  33.644  -45.770  33.489 0.0000000000
44952  34.602  -50.009  37.100 0.0000000000
44982  30.196  -49.710  35.292 0.0000000000
40332  31.540  -53.606  31.732 0.0000000000
68938  54.336  -28.839  26.521 0.0000000000
70121  52.881  -27.255  23.770 0.0000000000
46173  27.745  -48.422  39.212 0.0000000000
44872  24.743  -49.708  42.017 0.0000000000
40188  37.648  -53.751  45.696 0.0000000000
40272  36.512  -54.412  38.561 0.0000000000
38074  33.925  -55.826  42.035 0.0000000000
42510  31.498  -51.248  40.126 0.0000000000
57868  51.546  -38.105  23.804 0.0000000000
45942  27.109  -48.269  53.802 0.0000000000
40098  24.970  -53.363  51.298 0.0000000000
66608  59.441  -30.571  28.036 0.0000000000
61225  55.047  -34.903  28.084 0.0000000000
63318  52.048  -33.899  29.213 0.0000000000
63305  48.314  -33.982  30.780 0.0000000000
59027  44.003  -36.682  29.728 0.0000000000
53281  52.464  -42.329  37.145 0.0000000000
55503  45.721  -40.788  33.871 0.0000000000
57831  38.607  -38.202  29.782 0.0000000000
55542  33.883  -40.878  30.326 0.0000000000
40312  36.407  -53.487  32.546 0.0000000000
50705  31.135  -45.382  53.972 0.0000000000
48480  29.890  -46.008  52.649 0.0000000000
50714  29.752  -44.548  53.196 0.0000000000
44722  32.039  -49.032  52.926 0.0000000000
41291  43.793  -52.735  43.125 0.0000000000
43689  44.122  -51.052  40.395 0.0000000000
44922  43.519  -49.674  38.342 0.0000000000
44905  40.845  -49.990  38.978 0.0000000000
46200  37.300  -48.629  37.187 0.0000000000
43715  37.407  -50.097  39.751 0.0000000000
46248  28.184  -48.628  35.028 0.0000000000
43785  29.056  -50.514  33.314 0.0000000000
65576  53.208  -31.751  26.552 0.0000000000
66639  51.344  -30.710  25.233 0.0000000000
63382  50.474  -33.485  24.997 0.0000000000
44881  27.608  -49.954  41.853 0.0000000000
44895  26.317  -49.156  40.652 0.0000000000
44870  26.563  -49.614  42.577 0.0000000000
44796  25.594  -49.386  47.627 0.0000000000
43625  24.086  -50.303  45.095 0.0000000000
42424  23.573  -51.945  46.386 0.0000000000
41231  23.781  -52.678  47.697 0.0000000000
40150  41.121  -53.411  47.899 0.0000000000
38023  36.935  -55.196  47.499 0.0000000000
38057  35.432  -55.742  43.575 0.0000000000
38037  34.263  -55.389  45.844 0.0000000000
42436  29.976  -51.467  45.266 0.0000000000
41284  31.414  -52.695  43.571 0.0000000000
43658  29.673  -51.041  42.147 0.0000000000
44910  29.860  -49.459  39.668 0.0000000000
59085  49.227  -37.576  24.246 0.0000000000
57901  50.092  -38.714  22.321 0.0000000000
56743  48.501  -39.038  21.932 0.0000000000
39083  24.460  -54.689  52.392 0.0000000000
62255  53.676  -35.218  28.672 0.0000000000
63272  55.444  -33.185  32.347 0.0000000000
62164  52.668  -34.750  36.533 0.0000000000
63238  52.158  -33.888  34.425 0.0000000000
61164  50.025  -35.292  33.927 0.0000000000
62230  46.646  -34.863  30.879 0.0000000000
58995  48.126  -37.542  32.650 0.0000000000
50975  42.727  -44.523  34.728 0.0000000000
53293  45.847  -42.846  35.143 0.0000000000
54440  42.193  -41.851  33.178 0.0000000000
56642  42.384  -39.341  31.632 0.0000000000
55529  38.775  -40.430  31.740 0.0000000000
57822  36.847  -39.087  30.375 0.0000000000
54451  36.635  -42.037  31.986 0.0000000000
49883  31.429  -45.631  30.811 0.0000000000
38131  35.852  -55.604  36.155 0.0000000000
40297  36.877  -53.933  34.486 0.0000000000
39275  34.678  -54.754  33.661 0.0000000000
41419  33.224  -52.151  30.335 0.0000000000
75485  57.973  -22.245  22.020 0.0000000000
72375  59.880  -25.914  22.131 0.0000000000
44793  30.190  -49.539  47.208 0.0000000000
46097  28.160  -48.830  45.269 0.0000000000
47293  29.893  -47.752  48.694 0.0000000000
48517  28.181  -46.673  50.173 0.0000000000
47278  26.868  -47.924  50.140 0.0000000000
41157  34.940  -52.268  51.156 0.0000000000
39145  33.302  -54.178  47.884 0.0000000000
41178  33.118  -52.338  50.408 0.0000000000
43572  31.684  -50.792  49.098 0.0000000000
64337  56.842  -32.676  35.844 0.0000000000
58940  53.522  -37.181  37.490 0.0000000000
47434  46.737  -48.065  38.283 0.0000000000
47449  43.421  -47.599  36.491 0.0000000000
48705  40.137  -46.155  34.504 0.0000000000
50985  37.022  -44.696  33.080 0.0000000000
47472  37.434  -46.906  34.763 0.0000000000
47466  34.535  -47.720  35.447 0.0000000000
43784  33.793  -50.101  33.106 0.0000000000
41369  31.879  -52.885  35.850 0.0000000000
39268  31.722  -54.598  33.554 0.0000000000
41383  30.451  -52.784  33.427 0.0000000000
70087  57.340  -26.922  25.869 0.0000000000
71249  55.917  -26.655  24.223 0.0000000000
70091  53.502  -28.269  25.189 0.0000000000
44847  25.924  -48.863  44.538 0.0000000000
40169  43.112  -53.364  45.660 0.0000000000
41278  39.793  -52.411  43.624 0.0000000000
42494  37.093  -51.253  41.677 0.0000000000
40223  35.803  -53.870  42.598 0.0000000000
36966  36.186  -56.308  39.363 0.0000000000
39239  33.427  -55.136  38.223 0.0000000000
40205  32.579  -54.019  44.659 0.0000000000
40238  32.728  -53.484  41.099 0.0000000000
41345  32.403  -52.629  38.702 0.0000000000
43737  31.535  -50.818  38.008 0.0000000000
44970  29.661  -48.695  37.051 0.0000000000
60218  52.131  -36.497  23.916 0.0000000000
61281  50.939  -35.843  23.737 0.0000000000
59112  51.287  -37.786  22.063 0.0000000000
47222  27.068  -47.263  53.354 0.0000000000
43560  26.246  -50.015  51.008 0.0000000000
42353  26.004  -51.460  51.694 0.0000000000
41196  25.005  -52.061  49.871 0.0000000000
70074  58.970  -27.309  26.778 0.0000000000
67722  57.096  -29.680  27.717 0.0000000000
64462  55.101  -32.241  27.066 0.0000000000
62307  53.716  -34.754  25.641 0.0000000000
60194  53.283  -36.443  25.716 0.0000000000
60196  51.447  -36.844  26.353 0.0000000000
61231  49.926  -35.303  27.098 0.0000000000
64381  54.499  -32.774  33.593 0.0000000000
63303  50.568  -33.433  30.510 0.0000000000
62277  47.622  -34.098  27.043 0.0000000000
63350  45.715  -33.638  27.522 0.0000000000
62279  43.235  -34.264  27.342 0.0000000000
56593  52.412  -39.695  36.030 0.0000000000
50961  49.098  -44.113  36.865 0.0000000000
54425  48.328  -41.525  35.239 0.0000000000
56614  48.353  -39.686  33.697 0.0000000000
56639  44.821  -38.729  31.593 0.0000000000
59030  41.631  -37.407  29.430 0.0000000000
52184  33.773  -43.437  31.648 0.0000000000
41344  34.971  -51.990  37.822 0.0000000000
42574  35.765  -52.020  34.001 0.0000000000
43825  36.514  -51.565  30.929 0.0000000000
40330  33.602  -53.184  31.790 0.0000000000
41416  36.449  -52.614  30.128 0.0000000000
49591  30.664  -45.589  53.693 0.0000000000
51853  30.495  -44.304  53.463 0.0000000000
42469  41.599  -52.014  42.126 0.0000000000
42487  44.371  -51.825  41.687 0.0000000000
42504  42.127  -51.252  40.745 0.0000000000
43710  42.334  -50.461  39.414 0.0000000000
43692  40.914  -50.600  40.138 0.0000000000
44907  38.896  -49.753  39.122 0.0000000000
43694  38.948  -50.380  40.452 0.0000000000
64473  53.002  -32.689  26.283 0.0000000000
64476  51.407  -32.649  25.621 0.0000000000
62309  51.496  -34.312  25.061 0.0000000000
43680  27.909  -50.443  42.639 0.0000000000
43661  27.967  -50.392  43.247 0.0000000000
43597  25.195  -50.158  48.093 0.0000000000
43609  25.094  -49.947  47.300 0.0000000000
43598  24.748  -50.680  47.670 0.0000000000
42409  23.680  -52.218  47.056 0.0000000000
41230  24.170  -52.197  48.176 0.0000000000
41154  37.468  -51.953  50.841 0.0000000000
40109  38.034  -53.065  49.556 0.0000000000
40153  38.866  -53.867  48.754 0.0000000000
39132  36.824  -54.777  48.399 0.0000000000
38035  35.663  -55.344  46.580 0.0000000000
38015  35.046  -55.148  47.687 0.0000000000
43638  29.411  -51.020  44.770 0.0000000000
42443  29.896  -51.682  43.874 0.0000000000
42458  28.939  -51.159  43.563 0.0000000000
43678  29.259  -50.628  41.718 0.0000000000
60220  48.521  -37.002  24.360 0.0000000000
57902  48.991  -38.537  22.714 0.0000000000
59114  48.152  -38.042  22.849 0.0000000000
63251  57.967  -33.232  32.954 0.0000000000
63271  56.583  -33.616  32.247 0.0000000000
64378  57.668  -33.068  33.774 0.0000000000
61134  51.753  -36.186  35.910 0.0000000000
61143  51.830  -35.237  35.702 0.0000000000
61145  50.892  -36.231  35.080 0.0000000000
61166  48.799  -36.345  33.343 0.0000000000
58989  49.444  -37.760  33.709 0.0000000000
52163  41.565  -43.926  34.110 0.0000000000
52165  42.573  -43.200  34.069 0.0000000000
53306  40.686  -42.666  33.278 0.0000000000
54446  41.090  -41.398  32.675 0.0000000000
54448  39.055  -41.712  32.476 0.0000000000
55522  38.019  -41.299  32.070 0.0000000000
53313  38.559  -42.569  32.771 0.0000000000
38133  33.795  -55.702  35.739 0.0000000000
39265  35.039  -55.203  34.512 0.0000000000
39266  33.600  -55.344  34.553 0.0000000000
75475  59.435  -23.234  23.171 0.0000000000
72367  59.830  -25.570  22.902 0.0000000000
46009  31.000  -48.515  49.660 0.0000000000
46028  30.379  -48.436  48.475 0.0000000000
47256  30.596  -47.620  50.127 0.0000000000
49622  29.262  -45.631  52.400 0.0000000000
48502  28.687  -46.369  50.586 0.0000000000
48491  28.420  -46.074  51.307 0.0000000000
47277  27.581  -47.311  49.712 0.0000000000
47258  27.335  -47.077  50.971 0.0000000000
42332  34.470  -51.378  52.287 0.0000000000
41177  33.780  -52.566  50.705 0.0000000000
42350  33.610  -51.540  51.730 0.0000000000
45954  31.576  -48.277  52.414 0.0000000000
43543  32.159  -50.187  50.806 0.0000000000
46008  31.486  -49.106  49.981 0.0000000000
43596  30.604  -50.541  47.383 0.0000000000
44868  47.731  -49.794  42.431 0.0000000000
46149  48.714  -48.790  42.337 0.0000000000
46163  49.278  -48.369  41.057 0.0000000000
47426  49.398  -47.738  39.672 0.0000000000
46169  47.831  -48.830  39.496 0.0000000000
46196  41.443  -48.893  36.963 0.0000000000
46193  43.979  -48.457  37.331 0.0000000000
47451  41.610  -47.802  35.898 0.0000000000
47459  41.359  -47.238  35.451 0.0000000000
47461  39.601  -47.415  35.224 0.0000000000
48707  38.063  -46.511  34.331 0.0000000000
47462  38.725  -47.538  35.343 0.0000000000
46201  36.357  -48.655  37.182 0.0000000000
46219  35.705  -48.283  36.478 0.0000000000
46220  34.800  -48.602  36.363 0.0000000000
44981  33.540  -49.372  34.531 0.0000000000
43772  33.822  -50.071  34.783 0.0000000000
43773  31.043  -50.951  35.482 0.0000000000
41375  31.239  -52.915  34.568 0.0000000000
42569  30.483  -51.596  34.233 0.0000000000
70077  55.804  -27.668  26.178 0.0000000000
70089  55.386  -27.251  25.249 0.0000000000
68956  53.974  -28.545  25.942 0.0000000000
66642  51.077  -30.133  24.813 0.0000000000
46184  27.494  -48.221  38.304 0.0000000000
46175  26.053  -48.588  38.853 0.0000000000
46074  27.794  -48.279  46.144 0.0000000000
46120  26.708  -48.687  44.808 0.0000000000
46099  26.301  -48.622  45.450 0.0000000000
43626  23.687  -50.891  45.053 0.0000000000
43641  24.021  -50.114  43.803 0.0000000000
39141  40.514  -54.625  47.319 0.0000000000
40161  42.032  -53.458  46.935 0.0000000000
39164  40.868  -54.466  45.938 0.0000000000
40199  41.372  -53.809  44.792 0.0000000000
41248  39.024  -53.277  45.164 0.0000000000
41280  37.421  -52.358  43.831 0.0000000000
40214  36.383  -53.274  44.230 0.0000000000
38073  34.519  -56.339  42.381 0.0000000000
36946  35.766  -56.191  41.824 0.0000000000
38097  34.523  -56.337  40.557 0.0000000000
38110  34.533  -56.365  39.019 0.0000000000
39223  33.610  -55.182  40.511 0.0000000000
40164  32.494  -53.729  47.472 0.0000000000
39170  33.064  -54.390  45.989 0.0000000000
40206  31.915  -53.404  44.739 0.0000000000
42476  31.142  -51.911  42.056 0.0000000000
41305  32.193  -52.864  41.867 0.0000000000
41317  32.312  -52.601  40.756 0.0000000000
41333  32.464  -52.640  39.662 0.0000000000
42522  32.142  -51.906  39.329 0.0000000000
42538  31.898  -51.480  38.116 0.0000000000
43718  31.259  -50.602  39.147 0.0000000000
44911  29.018  -49.090  39.832 0.0000000000
44954  29.684  -48.841  38.148 0.0000000000
46183  28.368  -48.345  38.463 0.0000000000
59093  52.015  -37.658  23.396 0.0000000000
60228  51.794  -36.900  23.261 0.0000000000
57899  51.688  -38.090  22.737 0.0000000000
57914  49.942  -38.743  21.402 0.0000000000
45957  27.020  -48.437  52.214 0.0000000000
44724  26.819  -49.204  52.331 0.0000000000
40089  25.257  -53.125  51.917 0.0000000000
41162  25.169  -52.903  51.171 0.0000000000
41179  25.160  -52.147  50.281 0.0000000000
41180  25.034  -52.811  50.709 0.0000000000
40138  24.248  -53.439  49.452 0.0000000000
39123  24.057  -54.080  49.554 0.0000000000
72333  61.194  -25.334  25.671 0.0000000000
68921  59.849  -28.564  27.372 0.0000000000
67721  58.202  -29.712  27.691 0.0000000000
66612  55.719  -30.778  27.471 0.0000000000
65561  56.268  -31.732  27.444 0.0000000000
63346  55.906  -33.669  27.722 0.0000000000
63359  55.362  -33.753  26.967 0.0000000000
62292  54.538  -34.684  26.336 0.0000000000
61261  53.741  -35.754  25.504 0.0000000000
61247  54.335  -35.435  26.715 0.0000000000
62242  53.364  -34.765  29.060 0.0000000000
61228  52.758  -36.079  27.544 0.0000000000
61229  51.727  -35.717  27.613 0.0000000000
60181  50.606  -36.112  26.834 0.0000000000
62258  50.859  -34.238  28.041 0.0000000000
64315  56.003  -32.631  36.689 0.0000000000
64359  55.595  -32.775  34.709 0.0000000000
63221  54.046  -32.939  35.349 0.0000000000
63276  50.150  -34.076  32.647 0.0000000000
63275  51.181  -33.505  32.412 0.0000000000
63304  49.474  -33.640  30.655 0.0000000000
63335  49.178  -33.682  28.622 0.0000000000
63336  48.041  -33.690  28.762 0.0000000000
63363  47.125  -33.904  27.097 0.0000000000
63337  46.919  -33.749  28.707 0.0000000000
61197  45.242  -35.589  30.184 0.0000000000
62247  44.760  -34.707  29.083 0.0000000000
61214  43.566  -35.230  28.685 0.0000000000
61216  42.347  -35.713  28.143 0.0000000000
55485  52.162  -40.704  36.186 0.0000000000
49820  48.729  -45.884  37.758 0.0000000000
49819  49.796  -45.397  37.777 0.0000000000
50962  48.002  -44.591  36.875 0.0000000000
54433  45.209  -41.614  34.170 0.0000000000
53291  47.763  -42.461  35.646 0.0000000000
54431  47.215  -41.163  34.640 0.0000000000
55500  49.065  -40.055  34.273 0.0000000000
55507  46.659  -39.812  33.289 0.0000000000
56627  46.409  -39.017  32.341 0.0000000000
56628  45.238  -39.284  32.249 0.0000000000
56654  40.758  -38.814  30.806 0.0000000000
57817  41.457  -38.403  30.462 0.0000000000
57829  40.389  -37.990  29.820 0.0000000000
60169  39.770  -36.759  28.126 0.0000000000
59044  38.677  -37.236  28.411 0.0000000000
59045  37.627  -37.612  28.770 0.0000000000
56660  34.958  -39.819  30.139 0.0000000000
56674  34.924  -38.642  28.917 0.0000000000
49854  35.780  -45.285  33.237 0.0000000000
50990  35.358  -44.389  32.540 0.0000000000
50992  33.556  -44.671  32.463 0.0000000000
51014  31.675  -44.541  30.806 0.0000000000
41316  35.679  -52.691  40.177 0.0000000000
43698  35.704  -51.436  40.013 0.0000000000
41332  35.553  -52.730  39.104 0.0000000000
41373  36.811  -53.280  33.918 0.0000000000
41374  36.369  -52.676  34.414 0.0000000000
41389  36.714  -52.501  32.661 0.0000000000
42583  36.020  -51.828  32.757 0.0000000000
42591  36.769  -52.131  31.414 0.0000000000
39292  31.789  -54.219  32.576 0.0000000000
40315  32.917  -53.843  32.370 0.0000000000
40331  32.424  -53.418  31.772 0.0000000000
41418  34.452  -52.422  30.242 0.0000000000
41438  36.499  -52.357  28.999 0.0000000000
71251  54.096  -26.899  24.116 0.0000000000
71272  55.647  -26.262  23.239 0.0000000000
61282  50.002  -35.666  23.326 0.0000000000
47210  31.029  -46.954  53.532 0.0000000000
47232  30.794  -47.229  51.789 0.0000000000
48468  30.519  -46.272  53.242 0.0000000000
49608  29.887  -45.554  53.097 0.0000000000
49609  29.073  -45.145  52.717 0.0000000000
47209  31.582  -47.360  54.032 0.0000000000
42442  44.887  -51.905  44.644 0.0000000000
43620  45.994  -50.306  44.849 0.0000000000
42450  45.269  -51.980  43.536 0.0000000000
42485  45.966  -51.334  42.292 0.0000000000
43688  45.411  -50.706  40.371 0.0000000000
43706  46.285  -49.800  39.661 0.0000000000
43709  43.428  -50.329  39.240 0.0000000000
43732  42.495  -50.125  38.826 0.0000000000
44947  39.892  -49.160  37.716 0.0000000000
46216  38.816  -48.347  36.429 0.0000000000
44948  38.841  -49.053  37.776 0.0000000000
44928  37.311  -49.417  38.513 0.0000000000
44929  36.247  -49.708  38.517 0.0000000000
44993  29.547  -49.746  34.385 0.0000000000
43779  30.080  -50.624  34.290 0.0000000000
45002  28.804  -49.792  33.652 0.0000000000
67740  53.755  -29.852  26.669 0.0000000000
67758  52.693  -29.752  25.855 0.0000000000
66638  52.116  -30.753  25.844 0.0000000000
65581  51.034  -31.740  25.372 0.0000000000
44912  28.048  -48.819  40.048 0.0000000000
44913  27.061  -48.689  39.978 0.0000000000
44894  27.318  -49.262  40.838 0.0000000000
44882  26.490  -49.479  41.620 0.0000000000
44871  25.624  -49.523  42.326 0.0000000000
46053  26.340  -48.642  47.431 0.0000000000
44832  25.511  -48.972  45.759 0.0000000000
44814  25.350  -49.357  46.673 0.0000000000
42423  23.867  -51.032  45.992 0.0000000000
40178  23.026  -53.683  46.376 0.0000000000
39129  39.591  -54.495  48.194 0.0000000000
39154  38.187  -54.725  46.728 0.0000000000
39174  36.097  -54.082  44.934 0.0000000000
38041  36.056  -55.094  46.204 0.0000000000
38049  34.777  -55.907  44.384 0.0000000000
38050  33.976  -55.695  44.025 0.0000000000
41242  30.861  -52.221  46.262 0.0000000000
41250  31.325  -52.969  45.094 0.0000000000
41266  30.509  -52.150  44.098 0.0000000000
42456  30.181  -51.776  43.204 0.0000000000
42498  30.801  -50.979  41.034 0.0000000000
43699  30.952  -50.565  39.960 0.0000000000
43701  29.680  -50.375  41.121 0.0000000000
44892  29.454  -49.834  40.623 0.0000000000
59094  50.356  -38.172  23.946 0.0000000000
57881  51.037  -38.305  23.352 0.0000000000
57882  49.926  -38.451  23.307 0.0000000000
56742  49.265  -39.022  21.999 0.0000000000
40082  25.255  -53.539  53.059 0.0000000000
39095  24.498  -54.328  51.285 0.0000000000
38002  24.041  -54.992  50.241 0.0000000000
37995  23.694  -55.927  51.176 0.0000000000
62252  56.383  -34.197  29.474 0.0000000000
61209  54.845  -35.098  28.524 0.0000000000
62226  55.388  -34.541  30.081 0.0000000000
63299  55.036  -34.173  30.525 0.0000000000
63284  54.623  -33.417  31.348 0.0000000000
63194  53.581  -33.906  37.424 0.0000000000
63222  53.362  -33.304  35.096 0.0000000000
63207  52.674  -34.310  36.036 0.0000000000
62196  51.063  -34.478  34.169 0.0000000000
62214  49.071  -34.468  32.328 0.0000000000
62229  47.493  -34.432  31.044 0.0000000000
62206  48.197  -35.128  32.341 0.0000000000
60130  47.140  -36.348  31.902 0.0000000000
59015  45.710  -36.978  30.894 0.0000000000
49836  44.116  -45.127  35.561 0.0000000000
50964  45.920  -44.600  36.137 0.0000000000
52156  44.492  -43.919  35.128 0.0000000000
53300  43.733  -42.693  34.179 0.0000000000
54438  44.087  -41.383  33.546 0.0000000000
55516  43.865  -40.151  32.631 0.0000000000
55517  42.919  -40.508  32.516 0.0000000000
55527  40.391  -39.896  31.702 0.0000000000
56656  39.204  -39.130  30.828 0.0000000000
57821  37.477  -38.837  30.325 0.0000000000
56646  38.046  -39.962  31.247 0.0000000000
56648  36.383  -40.260  31.039 0.0000000000
54456  35.061  -41.661  31.353 0.0000000000
48720  32.657  -46.566  33.259 0.0000000000
49863  32.757  -45.478  32.693 0.0000000000
47489  32.038  -47.055  32.136 0.0000000000
47516  31.818  -47.130  30.556 0.0000000000
47550  31.737  -46.889  28.644 0.0000000000
39250  36.803  -54.965  37.052 0.0000000000
40285  36.524  -54.200  36.608 0.0000000000
39263  36.642  -54.557  35.044 0.0000000000
39273  36.558  -54.450  34.322 0.0000000000
40304  35.781  -54.174  33.133 0.0000000000
41420  32.099  -52.472  30.619 0.0000000000
42601  32.143  -51.954  30.141 0.0000000000
76574  58.139  -21.553  23.173 0.0000000000
74464  58.916  -23.278  22.236 0.0000000000
71293  58.780  -26.786  21.499 0.0000000000
43623  29.422  -50.563  45.297 0.0000000000
44844  28.438  -49.787  44.356 0.0000000000
46072  29.400  -48.962  46.519 0.0000000000
47312  29.184  -47.899  47.810 0.0000000000
47313  28.754  -47.807  47.788 0.0000000000
48501  29.525  -46.731  50.266 0.0000000000
47276  28.734  -47.114  49.166 0.0000000000
47296  27.604  -47.800  48.625 0.0000000000
46010  27.118  -48.118  48.939 0.0000000000
46031  26.468  -48.738  48.621 0.0000000000
44759  26.084  -49.516  49.386 0.0000000000
40112  35.468  -53.188  49.831 0.0000000000
39121  34.484  -54.203  48.779 0.0000000000
40136  33.904  -53.706  49.316 0.0000000000
40155  32.836  -53.530  48.643 0.0000000000
40156  32.206  -53.125  48.481 0.0000000000
43542  32.548  -50.568  51.369 0.0000000000
42378  32.165  -51.582  49.633 0.0000000000
42406  31.491  -52.100  48.062 0.0000000000
42407  31.091  -51.540  47.646 0.0000000000
42422  29.910  -51.009  45.751 0.0000000000
61284  47.144  -35.858  24.119 0.0000000000
59115  47.283  -37.739  22.606 0.0000000000
60249  46.178  -36.948  22.613 0.0000000000
64357  57.546  -32.758  34.813 0.0000000000
63184  54.239  -33.519  38.241 0.0000000000
62152  53.379  -34.705  37.740 0.0000000000
61119  53.201  -35.597  37.553 0.0000000000
58960  52.628  -37.341  36.553 0.0000000000
48672  48.346  -46.860  38.264 0.0000000000
48680  47.192  -46.743  37.745 0.0000000000
46181  45.297  -48.810  38.172 0.0000000000
47442  45.508  -47.709  37.535 0.0000000000
48687  44.822  -46.289  36.440 0.0000000000
48693  42.736  -46.144  35.461 0.0000000000
49843  41.378  -45.465  34.619 0.0000000000
50982  39.768  -44.413  33.816 0.0000000000
52170  38.382  -43.903  33.213 0.0000000000
49851  38.571  -45.164  33.745 0.0000000000
48715  36.942  -45.809  33.689 0.0000000000
48709  36.126  -46.470  34.514 0.0000000000
47453  37.376  -47.955  36.117 0.0000000000
48698  35.587  -46.930  35.081 0.0000000000
48711  34.106  -46.985  34.697 0.0000000000
47476  33.110  -47.829  34.122 0.0000000000
44999  33.150  -49.287  32.827 0.0000000000
43795  33.887  -49.981  32.202 0.0000000000
41368  32.186  -53.511  36.156 0.0000000000
40298  31.985  -54.477  34.824 0.0000000000
40293  31.740  -53.736  35.011 0.0000000000
40306  31.061  -54.020  33.301 0.0000000000
40307  30.612  -53.639  32.681 0.0000000000
42576  30.041  -51.830  33.543 0.0000000000
41390  30.097  -53.157  32.271 0.0000000000
71245  59.639  -25.759  24.578 0.0000000000
71247  57.961  -26.396  24.239 0.0000000000
71233  56.364  -26.773  24.871 0.0000000000
70108  54.510  -27.273  24.665 0.0000000000
70109  53.264  -27.717  24.467 0.0000000000
67761  52.279  -29.380  25.236 0.0000000000
68973  52.379  -28.665  24.708 0.0000000000
44846  27.102  -48.963  44.036 0.0000000000
44860  25.702  -49.300  43.319 0.0000000000
44861  24.768  -49.606  43.046 0.0000000000
44848  24.782  -49.431  44.182 0.0000000000
41238  43.777  -52.023  45.874 0.0000000000
40196  43.442  -53.390  44.506 0.0000000000
41276  42.189  -53.155  43.486 0.0000000000
41295  39.967  -51.878  42.794 0.0000000000
42493  38.046  -51.103  41.729 0.0000000000
42453  38.010  -51.841  43.137 0.0000000000
42455  36.566  -52.251  42.937 0.0000000000
40252  35.983  -53.737  40.430 0.0000000000
39181  35.712  -54.740  43.156 0.0000000000
39221  36.329  -55.446  40.503 0.0000000000
39238  36.661  -55.155  38.878 0.0000000000
38124  35.872  -55.950  37.186 0.0000000000
38119  33.978  -55.933  37.549 0.0000000000
39246  33.356  -55.207  37.215 0.0000000000
39157  33.740  -54.942  46.406 0.0000000000
39176  33.496  -55.040  44.600 0.0000000000
40216  33.154  -54.551  43.057 0.0000000000
41283  31.983  -53.166  43.523 0.0000000000
40225  32.670  -53.632  42.210 0.0000000000
40237  33.124  -54.334  41.369 0.0000000000
40266  33.027  -54.092  39.493 0.0000000000
39240  32.970  -54.231  37.909 0.0000000000
40281  32.571  -53.613  37.283 0.0000000000
41362  31.990  -52.326  36.950 0.0000000000
43753  31.498  -51.025  37.050 0.0000000000
43754  31.046  -50.170  37.077 0.0000000000
43738  30.923  -49.962  38.361 0.0000000000
44953  30.381  -49.318  37.628 0.0000000000
44969  30.321  -49.366  36.407 0.0000000000
46237  28.562  -48.311  36.151 0.0000000000
62319  52.433  -35.465  24.681 0.0000000000
61272  51.495  -35.583  24.216 0.0000000000
61280  51.768  -36.188  23.874 0.0000000000
57913  50.664  -38.325  21.835 0.0000000000
57923  50.251  -38.297  21.289 0.0000000000
57903  47.776  -38.625  22.171 0.0000000000
51855  28.645  -44.263  52.872 0.0000000000
50715  28.611  -44.483  52.879 0.0000000000
49610  27.794  -45.417  52.722 0.0000000000
48458  26.902  -46.483  53.509 0.0000000000
48481  27.488  -46.503  52.241 0.0000000000
47243  27.068  -47.652  51.403 0.0000000000
44744  26.360  -49.285  50.361 0.0000000000
43574  25.672  -50.559  49.797 0.0000000000
43530  26.648  -50.111  52.725 0.0000000000
43545  26.212  -50.652  51.453 0.0000000000
43561  25.976  -50.711  50.784 0.0000000000
42379  25.085  -51.548  49.527 0.0000000000
41215  24.073  -52.814  48.446 0.0000000000
73411  60.922  -24.598  24.648 0.0000000000
71229  60.115  -25.977  25.473 0.0000000000
71219  58.587  -26.686  26.090 0.0000000000
70057  57.355  -27.932  27.163 0.0000000000
70072  60.853  -27.416  26.978 0.0000000000
70056  58.323  -27.955  27.228 0.0000000000
68925  55.300  -29.074  27.208 0.0000000000
66629  54.173  -30.801  27.010 0.0000000000
65575  53.978  -31.765  26.834 0.0000000000
63362  53.543  -33.387  26.216 0.0000000000
64461  55.639  -32.753  27.124 0.0000000000
63361  54.206  -33.678  26.333 0.0000000000
61270  52.874  -35.820  24.678 0.0000000000
60216  53.027  -36.247  24.722 0.0000000000
59073  52.352  -37.304  24.573 0.0000000000
61227  53.747  -35.809  27.294 0.0000000000
60195  52.420  -36.837  25.949 0.0000000000
59074  51.746  -37.561  24.881 0.0000000000
60207  50.153  -37.107  25.605 0.0000000000
60208  49.479  -36.931  25.311 0.0000000000
60199  48.662  -35.743  25.891 0.0000000000
63236  56.561  -33.102  34.099 0.0000000000
64401  55.095  -32.876  33.085 0.0000000000
64419  53.877  -32.955  31.857 0.0000000000
63237  52.982  -33.181  33.974 0.0000000000
64404  52.692  -32.989  32.566 0.0000000000
63302  51.654  -33.400  30.305 0.0000000000
63334  50.343  -33.711  28.694 0.0000000000
61251  48.691  -35.312  26.375 0.0000000000
61264  47.741  -35.310  25.506 0.0000000000
62311  46.959  -34.851  25.136 0.0000000000
62312  46.098  -34.170  25.444 0.0000000000
62261  46.095  -34.022  29.171 0.0000000000
63351  44.719  -33.698  27.435 0.0000000000
57758  52.836  -38.523  36.341 0.0000000000
57770  51.865  -38.629  35.511 0.0000000000
52144  51.250  -43.332  36.819 0.0000000000
52153  47.088  -43.238  35.878 0.0000000000
53285  49.013  -42.745  36.182 0.0000000000
54418  50.576  -41.777  36.020 0.0000000000
55493  50.798  -40.440  35.313 0.0000000000
56612  50.356  -39.390  34.446 0.0000000000
57781  49.888  -38.549  33.920 0.0000000000
57785  48.378  -38.381  32.834 0.0000000000
57792  46.455  -38.322  31.851 0.0000000000
57813  44.894  -37.652  30.779 0.0000000000
56641  43.323  -39.150  31.656 0.0000000000
57815  43.529  -38.057  30.661 0.0000000000
59029  42.757  -37.223  29.576 0.0000000000
60167  41.745  -36.388  28.411 0.0000000000
59047  36.205  -37.906  28.758 0.0000000000
57850  35.339  -37.950  27.710 0.0000000000
53315  36.624  -42.774  32.273 0.0000000000
53319  35.396  -42.491  31.792 0.0000000000
54457  34.208  -41.786  31.015 0.0000000000
51000  32.183  -44.652  31.627 0.0000000000
52198  32.466  -43.435  30.826 0.0000000000
43696  36.992  -50.582  40.365 0.0000000000
43735  35.233  -50.714  38.605 0.0000000000
43752  34.733  -50.625  37.595 0.0000000000
41359  35.758  -52.698  36.247 0.0000000000
42560  35.401  -52.154  35.938 0.0000000000
42567  34.837  -51.467  34.711 0.0000000000
42575  35.051  -51.366  33.692 0.0000000000
43794  34.730  -50.711  32.456 0.0000000000
43826  35.773  -50.845  30.559 0.0000000000
39276  33.340  -54.875  33.576 0.0000000000
40305  34.881  -54.162  32.960 0.0000000000
40313  35.535  -53.658  32.310 0.0000000000
41399  34.071  -52.641  31.014 0.0000000000
41398  34.889  -52.710  30.755 0.0000000000
40328  36.303  -53.166  31.320 0.0000000000
42599  36.758  -52.096  30.444 0.0000000000
43850  36.476  -51.436  29.902 0.0000000000
71270  57.883  -26.439  23.267 0.0000000000
71283  57.853  -26.527  22.303 0.0000000000
72376  56.022  -25.803  21.594 0.0000000000
62321  50.609  -34.643  24.483 0.0000000000
42470  40.597  -51.645  42.138 0.0000000000
42489  42.375  -51.766  41.450 0.0000000000
42490  41.362  -51.445  41.413 0.0000000000
42505  41.186  -50.978  40.721 0.0000000000
42506  40.595  -50.774  40.659 0.0000000000
43693  40.000  -50.516  40.443 0.0000000000
43672  39.349  -50.721  41.000 0.0000000000
63373  51.956  -33.640  25.534 0.0000000000
43650  28.539  -50.731  43.639 0.0000000000
43651  28.234  -50.168  43.775 0.0000000000
42408  24.102  -51.537  47.254 0.0000000000
40111  36.391  -53.113  49.706 0.0000000000
41172  37.977  -52.493  50.150 0.0000000000
40133  36.804  -53.712  49.205 0.0000000000
39118  37.264  -54.237  48.778 0.0000000000
38014  35.528  -55.164  47.777 0.0000000000
39133  35.873  -54.827  48.318 0.0000000000
42445  28.887  -51.004  43.955 0.0000000000
43660  28.451  -50.938  42.986 0.0000000000
60231  48.103  -37.265  23.644 0.0000000000
64377  58.240  -32.553  33.939 0.0000000000
60101  51.622  -36.753  35.739 0.0000000000
60102  51.182  -36.730  35.297 0.0000000000
60113  50.766  -36.772  34.922 0.0000000000
60117  49.622  -36.947  34.084 0.0000000000
58986  50.138  -37.769  34.231 0.0000000000
52168  40.153  -43.491  33.549 0.0000000000
52167  41.031  -43.501  33.738 0.0000000000
53307  39.803  -42.861  33.189 0.0000000000
53311  40.151  -42.266  32.974 0.0000000000
53312  39.470  -42.302  32.856 0.0000000000
39257  33.159  -55.446  35.464 0.0000000000
38140  33.693  -55.577  35.213 0.0000000000
73412  60.576  -24.454  23.899 0.0000000000
73431  60.284  -24.417  23.183 0.0000000000
72366  60.274  -25.006  23.239 0.0000000000
45992  31.075  -48.026  50.662 0.0000000000
49623  28.458  -45.512  52.333 0.0000000000
49635  28.754  -45.742  51.875 0.0000000000
48492  27.714  -46.445  51.563 0.0000000000
49637  27.766  -46.170  52.028 0.0000000000
43496  34.384  -49.976  53.718 0.0000000000
41146  33.816  -51.633  51.766 0.0000000000
43514  33.709  -50.494  53.073 0.0000000000
45971  31.431  -48.320  51.413 0.0000000000
45991  31.515  -48.795  50.611 0.0000000000
44878  47.752  -49.808  41.589 0.0000000000
44867  48.138  -49.178  42.739 0.0000000000
44877  48.292  -49.368  41.998 0.0000000000
46159  49.316  -48.339  41.836 0.0000000000
46160  48.784  -48.889  41.541 0.0000000000
46164  48.599  -48.889  40.723 0.0000000000
44899  47.589  -49.337  39.993 0.0000000000
46213  41.960  -48.368  36.416 0.0000000000
46214  40.908  -48.303  36.262 0.0000000000
47452  40.919  -47.740  35.701 0.0000000000
46230  40.173  -47.889  35.736 0.0000000000
46231  39.251  -47.947  35.807 0.0000000000
44951  35.386  -49.437  37.484 0.0000000000
44967  35.008  -48.890  36.779 0.0000000000
44968  34.432  -49.484  36.439 0.0000000000
44980  33.892  -49.438  35.372 0.0000000000
42563  30.939  -51.359  34.937 0.0000000000
43774  30.586  -50.615  34.953 0.0000000000
68937  55.444  -28.312  26.705 0.0000000000
70078  54.977  -27.960  26.080 0.0000000000
46174  26.824  -48.384  39.065 0.0000000000
46075  26.763  -48.312  46.306 0.0000000000
46098  27.210  -48.486  45.391 0.0000000000
42446  23.041  -51.758  44.041 0.0000000000
40173  38.610  -54.275  46.251 0.0000000000
39152  40.649  -54.605  46.595 0.0000000000
40172  39.466  -54.295  46.122 0.0000000000
40186  40.104  -54.048  45.614 0.0000000000
40187  39.000  -53.690  45.659 0.0000000000
41263  37.733  -52.946  44.789 0.0000000000
40202  37.357  -53.390  45.190 0.0000000000
38087  34.511  -56.342  41.427 0.0000000000
38088  34.005  -55.832  41.073 0.0000000000
38098  34.071  -55.962  40.291 0.0000000000
40175  32.381  -53.758  46.427 0.0000000000
40191  31.617  -53.171  45.734 0.0000000000
42497  31.274  -51.574  41.310 0.0000000000
41306  31.729  -52.184  41.578 0.0000000000
41318  31.821  -51.893  40.799 0.0000000000
42509  32.090  -52.022  40.144 0.0000000000
42523  31.795  -51.288  38.866 0.0000000000
46172  28.573  -48.641  39.246 0.0000000000
57867  51.751  -38.054  23.500 0.0000000000
57880  51.716  -38.111  23.013 0.0000000000
47211  26.946  -47.602  54.266 0.0000000000
44711  27.014  -48.865  53.172 0.0000000000
40116  24.638  -53.474  50.448 0.0000000000
39108  24.190  -54.366  50.136 0.0000000000
74404  60.890  -24.067  26.129 0.0000000000
74384  60.695  -23.939  26.831 0.0000000000
67719  60.101  -29.626  27.862 0.0000000000
67720  59.213  -29.682  27.716 0.0000000000
66610  57.700  -30.668  27.732 0.0000000000
66609  58.665  -30.645  27.817 0.0000000000
62271  55.110  -34.542  27.339 0.0000000000
62272  54.712  -35.045  26.937 0.0000000000
61226  54.586  -35.251  27.566 0.0000000000
62243  52.681  -34.510  28.900 0.0000000000
62257  51.906  -34.632  28.348 0.0000000000
62273  51.111  -34.999  27.743 0.0000000000
63332  51.779  -34.113  28.720 0.0000000000
64316  54.963  -32.758  36.373 0.0000000000
63205  54.059  -33.088  35.937 0.0000000000
63289  49.222  -34.054  31.714 0.0000000000
63288  50.302  -33.611  31.555 0.0000000000
63321  48.698  -33.624  29.711 0.0000000000
63322  47.466  -33.879  29.794 0.0000000000
60152  44.878  -35.964  30.067 0.0000000000
61198  44.706  -35.418  29.617 0.0000000000
61199  44.096  -35.654  29.292 0.0000000000
61215  42.911  -35.476  28.352 0.0000000000
60154  43.540  -36.176  29.231 0.0000000000
54416  52.497  -41.612  36.768 0.0000000000
49821  47.564  -45.643  37.255 0.0000000000
50951  48.318  -45.263  37.295 0.0000000000
49828  47.286  -45.011  36.829 0.0000000000
55504  45.138  -41.016  33.773 0.0000000000
54432  46.223  -41.439  34.481 0.0000000000
55502  46.884  -40.346  33.887 0.0000000000
55508  46.014  -40.078  33.385 0.0000000000
56621  46.252  -39.549  32.863 0.0000000000
56622  45.609  -39.791  32.962 0.0000000000
57819  39.363  -38.597  30.325 0.0000000000
57818  40.273  -38.485  30.351 0.0000000000
57830  39.486  -38.103  29.804 0.0000000000
59032  39.576  -37.639  29.207 0.0000000000
59033  38.679  -37.764  29.241 0.0000000000
59034  38.110  -37.899  29.381 0.0000000000
55541  34.797  -40.439  30.526 0.0000000000
55549  33.864  -40.364  29.839 0.0000000000
49855  34.673  -45.511  33.449 0.0000000000
49861  34.962  -44.913  32.906 0.0000000000
49862  33.972  -45.060  32.970 0.0000000000
40265  36.074  -53.744  39.387 0.0000000000
40273  36.038  -53.555  38.319 0.0000000000
41380  36.787  -53.117  33.004 0.0000000000
41388  36.693  -52.749  32.010 0.0000000000
40316  32.006  -53.955  32.256 0.0000000000
71274  53.406  -26.728  23.550 0.0000000000
47221  30.834  -47.019  52.730 0.0000000000
49592  29.874  -45.024  53.263 0.0000000000
49593  28.782  -44.775  52.824 0.0000000000
49581  31.342  -45.733  54.230 0.0000000000
48456  31.694  -46.904  54.493 0.0000000000
48457  31.279  -46.401  54.151 0.0000000000
47220  31.318  -47.577  53.126 0.0000000000
41273  44.582  -52.596  43.941 0.0000000000
42441  45.253  -51.711  44.264 0.0000000000
42451  44.758  -52.368  43.433 0.0000000000
42502  43.897  -51.603  41.075 0.0000000000
42486  45.352  -51.590  42.007 0.0000000000
43670  45.008  -51.304  41.138 0.0000000000
43669  46.178  -50.891  41.450 0.0000000000
43711  41.401  -50.294  39.329 0.0000000000
43733  41.956  -50.218  39.009 0.0000000000
44924  41.556  -49.895  38.537 0.0000000000
44946  40.951  -49.337  37.673 0.0000000000
44925  40.427  -49.620  38.390 0.0000000000
44926  39.383  -49.466  38.423 0.0000000000
44908  37.889  -49.724  39.149 0.0000000000
44927  38.345  -49.386  38.481 0.0000000000
44994  28.455  -48.973  34.470 0.0000000000
66630  53.472  -30.831  26.694 0.0000000000
66631  52.784  -30.791  26.343 0.0000000000
65579  52.443  -31.728  26.224 0.0000000000
65580  51.696  -31.697  25.791 0.0000000000
64477  50.713  -32.598  25.255 0.0000000000
44893  28.373  -49.495  40.790 0.0000000000
44869  27.342  -49.972  42.884 0.0000000000
46054  25.794  -49.011  47.044 0.0000000000
43610  24.595  -50.169  46.444 0.0000000000
42438  23.430  -51.539  45.269 0.0000000000
41253  23.151  -52.671  45.832 0.0000000000
41243  23.391  -52.792  46.819 0.0000000000
39159  22.864  -54.310  46.387 0.0000000000
40166  23.374  -53.683  47.443 0.0000000000
41169  40.545  -51.856  49.725 0.0000000000
38011  38.261  -55.044  48.145 0.0000000000
40152  39.471  -53.923  48.558 0.0000000000
38021  38.678  -55.193  47.800 0.0000000000
38031  39.105  -55.111  47.511 0.0000000000
38033  37.529  -55.093  47.068 0.0000000000
39156  36.451  -54.862  46.282 0.0000000000
38034  36.527  -55.154  46.779 0.0000000000
38036  34.951  -55.524  46.216 0.0000000000
38043  34.852  -55.670  45.318 0.0000000000
38044  34.111  -55.565  44.968 0.0000000000
42435  30.446  -51.909  45.819 0.0000000000
41251  30.767  -52.377  45.297 0.0000000000
41252  30.136  -51.798  44.623 0.0000000000
42478  29.592  -51.379  42.772 0.0000000000
42477  30.437  -51.428  42.105 0.0000000000
43677  30.056  -50.767  41.483 0.0000000000
43679  28.465  -50.573  42.181 0.0000000000
44880  28.733  -50.137  41.403 0.0000000000
59084  49.982  -37.654  24.675 0.0000000000
59095  49.605  -38.014  23.868 0.0000000000
56754  48.657  -39.566  21.290 0.0000000000
40083  24.805  -54.196  52.754 0.0000000000
40090  24.890  -53.882  52.122 0.0000000000
37994  24.063  -55.093  50.791 0.0000000000
37985  24.021  -55.309  51.792 0.0000000000
62239  55.838  -34.545  29.701 0.0000000000
62224  56.627  -34.300  30.813 0.0000000000
63283  55.856  -33.947  31.218 0.0000000000
63300  53.967  -34.031  30.094 0.0000000000
62163  53.152  -34.408  37.046 0.0000000000
61155  51.009  -35.253  34.800 0.0000000000
62186  51.424  -34.679  34.779 0.0000000000
62197  50.459  -34.727  33.872 0.0000000000
62203  50.072  -34.529  33.260 0.0000000000
62198  49.861  -34.982  33.552 0.0000000000
62205  48.750  -34.948  32.621 0.0000000000
61170  49.009  -35.314  33.045 0.0000000000
60121  48.446  -36.856  33.077 0.0000000000
60122  47.838  -36.640  32.505 0.0000000000
60131  46.489  -36.464  31.407 0.0000000000
59005  46.832  -36.958  31.651 0.0000000000
50970  43.743  -44.552  35.142 0.0000000000
50969  44.829  -44.592  35.626 0.0000000000
50974  43.386  -44.037  34.721 0.0000000000
53304  42.551  -42.575  33.674 0.0000000000
53303  43.252  -42.388  33.805 0.0000000000
54434  44.370  -41.935  33.991 0.0000000000
54439  43.175  -41.774  33.397 0.0000000000
55510  43.603  -40.897  33.056 0.0000000000
55511  42.678  -41.215  32.891 0.0000000000
55520  39.495  -40.906  32.162 0.0000000000
55519  40.677  -40.520  32.164 0.0000000000
55528  39.734  -40.156  31.751 0.0000000000
56644  39.952  -39.549  31.327 0.0000000000
56645  39.011  -39.730  31.305 0.0000000000
56657  38.263  -39.292  30.795 0.0000000000
54453  37.641  -41.471  32.044 0.0000000000
55530  37.735  -40.813  31.725 0.0000000000
55531  36.669  -40.804  31.419 0.0000000000
55532  35.629  -40.645  31.048 0.0000000000
54455  36.077  -41.609  31.669 0.0000000000
47488  32.355  -47.446  32.789 0.0000000000
47499  32.201  -47.781  31.868 0.0000000000
47537  32.352  -47.770  29.967 0.0000000000
47538  31.791  -47.088  29.566 0.0000000000
47549  32.507  -47.740  28.754 0.0000000000
38130  36.460  -55.429  36.759 0.0000000000
39255  36.810  -54.933  36.010 0.0000000000
39256  36.290  -55.176  35.384 0.0000000000
39264  36.098  -54.999  34.691 0.0000000000
39274  35.901  -54.651  33.947 0.0000000000
73434  60.061  -24.649  22.430 0.0000000000
74463  59.588  -23.744  22.553 0.0000000000
73444  60.062  -25.084  21.957 0.0000000000
73445  59.885  -24.876  21.533 0.0000000000
71292  59.505  -26.393  21.757 0.0000000000
44811  29.850  -49.864  46.552 0.0000000000
44812  29.420  -49.622  45.980 0.0000000000
44794  29.701  -49.250  46.713 0.0000000000
46050  29.506  -48.412  47.407 0.0000000000
47294  29.233  -47.652  48.333 0.0000000000
48479  30.307  -46.513  52.178 0.0000000000
48489  30.220  -46.754  51.154 0.0000000000
48516  28.629  -46.725  49.855 0.0000000000
47295  28.284  -47.524  48.553 0.0000000000
46011  26.675  -48.440  49.665 0.0000000000
44778  26.061  -49.277  48.689 0.0000000000
42331  35.210  -51.416  52.244 0.0000000000
42311  36.515  -50.772  52.489 0.0000000000
42349  36.156  -51.768  51.401 0.0000000000
41155  36.536  -52.065  50.876 0.0000000000
41175  35.170  -52.712  50.506 0.0000000000
40113  34.606  -53.259  50.006 0.0000000000
40137  33.254  -53.065  49.722 0.0000000000
41194  32.473  -52.602  49.375 0.0000000000
44721  32.496  -49.795  52.595 0.0000000000
43529  32.914  -50.550  52.214 0.0000000000
44731  32.469  -50.110  51.978 0.0000000000
43559  31.998  -50.544  50.016 0.0000000000
42365  32.293  -51.133  50.239 0.0000000000
42390  31.628  -51.645  48.574 0.0000000000
41229  31.029  -52.006  46.902 0.0000000000
42391  31.267  -51.242  48.208 0.0000000000
44777  30.819  -49.623  48.191 0.0000000000
43607  30.143  -50.382  46.749 0.0000000000
43608  29.839  -50.497  46.117 0.0000000000
61285  46.495  -35.645  23.696 0.0000000000
63185  53.681  -34.125  38.032 0.0000000000
62145  53.784  -34.582  38.574 0.0000000000
60056  53.935  -36.236  38.599 0.0000000000
61110  53.593  -35.498  38.240 0.0000000000
60070  53.585  -36.354  37.900 0.0000000000
60071  53.057  -36.396  37.295 0.0000000000
44843  46.386  -49.986  44.729 0.0000000000
47427  48.423  -48.185  39.281 0.0000000000
47432  48.854  -47.514  38.945 0.0000000000
47433  47.746  -47.918  38.650 0.0000000000
48673  47.608  -47.253  38.199 0.0000000000
47440  47.144  -47.493  38.140 0.0000000000
44902  45.130  -49.737  39.012 0.0000000000
44920  45.560  -49.220  38.621 0.0000000000
44921  44.583  -49.259  38.228 0.0000000000
46211  43.453  -48.230  36.920 0.0000000000
47448  44.089  -47.447  36.746 0.0000000000
48682  45.114  -46.859  36.873 0.0000000000
48688  44.154  -46.765  36.386 0.0000000000
49832  43.762  -46.204  35.970 0.0000000000
48689  43.061  -46.730  35.858 0.0000000000
48695  40.991  -46.472  34.936 0.0000000000
49839  41.702  -46.034  35.013 0.0000000000
48704  40.741  -45.902  34.585 0.0000000000
50978  40.113  -44.961  34.116 0.0000000000
49845  39.465  -45.455  34.103 0.0000000000
49850  39.148  -44.871  33.827 0.0000000000
48708  37.149  -46.265  34.136 0.0000000000
48716  36.351  -45.876  33.795 0.0000000000
46199  38.314  -48.677  37.117 0.0000000000
46217  37.830  -48.276  36.459 0.0000000000
46218  36.869  -48.240  36.591 0.0000000000
46234  34.915  -48.094  35.986 0.0000000000
47455  36.075  -47.662  35.879 0.0000000000
47465  35.441  -47.547  35.637 0.0000000000
48699  34.839  -47.135  35.142 0.0000000000
48700  34.393  -47.342  35.081 0.0000000000
48712  33.551  -47.178  34.391 0.0000000000
47475  33.562  -47.745  34.643 0.0000000000
44991  33.302  -49.426  33.717 0.0000000000
41376  30.797  -52.333  34.222 0.0000000000
41382  31.006  -53.539  33.884 0.0000000000
43780  29.574  -50.591  33.773 0.0000000000
42570  29.915  -51.219  33.816 0.0000000000
42577  29.455  -51.392  33.167 0.0000000000
41391  29.535  -52.228  32.436 0.0000000000
41404  29.667  -52.656  31.561 0.0000000000
71231  58.117  -26.461  25.299 0.0000000000
71232  57.177  -26.634  25.019 0.0000000000
70088  56.434  -27.098  25.641 0.0000000000
70090  54.152  -28.049  25.506 0.0000000000
67759  51.979  -30.006  25.429 0.0000000000
67762  51.628  -29.604  24.886 0.0000000000
44914  26.107  -48.773  39.708 0.0000000000
44831  28.194  -49.274  44.595 0.0000000000
44845  27.982  -49.491  44.050 0.0000000000
46119  27.566  -48.879  44.641 0.0000000000
44833  24.877  -49.398  45.360 0.0000000000
43653  23.367  -50.846  43.317 0.0000000000
41189  41.358  -52.119  48.846 0.0000000000
41209  41.718  -52.443  48.127 0.0000000000
40170  42.421  -53.697  46.258 0.0000000000
41227  42.426  -52.522  47.193 0.0000000000
41239  43.232  -52.528  46.234 0.0000000000
41247  43.735  -52.898  45.274 0.0000000000
40182  43.323  -53.436  45.008 0.0000000000
41261  40.164  -53.095  44.400 0.0000000000
40213  41.708  -53.477  44.170 0.0000000000
41277  41.049  -52.930  43.662 0.0000000000
41294  40.798  -52.250  42.852 0.0000000000
42452  39.065  -51.829  43.035 0.0000000000
41281  36.493  -52.678  43.523 0.0000000000
41297  35.851  -52.877  42.163 0.0000000000
40236  35.866  -54.025  41.458 0.0000000000
39175  35.732  -54.615  44.417 0.0000000000
38072  35.797  -55.599  42.584 0.0000000000
36960  36.057  -56.240  40.374 0.0000000000
38096  36.199  -55.885  40.669 0.0000000000
38103  36.435  -55.851  39.995 0.0000000000
39229  36.548  -55.143  39.762 0.0000000000
38109  36.560  -55.702  39.288 0.0000000000
38123  36.465  -55.582  37.559 0.0000000000
38117  36.079  -56.214  38.037 0.0000000000
38111  33.954  -55.893  38.603 0.0000000000
39135  33.949  -54.335  48.311 0.0000000000
39144  34.116  -54.886  47.425 0.0000000000
39158  33.156  -54.352  46.954 0.0000000000
39177  33.039  -54.458  45.105 0.0000000000
39183  32.997  -54.478  44.323 0.0000000000
39182  33.360  -54.934  43.610 0.0000000000
41265  31.256  -52.800  44.497 0.0000000000
40218  31.823  -53.168  43.998 0.0000000000
40224  33.102  -54.413  42.417 0.0000000000
40253  33.133  -54.226  40.311 0.0000000000
40254  32.807  -53.380  40.051 0.0000000000
40267  32.762  -53.510  38.961 0.0000000000
40274  32.580  -53.307  38.114 0.0000000000
41353  32.243  -52.606  37.697 0.0000000000
41361  32.256  -53.127  36.720 0.0000000000
42549  31.832  -51.600  37.423 0.0000000000
43765  31.297  -50.940  36.231 0.0000000000
44891  30.092  -49.875  40.106 0.0000000000
43719  30.582  -49.970  39.522 0.0000000000
44983  29.225  -48.732  35.646 0.0000000000
46221  28.829  -48.280  36.780 0.0000000000
61271  52.225  -35.940  24.284 0.0000000000
60244  51.558  -37.451  22.582 0.0000000000
57900  51.274  -38.220  22.557 0.0000000000
59134  50.162  -37.926  20.996 0.0000000000
57915  47.017  -39.095  21.719 0.0000000000
51863  29.473  -43.867  52.814 0.0000000000
51856  27.955  -44.317  52.984 0.0000000000
50716  27.557  -44.687  53.080 0.0000000000
49594  27.362  -45.267  53.091 0.0000000000
48470  27.264  -46.371  52.828 0.0000000000
47233  27.197  -47.037  52.638 0.0000000000
47242  27.266  -47.214  51.928 0.0000000000
44733  26.569  -49.263  51.276 0.0000000000
45974  26.868  -48.386  51.491 0.0000000000
43573  26.076  -50.025  50.258 0.0000000000
42336  26.050  -51.822  52.704 0.0000000000
42316  26.242  -51.695  53.276 0.0000000000
42335  26.408  -51.003  52.671 0.0000000000
43516  26.686  -50.434  53.440 0.0000000000
42352  26.292  -50.837  51.923 0.0000000000
42366  25.566  -51.487  50.549 0.0000000000
42380  24.712  -52.014  49.190 0.0000000000
41214  24.398  -52.509  48.917 0.0000000000
40158  23.829  -53.611  48.590 0.0000000000
39109  24.005  -54.898  49.943 0.0000000000
75437  60.293  -22.686  24.752 0.0000000000
72335  60.254  -25.512  24.750 0.0000000000
72346  61.058  -25.102  25.017 0.0000000000
71217  60.593  -26.488  26.175 0.0000000000
71218  59.603  -26.649  26.183 0.0000000000
70075  57.864  -27.271  26.563 0.0000000000
71216  61.154  -26.571  26.668 0.0000000000
70071  61.179  -27.115  27.171 0.0000000000
68922  58.784  -28.792  27.471 0.0000000000
68923  57.682  -28.738  27.532 0.0000000000
68924  56.402  -28.551  27.304 0.0000000000
67723  56.024  -29.773  27.562 0.0000000000
67724  55.156  -29.934  27.383 0.0000000000
65562  55.382  -31.678  27.265 0.0000000000
65574  54.685  -31.693  27.106 0.0000000000
64472  53.776  -32.683  26.508 0.0000000000
65560  57.293  -31.631  27.645 0.0000000000
64460  56.820  -32.746  27.743 0.0000000000
63360  54.871  -33.757  26.600 0.0000000000
62293  54.101  -34.302  26.023 0.0000000000
63371  53.740  -33.994  25.986 0.0000000000
61262  53.297  -35.458  25.172 0.0000000000
60205  53.220  -36.381  24.994 0.0000000000
59081  52.334  -37.335  24.152 0.0000000000
60206  52.840  -36.946  25.085 0.0000000000
61210  54.074  -35.428  28.167 0.0000000000
61211  53.283  -35.625  28.110 0.0000000000
60179  52.103  -36.501  26.934 0.0000000000
59067  51.637  -37.224  25.658 0.0000000000
59075  50.762  -37.420  25.396 0.0000000000
59068  51.038  -37.134  26.000 0.0000000000
61249  50.241  -35.883  26.818 0.0000000000
60197  50.346  -36.602  26.239 0.0000000000
61250  49.603  -35.724  26.587 0.0000000000
60198  49.200  -36.077  25.974 0.0000000000
64358  56.560  -32.910  34.775 0.0000000000
64360  54.708  -32.749  34.449 0.0000000000
64380  55.440  -32.861  33.792 0.0000000000
64402  54.385  -32.868  32.585 0.0000000000
64403  53.383  -32.881  32.551 0.0000000000
63287  51.322  -33.266  31.348 0.0000000000
63274  52.086  -33.101  32.101 0.0000000000
63286  52.354  -33.165  31.125 0.0000000000
63319  50.954  -33.571  29.502 0.0000000000
63347  48.458  -33.834  27.976 0.0000000000
62260  49.067  -34.079  27.788 0.0000000000
62276  48.395  -34.433  27.107 0.0000000000
61252  48.046  -35.059  26.097 0.0000000000
62294  48.116  -34.797  26.467 0.0000000000
62295  47.308  -34.418  26.278 0.0000000000
63349  46.618  -33.729  27.702 0.0000000000
62296  46.446  -34.026  26.167 0.0000000000
63375  45.946  -33.800  26.177 0.0000000000
62313  45.347  -33.895  25.243 0.0000000000
63365  45.450  -33.571  26.713 0.0000000000
62245  46.447  -34.330  29.992 0.0000000000
62263  44.241  -34.334  28.277 0.0000000000
62278  44.029  -33.959  27.566 0.0000000000
63367  43.661  -33.638  26.435 0.0000000000
57769  52.313  -39.032  35.832 0.0000000000
56602  52.025  -39.237  35.619 0.0000000000
50949  50.057  -44.401  37.206 0.0000000000
49818  50.643  -45.017  37.777 0.0000000000
52129  50.818  -43.914  37.072 0.0000000000
52145  50.321  -43.463  36.689 0.0000000000
52154  46.149  -43.556  35.643 0.0000000000
52149  46.704  -43.934  36.117 0.0000000000
54426  47.438  -41.752  35.172 0.0000000000
53290  48.688  -42.188  35.723 0.0000000000
53284  49.936  -42.559  36.225 0.0000000000
54419  49.898  -41.801  35.816 0.0000000000
54423  50.242  -41.120  35.552 0.0000000000
54424  49.331  -41.398  35.436 0.0000000000
55499  49.689  -39.749  34.310 0.0000000000
56613  49.283  -39.244  33.730 0.0000000000
57784  49.141  -38.432  33.393 0.0000000000
56619  48.423  -39.077  33.150 0.0000000000
57793  45.902  -38.708  31.936 0.0000000000
56626  46.970  -38.789  32.351 0.0000000000
57802  45.356  -38.227  31.341 0.0000000000
59007  45.786  -37.764  31.209 0.0000000000
56630  43.141  -39.779  32.123 0.0000000000
56629  44.075  -39.521  32.155 0.0000000000
59020  42.130  -37.970  30.138 0.0000000000
57816  42.655  -38.268  30.600 0.0000000000
59019  42.728  -37.762  30.078 0.0000000000
59018  43.569  -37.504  30.154 0.0000000000
60156  42.215  -36.893  29.178 0.0000000000
59041  41.142  -36.869  28.684 0.0000000000
60185  38.785  -36.738  27.627 0.0000000000
57840  36.580  -38.034  29.174 0.0000000000
57833  36.455  -38.616  29.851 0.0000000000
56675  34.304  -38.965  28.487 0.0000000000
57842  34.857  -38.512  28.579 0.0000000000
57851  34.730  -38.378  27.991 0.0000000000
52171  37.654  -44.088  33.047 0.0000000000
52176  36.946  -43.770  32.747 0.0000000000
52179  34.351  -43.808  32.052 0.0000000000
52182  35.399  -43.225  32.031 0.0000000000
52183  34.739  -43.223  31.858 0.0000000000
53320  34.488  -42.526  31.474 0.0000000000
53321  33.732  -42.570  31.143 0.0000000000
49871  31.890  -45.471  31.721 0.0000000000
49870  32.385  -44.967  32.040 0.0000000000
52199  31.751  -43.540  30.040 0.0000000000
43674  37.549  -50.819  41.068 0.0000000000
43675  36.732  -51.063  40.958 0.0000000000
42535  35.174  -51.785  38.928 0.0000000000
43717  35.600  -51.163  39.542 0.0000000000
42536  34.952  -51.621  38.221 0.0000000000
42547  34.794  -51.537  37.650 0.0000000000
40290  36.637  -53.804  35.540 0.0000000000
40286  36.222  -53.358  36.413 0.0000000000
40291  36.297  -53.154  35.892 0.0000000000
42566  35.600  -52.074  35.044 0.0000000000
42561  34.748  -51.508  35.751 0.0000000000
43809  36.517  -51.714  31.479 0.0000000000
43793  35.467  -51.242  32.475 0.0000000000
43810  35.831  -51.269  31.726 0.0000000000
39267  32.311  -55.000  34.129 0.0000000000
39277  32.390  -54.719  33.268 0.0000000000
39290  33.171  -54.403  32.904 0.0000000000
40314  34.194  -53.772  32.485 0.0000000000
40329  35.118  -53.051  31.410 0.0000000000
41400  32.853  -52.768  31.179 0.0000000000
41417  35.558  -52.769  30.279 0.0000000000
40348  35.920  -53.142  30.851 0.0000000000
40347  36.203  -53.021  30.612 0.0000000000
41397  36.724  -52.585  31.053 0.0000000000
41453  36.698  -52.180  28.416 0.0000000000
42618  36.789  -52.017  29.227 0.0000000000
43851  35.896  -50.791  29.535 0.0000000000
76585  57.438  -21.730  21.597 0.0000000000
71248  57.030  -26.575  24.129 0.0000000000
71269  58.731  -26.226  23.405 0.0000000000
71285  55.677  -25.912  22.389 0.0000000000
71284  56.732  -26.269  22.173 0.0000000000
50713  30.824  -44.925  53.709 0.0000000000
41292  42.886  -52.783  42.875 0.0000000000
42467  43.651  -52.361  42.331 0.0000000000
42468  42.625  -52.296  42.157 0.0000000000
42488  43.360  -51.943  41.555 0.0000000000
42503  43.133  -51.457  40.859 0.0000000000
43690  42.841  -50.900  40.107 0.0000000000
43691  41.814  -50.754  40.071 0.0000000000
43712  40.431  -50.209  39.629 0.0000000000
44906  39.914  -49.815  39.072 0.0000000000
43713  39.440  -50.100  39.770 0.0000000000
43714  38.422  -50.022  39.816 0.0000000000
64475  52.196  -32.716  25.986 0.0000000000
63374  51.134  -33.459  25.294 0.0000000000
44795  26.017  -49.142  48.188 0.0000000000
41171  38.911  -52.228  50.140 0.0000000000
41192  39.208  -52.736  49.539 0.0000000000
40131  38.568  -53.375  49.204 0.0000000000
39131  37.774  -54.670  48.433 0.0000000000
38012  37.344  -55.111  48.063 0.0000000000
38013  36.405  -55.161  47.929 0.0000000000
38025  35.035  -55.374  47.194 0.0000000000
38026  34.402  -55.296  46.634 0.0000000000
41267  29.993  -51.715  44.221 0.0000000000
42444  29.481  -51.343  44.226 0.0000000000
42457  29.463  -51.470  43.473 0.0000000000
42479  29.022  -51.286  43.072 0.0000000000
43659  29.038  -51.028  42.489 0.0000000000
57883  49.333  -38.227  23.370 0.0000000000
59096  48.747  -37.773  23.534 0.0000000000
63269  58.133  -33.335  31.922 0.0000000000
63282  56.850  -34.110  31.330 0.0000000000
63270  57.490  -33.727  32.168 0.0000000000
63252  57.243  -33.417  33.105 0.0000000000
61133  52.109  -35.657  36.179 0.0000000000
61144  51.356  -35.716  35.380 0.0000000000
61156  50.440  -35.763  34.546 0.0000000000
61165  49.405  -35.815  33.676 0.0000000000
61157  49.895  -36.342  34.254 0.0000000000
60118  49.011  -36.933  33.590 0.0000000000
58990  48.776  -37.691  33.180 0.0000000000
50976  41.809  -44.559  34.414 0.0000000000
52162  42.281  -43.829  34.272 0.0000000000
52166  41.938  -43.276  33.883 0.0000000000
53305  41.630  -42.642  33.462 0.0000000000
54441  41.343  -41.983  33.084 0.0000000000
54445  41.751  -41.486  32.844 0.0000000000
54447  40.097  -41.569  32.617 0.0000000000
55521  38.543  -41.144  32.110 0.0000000000
54449  38.105  -41.838  32.322 0.0000000000
54450  37.276  -42.039  32.171 0.0000000000
38132  34.701  -55.811  35.911 0.0000000000
38138  35.429  -55.454  35.269 0.0000000000
38139  34.359  -55.587  35.170 0.0000000000
75459  59.013  -22.414  23.649 0.0000000000
74462  60.119  -24.151  22.892 0.0000000000
71281  59.402  -26.093  22.664 0.0000000000
44758  30.942  -49.023  48.893 0.0000000000
46049  30.293  -48.939  47.768 0.0000000000
47274  30.300  -47.743  49.326 0.0000000000
48490  29.425  -46.113  51.519 0.0000000000
48503  27.934  -46.569  50.681 0.0000000000
47259  26.944  -47.733  50.704 0.0000000000
42313  34.811  -51.029  52.851 0.0000000000
41144  34.729  -51.818  51.743 0.0000000000
41176  34.417  -52.704  50.642 0.0000000000
41145  34.101  -51.737  51.791 0.0000000000
41159  33.614  -51.950  51.326 0.0000000000
41160  33.168  -51.798  51.004 0.0000000000
44732  31.997  -49.417  51.624 0.0000000000
44743  31.808  -49.597  50.386 0.0000000000
44776  31.294  -50.345  48.628 0.0000000000
44757  31.437  -49.662  49.330 0.0000000000
43647  47.132  -50.308  42.890 0.0000000000
44857  47.696  -49.417  43.356 0.0000000000
46130  48.398  -48.566  43.319 0.0000000000
47413  49.853  -47.837  41.340 0.0000000000
47412  50.324  -47.352  40.823 0.0000000000
46167  49.154  -48.280  40.386 0.0000000000
46168  48.614  -48.521  39.943 0.0000000000
46178  47.590  -48.606  38.996 0.0000000000
44944  42.923  -49.291  37.654 0.0000000000
44943  43.760  -49.094  37.697 0.0000000000
46195  42.409  -48.892  37.028 0.0000000000
46212  42.835  -48.299  36.639 0.0000000000
47450  42.474  -47.631  36.074 0.0000000000
48690  42.399  -47.083  35.745 0.0000000000
47458  41.989  -47.298  35.692 0.0000000000
47460  40.512  -47.309  35.276 0.0000000000
48696  39.981  -46.866  34.835 0.0000000000
48706  39.135  -46.582  34.475 0.0000000000
48697  39.453  -47.031  34.837 0.0000000000
47471  38.358  -47.112  34.816 0.0000000000
47463  37.664  -47.555  35.515 0.0000000000
46235  34.274  -48.552  35.721 0.0000000000
46236  33.690  -48.608  34.966 0.0000000000
43778  33.756  -50.123  34.007 0.0000000000
42562  31.329  -51.804  35.452 0.0000000000
42568  31.001  -51.986  34.661 0.0000000000
66640  50.825  -31.199  25.061 0.0000000000
44896  25.382  -49.287  40.338 0.0000000000
46121  26.280  -48.706  44.935 0.0000000000
43642  23.544  -50.861  44.448 0.0000000000
40163  40.707  -54.093  47.744 0.0000000000
40149  41.705  -53.178  47.469 0.0000000000
39140  41.218  -54.440  46.893 0.0000000000
39151  41.576  -54.371  46.318 0.0000000000
39163  41.616  -54.340  45.714 0.0000000000
40184  41.827  -54.117  45.236 0.0000000000
40185  41.053  -54.164  45.338 0.0000000000
40200  40.540  -53.677  44.930 0.0000000000
41262  39.042  -52.870  44.642 0.0000000000
41279  38.500  -52.294  43.883 0.0000000000
41264  36.911  -52.884  44.327 0.0000000000
36919  35.302  -56.349  43.207 0.0000000000
36934  35.597  -56.201  42.866 0.0000000000
36947  35.133  -56.587  41.697 0.0000000000
36955  35.072  -56.617  40.809 0.0000000000
36967  35.452  -56.568  39.397 0.0000000000
36975  35.138  -56.540  38.886 0.0000000000
36968  34.916  -56.567  39.398 0.0000000000
38105  33.965  -55.840  39.576 0.0000000000
39231  33.412  -54.990  39.351 0.0000000000
40190  32.423  -53.861  45.466 0.0000000000
41299  31.470  -52.391  42.574 0.0000000000
42537  32.142  -51.932  38.426 0.0000000000
42548  32.053  -51.915  37.834 0.0000000000
44932  29.509  -49.001  39.041 0.0000000000
46182  29.061  -48.632  38.647 0.0000000000
46202  29.014  -48.388  37.776 0.0000000000
46203  28.181  -48.160  37.545 0.0000000000
60227  52.210  -37.227  23.658 0.0000000000
59111  51.737  -37.797  22.748 0.0000000000
56753  49.494  -39.071  21.619 0.0000000000
56765  49.270  -39.497  20.671 0.0000000000
45956  27.085  -47.951  52.726 0.0000000000
44723  27.005  -48.625  52.612 0.0000000000
41135  25.981  -52.453  53.510 0.0000000000
41147  25.686  -52.491  52.353 0.0000000000
41161  25.425  -52.445  51.251 0.0000000000
41197  24.776  -52.495  49.805 0.0000000000
73397  61.170  -24.731  25.227 0.0000000000
73388  61.256  -24.791  25.947 0.0000000000
72325  61.126  -25.989  26.044 0.0000000000
68935  60.356  -28.099  27.269 0.0000000000
66611  56.674  -30.724  27.640 0.0000000000
63345  56.579  -33.428  28.153 0.0000000000
62291  55.015  -34.226  26.751 0.0000000000
62306  54.136  -35.199  25.807 0.0000000000
61260  54.213  -35.472  26.073 0.0000000000
61248  53.860  -36.001  26.292 0.0000000000
62256  52.902  -35.077  28.544 0.0000000000
61212  52.506  -35.479  28.074 0.0000000000
60180  51.139  -36.286  26.933 0.0000000000
61230  50.707  -35.625  27.273 0.0000000000
62274  50.331  -34.794  27.545 0.0000000000
64338  55.821  -32.712  35.644 0.0000000000
64339  54.756  -32.768  35.358 0.0000000000
64340  54.115  -32.843  34.920 0.0000000000
63257  51.133  -34.012  33.538 0.0000000000
63320  49.850  -33.526  29.621 0.0000000000
63348  47.606  -33.804  27.749 0.0000000000
62231  45.863  -35.138  30.443 0.0000000000
62246  45.434  -34.706  29.651 0.0000000000
61213  44.231  -35.027  29.041 0.0000000000
62264  43.520  -34.662  28.115 0.0000000000
61233  43.126  -34.923  28.080 0.0000000000
61234  42.561  -35.090  27.771 0.0000000000
55484  53.017  -40.645  36.670 0.0000000000
56594  51.875  -40.120  35.794 0.0000000000
49802  49.651  -46.153  38.289 0.0000000000
49801  50.485  -45.796  38.527 0.0000000000
50950  48.996  -44.929  37.317 0.0000000000
53298  45.568  -42.275  34.691 0.0000000000
53292  46.741  -42.542  35.358 0.0000000000
53297  46.217  -42.171  34.950 0.0000000000
54430  47.885  -41.189  34.852 0.0000000000
55495  48.846  -40.773  34.863 0.0000000000
55501  48.058  -40.507  34.353 0.0000000000
56615  47.700  -39.954  33.740 0.0000000000
56620  47.359  -39.363  33.003 0.0000000000
56643  41.141  -39.437  31.469 0.0000000000
57806  41.890  -38.952  31.211 0.0000000000
57828  41.004  -37.840  29.744 0.0000000000
59042  40.572  -37.086  28.705 0.0000000000
59043  39.728  -37.245  28.635 0.0000000000
60170  39.233  -36.977  28.221 0.0000000000
59056  38.279  -36.953  27.824 0.0000000000
59058  36.714  -37.520  27.954 0.0000000000
56659  36.110  -39.568  30.466 0.0000000000
56666  35.857  -38.913  29.908 0.0000000000
56667  35.151  -39.013  29.543 0.0000000000
50986  36.418  -45.017  33.083 0.0000000000
50989  36.209  -44.518  32.818 0.0000000000
49860  35.574  -44.800  32.849 0.0000000000
50991  34.434  -44.425  32.426 0.0000000000
50998  33.795  -44.129  32.135 0.0000000000
48740  31.431  -46.358  30.226 0.0000000000
49897  31.205  -45.447  29.929 0.0000000000
42496  35.793  -52.051  40.948 0.0000000000
42507  36.064  -51.525  40.775 0.0000000000
42508  35.703  -51.725  40.379 0.0000000000
42521  35.435  -51.901  39.738 0.0000000000
41343  35.343  -52.567  38.015 0.0000000000
41366  36.694  -53.320  34.726 0.0000000000
41381  36.549  -52.565  33.450 0.0000000000
42582  36.657  -52.235  32.135 0.0000000000
39278  31.700  -54.442  32.929 0.0000000000
39291  32.299  -54.342  32.700 0.0000000000
41441  33.965  -52.075  29.801 0.0000000000
41439  35.917  -52.616  29.085 0.0000000000
71250  54.953  -26.637  24.133 0.0000000000
60229  50.590  -36.424  22.982 0.0000000000
62333  50.257  -35.220  23.849 0.0000000000
60230  49.972  -36.138  22.833 0.0000000000
47231  31.136  -47.582  52.394 0.0000000000
48469  30.109  -45.912  53.159 0.0000000000
44710  32.151  -48.838  53.541 0.0000000000
45930  32.079  -48.052  54.303 0.0000000000
45941  31.836  -48.261  53.501 0.0000000000
43622  44.770  -51.218  45.416 0.0000000000
43637  45.626  -50.934  44.518 0.0000000000
43649  45.822  -51.214  43.805 0.0000000000
43648  46.473  -50.769  43.355 0.0000000000
42466  44.697  -52.204  42.779 0.0000000000
42465  45.588  -51.667  42.746 0.0000000000
43657  46.467  -50.974  42.542 0.0000000000
43656  47.161  -50.435  41.992 0.0000000000
43668  47.135  -50.172  41.090 0.0000000000
44890  47.197  -49.660  40.218 0.0000000000
43707  45.691  -50.086  39.656 0.0000000000
43708  44.695  -50.344  39.551 0.0000000000
44903  44.278  -49.894  38.848 0.0000000000
43731  43.022  -49.976  38.645 0.0000000000
44923  42.595  -49.748  38.246 0.0000000000
44945  41.989  -49.392  37.641 0.0000000000
46197  40.396  -48.804  36.991 0.0000000000
46198  39.345  -48.717  37.063 0.0000000000
44949  37.793  -48.981  37.849 0.0000000000
44950  36.700  -49.077  37.836 0.0000000000
44992  30.147  -50.131  34.709 0.0000000000
45001  29.287  -50.120  33.739 0.0000000000
45003  27.915  -49.586  33.556 0.0000000000
68939  53.700  -29.224  26.314 0.0000000000
67741  53.168  -30.117  26.391 0.0000000000
65583  50.450  -31.714  24.997 0.0000000000
44883  25.535  -49.476  41.341 0.0000000000
46076  25.958  -48.740  46.445 0.0000000000
44815  25.058  -49.444  46.064 0.0000000000
42437  23.750  -50.925  45.363 0.0000000000
40193  22.929  -53.341  45.761 0.0000000000
40129  39.920  -53.366  48.779 0.0000000000
40151  40.312  -53.750  48.302 0.0000000000
39142  39.606  -54.881  47.687 0.0000000000
39153  39.446  -54.810  46.837 0.0000000000
40174  37.887  -54.316  46.317 0.0000000000
40189  36.858  -53.975  45.589 0.0000000000
39155  37.141  -54.558  46.367 0.0000000000
39167  36.252  -54.511  45.595 0.0000000000
39168  35.641  -54.961  45.128 0.0000000000
38042  35.523  -55.266  45.687 0.0000000000
38048  35.351  -55.418  44.748 0.0000000000
38058  34.701  -56.221  43.384 0.0000000000
38059  33.913  -55.780  43.032 0.0000000000
40192  31.218  -52.657  46.119 0.0000000000
41285  30.871  -52.174  43.250 0.0000000000
41300  30.823  -51.926  42.666 0.0000000000
42511  30.930  -50.762  40.429 0.0000000000
43700  30.339  -50.372  40.545 0.0000000000
59083  51.110  -37.971  24.334 0.0000000000
56741  49.659  -38.975  21.994 0.0000000000
62253  55.575  -34.481  28.602 0.0000000000
62254  55.173  -34.924  28.807 0.0000000000
62240  55.063  -34.923  29.268 0.0000000000
61196  54.269  -35.224  28.751 0.0000000000
62213  56.424  -34.277  31.005 0.0000000000
62227  54.729  -34.550  29.851 0.0000000000
62241  54.164  -34.846  29.278 0.0000000000
63316  53.658  -34.482  29.457 0.0000000000
63317  53.095  -34.207  29.463 0.0000000000
63206  53.239  -33.824  36.335 0.0000000000
63223  52.608  -34.057  35.476 0.0000000000
62174  52.185  -34.714  35.815 0.0000000000
62185  52.032  -34.439  35.166 0.0000000000
63239  51.450  -34.235  34.218 0.0000000000
63258  50.457  -34.299  33.319 0.0000000000
62215  48.501  -34.525  31.954 0.0000000000
62216  47.723  -34.878  31.791 0.0000000000
62217  47.128  -35.004  31.427 0.0000000000
61171  48.463  -35.815  32.916 0.0000000000
61172  47.722  -35.698  32.254 0.0000000000
61180  46.746  -35.630  31.455 0.0000000000
61186  46.144  -35.738  31.031 0.0000000000
60141  45.250  -36.471  30.470 0.0000000000
60142  44.888  -36.861  30.327 0.0000000000
53266  52.595  -42.505  37.656 0.0000000000
50965  45.170  -45.154  36.108 0.0000000000
50968  45.531  -44.092  35.659 0.0000000000
52159  44.718  -43.327  34.889 0.0000000000
52161  43.101  -43.526  34.379 0.0000000000
53299  44.684  -42.617  34.499 0.0000000000
54437  44.739  -41.267  33.755 0.0000000000
55509  44.850  -40.408  33.240 0.0000000000
56631  42.175  -40.004  32.082 0.0000000000
55518  41.889  -40.840  32.500 0.0000000000
56632  41.485  -40.176  32.096 0.0000000000
56655  40.127  -38.988  30.867 0.0000000000
57820  38.419  -38.682  30.298 0.0000000000
56658  37.320  -39.472  30.721 0.0000000000
56647  37.065  -40.132  31.112 0.0000000000
55540  35.381  -40.105  30.556 0.0000000000
55533  34.609  -41.077  30.878 0.0000000000
49857  33.047  -46.084  33.400 0.0000000000
48724  32.207  -46.470  32.562 0.0000000000
48725  31.882  -46.406  31.905 0.0000000000
47500  31.898  -47.118  31.440 0.0000000000
48732  31.588  -46.376  31.151 0.0000000000
40279  36.528  -54.305  37.612 0.0000000000
40303  36.671  -53.960  33.563 0.0000000000
41402  30.996  -53.263  31.156 0.0000000000
41401  31.812  -53.074  31.145 0.0000000000
42600  32.728  -51.784  29.868 0.0000000000
42621  32.173  -51.579  29.496 0.0000000000
42620  33.332  -51.722  29.324 0.0000000000
75477  58.029  -22.051  22.638 0.0000000000
75476  58.705  -22.733  22.920 0.0000000000
75484  58.470  -22.911  21.804 0.0000000000
74473  59.450  -24.134  21.544 0.0000000000
72387  60.037  -25.781  21.285 0.0000000000
71294  57.841  -26.657  21.321 0.0000000000
71275  52.623  -26.971  23.307 0.0000000000
43640  28.394  -50.013  44.083 0.0000000000
44829  29.121  -49.868  45.301 0.0000000000
44813  28.966  -49.366  45.520 0.0000000000
46096  28.676  -49.099  45.426 0.0000000000
46073  28.816  -48.754  46.115 0.0000000000
46051  28.372  -48.056  47.013 0.0000000000
47241  30.705  -47.359  50.899 0.0000000000
48500  30.253  -47.085  50.442 0.0000000000
47257  30.077  -47.237  49.871 0.0000000000
47275  29.567  -47.273  49.312 0.0000000000
47314  27.891  -47.839  47.847 0.0000000000
46030  27.107  -48.168  48.088 0.0000000000
44779  25.692  -49.723  48.580 0.0000000000
44760  25.691  -50.091  49.163 0.0000000000
42348  36.914  -51.581  51.452 0.0000000000
41173  36.959  -52.554  50.275 0.0000000000
40134  35.862  -53.748  49.242 0.0000000000
39120  35.373  -54.337  48.779 0.0000000000
40135  34.928  -53.782  49.340 0.0000000000
39122  33.972  -54.062  48.778 0.0000000000
40154  33.607  -53.932  48.686 0.0000000000
40114  33.882  -53.084  50.152 0.0000000000
39136  33.417  -53.998  48.383 0.0000000000
40165  31.974  -53.177  47.951 0.0000000000
43528  33.380  -50.682  52.542 0.0000000000
42351  33.191  -51.309  51.616 0.0000000000
42364  32.680  -51.483  50.630 0.0000000000
43558  32.342  -50.804  50.621 0.0000000000
42377  32.592  -52.048  50.033 0.0000000000
41195  32.050  -52.133  49.007 0.0000000000
41213  31.906  -52.578  48.482 0.0000000000
41241  31.255  -52.445  46.786 0.0000000000
42421  30.388  -51.340  46.434 0.0000000000
43585  31.062  -50.722  48.091 0.0000000000
60232  47.275  -36.703  23.388 0.0000000000
60248  46.772  -37.257  22.681 0.0000000000
59116  46.282  -37.742  22.219 0.0000000000
64314  56.931  -32.406  36.927 0.0000000000
64295  55.085  -32.775  37.456 0.0000000000
64277  55.247  -32.746  38.495 0.0000000000
62153  52.997  -35.003  37.170 0.0000000000
61120  52.734  -35.640  36.922 0.0000000000
60089  52.553  -36.468  36.730 0.0000000000
60090  52.080  -36.666  36.232 0.0000000000
58961  52.089  -37.538  36.046 0.0000000000
48671  49.521  -46.869  38.749 0.0000000000
49803  49.088  -46.450  38.259 0.0000000000
48679  47.959  -46.281  37.749 0.0000000000
49822  46.455  -46.120  37.098 0.0000000000
44900  46.911  -49.375  39.501 0.0000000000
44919  46.310  -49.148  38.862 0.0000000000
46180  46.063  -48.651  38.364 0.0000000000
44942  44.282  -48.855  37.716 0.0000000000
46191  45.533  -48.359  37.955 0.0000000000
47435  46.051  -48.065  37.986 0.0000000000
47441  46.448  -47.494  37.833 0.0000000000
49823  45.800  -46.424  36.939 0.0000000000
49830  45.542  -45.802  36.535 0.0000000000
49831  44.469  -45.693  36.026 0.0000000000
49837  43.415  -45.640  35.526 0.0000000000
50971  43.049  -45.054  35.158 0.0000000000
48694  42.079  -46.592  35.393 0.0000000000
49838  42.389  -45.565  35.080 0.0000000000
49842  42.076  -45.038  34.702 0.0000000000
50977  40.812  -44.528  34.131 0.0000000000
50981  40.437  -43.982  33.805 0.0000000000
52169  39.238  -43.598  33.367 0.0000000000
52174  38.650  -43.263  33.065 0.0000000000
50983  38.839  -44.433  33.565 0.0000000000
50984  38.005  -44.659  33.349 0.0000000000
49852  37.578  -45.540  33.631 0.0000000000
49846  38.435  -45.914  34.033 0.0000000000
49853  36.680  -45.404  33.385 0.0000000000
48717  35.385  -45.955  33.961 0.0000000000
46232  38.354  -47.945  35.914 0.0000000000
47454  36.697  -47.778  36.006 0.0000000000
47464  36.487  -47.174  35.270 0.0000000000
48710  35.054  -46.553  34.628 0.0000000000
48718  34.337  -46.156  34.112 0.0000000000
48719  33.353  -46.646  33.984 0.0000000000
47480  32.833  -47.456  33.686 0.0000000000
46257  32.781  -48.359  33.261 0.0000000000
46246  33.173  -48.540  34.118 0.0000000000
46256  33.048  -48.909  33.508 0.0000000000
45000  32.832  -48.734  32.671 0.0000000000
45010  33.410  -49.443  31.912 0.0000000000
40292  32.172  -54.082  35.625 0.0000000000
39258  32.497  -55.051  35.117 0.0000000000
40299  31.450  -54.172  34.222 0.0000000000
40317  31.245  -53.984  32.379 0.0000000000
40333  30.887  -53.581  31.740 0.0000000000
41384  29.869  -52.088  33.128 0.0000000000
40334  30.645  -53.452  31.759 0.0000000000
71268  59.433  -25.842  23.605 0.0000000000
71246  58.838  -26.107  24.403 0.0000000000
70107  55.179  -26.926  24.596 0.0000000000
68957  53.481  -28.819  25.782 0.0000000000
68972  53.084  -28.486  25.078 0.0000000000
70110  52.471  -28.079  24.256 0.0000000000
44858  27.585  -49.694  43.500 0.0000000000
44859  26.712  -49.292  43.402 0.0000000000
43652  23.989  -50.093  42.682 0.0000000000
43662  23.970  -50.082  41.650 0.0000000000
42389  42.463  -51.643  47.992 0.0000000000
42403  44.052  -51.102  46.418 0.0000000000
43606  44.653  -50.774  46.111 0.0000000000
42434  44.596  -51.816  45.119 0.0000000000
41259  43.926  -53.074  44.504 0.0000000000
41274  43.885  -53.088  43.822 0.0000000000
40198  42.168  -53.800  44.711 0.0000000000
40212  42.574  -53.502  44.097 0.0000000000
41275  43.128  -53.200  43.547 0.0000000000
41293  41.848  -52.602  42.833 0.0000000000
42492  39.047  -51.022  41.653 0.0000000000
42471  39.584  -51.418  42.249 0.0000000000
42472  38.548  -51.398  42.402 0.0000000000
42473  37.527  -51.508  42.428 0.0000000000
42454  37.053  -52.007  43.073 0.0000000000
42474  36.481  -51.895  42.323 0.0000000000
42475  35.946  -52.202  41.619 0.0000000000
41304  35.804  -52.919  41.142 0.0000000000
40203  36.765  -53.571  45.027 0.0000000000
40204  36.097  -53.804  44.482 0.0000000000
40215  35.938  -53.692  43.644 0.0000000000
39193  35.891  -54.854  42.142 0.0000000000
39222  36.206  -54.676  40.531 0.0000000000
40264  36.503  -54.580  39.283 0.0000000000
39245  36.685  -55.074  37.995 0.0000000000
38118  35.016  -56.357  38.042 0.0000000000
38125  34.890  -56.069  36.840 0.0000000000
38126  33.906  -55.844  36.556 0.0000000000
39251  33.246  -55.307  36.284 0.0000000000
39134  34.869  -54.833  48.129 0.0000000000
39143  34.767  -55.084  47.614 0.0000000000
39169  33.612  -54.983  45.492 0.0000000000
39194  33.440  -55.132  42.636 0.0000000000
40217  32.593  -53.847  43.557 0.0000000000
41298  32.082  -53.059  42.904 0.0000000000
39210  33.493  -55.141  41.669 0.0000000000
39232  33.083  -54.399  38.786 0.0000000000
39247  32.866  -54.527  36.839 0.0000000000
40287  32.441  -53.947  36.431 0.0000000000
41354  32.032  -52.093  37.484 0.0000000000
42556  31.661  -51.740  36.494 0.0000000000
43766  30.822  -50.228  35.889 0.0000000000
44931  30.225  -49.348  38.741 0.0000000000
44984  28.508  -48.639  35.186 0.0000000000
46238  28.055  -48.376  35.632 0.0000000000
62320  51.830  -35.155  24.659 0.0000000000
59126  50.618  -37.871  21.495 0.0000000000
59097  47.911  -37.509  23.212 0.0000000000
56755  47.713  -39.499  21.535 0.0000000000
51854  29.589  -44.253  53.090 0.0000000000
49624  27.757  -45.901  52.344 0.0000000000
45973  27.101  -47.939  51.945 0.0000000000
45993  26.680  -48.492  50.598 0.0000000000
43586  25.317  -50.562  48.913 0.0000000000
44712  26.839  -49.680  53.288 0.0000000000
43544  26.480  -50.172  51.902 0.0000000000
42392  24.996  -51.108  48.833 0.0000000000
42393  24.624  -51.534  48.504 0.0000000000
40157  24.140  -53.088  48.855 0.0000000000
39124  23.837  -54.607  49.333 0.0000000000
75457  60.329  -23.244  24.118 0.0000000000
74438  60.722  -23.836  24.556 0.0000000000
72347  60.607  -25.092  24.390 0.0000000000
71230  59.137  -26.160  25.374 0.0000000000
72334  60.749  -25.671  25.398 0.0000000000
71220  57.936  -26.751  26.006 0.0000000000
70076  56.709  -27.570  26.548 0.0000000000
68936  56.050  -27.981  26.729 0.0000000000
73369  61.093  -24.764  26.922 0.0000000000
70073  60.052  -27.642  26.901 0.0000000000
70054  59.803  -28.083  27.177 0.0000000000
70055  59.332  -28.030  27.224 0.0000000000
67739  54.447  -29.901  27.112 0.0000000000
66613  54.894  -30.800  27.316 0.0000000000
63372  52.972  -33.741  25.848 0.0000000000
65559  58.221  -31.491  27.832 0.0000000000
64470  55.174  -33.280  26.797 0.0000000000
64471  54.706  -32.743  26.744 0.0000000000
61269  53.338  -35.954  24.941 0.0000000000
60217  52.548  -36.759  24.258 0.0000000000
59092  52.241  -37.377  23.865 0.0000000000
59082  52.022  -37.795  24.050 0.0000000000
60178  53.081  -36.361  26.632 0.0000000000
59066  52.261  -37.230  25.220 0.0000000000
60219  49.289  -37.322  24.681 0.0000000000
60209  48.413  -36.093  25.343 0.0000000000
63235  57.051  -33.185  34.023 0.0000000000
63253  56.299  -33.186  33.370 0.0000000000
64379  56.129  -32.969  34.160 0.0000000000
63273  54.748  -33.057  32.026 0.0000000000
63285  53.438  -33.249  31.030 0.0000000000
63301  52.772  -33.584  30.169 0.0000000000
64361  53.831  -32.849  34.254 0.0000000000
63256  52.223  -33.276  33.207 0.0000000000
63255  52.899  -33.061  33.408 0.0000000000
64382  53.534  -32.859  33.358 0.0000000000
64420  52.954  -32.938  31.861 0.0000000000
63333  51.336  -33.918  28.694 0.0000000000
62259  49.888  -34.025  27.893 0.0000000000
62275  49.462  -34.624  27.400 0.0000000000
61232  49.221  -35.072  26.903 0.0000000000
61263  48.317  -35.506  25.851 0.0000000000
60210  47.784  -35.785  25.057 0.0000000000
61273  47.296  -35.493  24.757 0.0000000000
62323  46.858  -35.116  24.617 0.0000000000
63306  47.592  -34.102  30.506 0.0000000000
63323  46.725  -33.947  29.412 0.0000000000
63338  45.949  -33.787  28.343 0.0000000000
62262  45.254  -34.178  28.787 0.0000000000
63339  45.150  -33.831  28.106 0.0000000000
63366  44.577  -33.549  26.549 0.0000000000
57737  53.234  -37.697  36.965 0.0000000000
57759  52.053  -38.116  35.844 0.0000000000
58984  51.396  -38.181  35.131 0.0000000000
52143  51.813  -43.274  37.124 0.0000000000
53282  51.871  -42.555  36.786 0.0000000000
50963  46.987  -44.533  36.505 0.0000000000
52148  47.477  -43.814  36.339 0.0000000000
52147  48.429  -43.510  36.437 0.0000000000
52152  47.783  -43.140  36.116 0.0000000000
52146  49.418  -43.387  36.530 0.0000000000
53283  50.942  -42.581  36.407 0.0000000000
54417  51.502  -41.552  36.256 0.0000000000
55486  51.455  -40.558  35.762 0.0000000000
55494  49.900  -40.345  34.875 0.0000000000
56604  50.664  -39.949  34.908 0.0000000000
56603  51.410  -39.574  35.241 0.0000000000
56611  50.980  -39.047  34.664 0.0000000000
57780  50.631  -38.536  34.434 0.0000000000
58985  50.915  -37.725  34.793 0.0000000000
57790  47.882  -37.991  32.398 0.0000000000
57786  47.972  -38.848  32.749 0.0000000000
57791  47.465  -38.421  32.330 0.0000000000
58997  46.939  -37.942  31.848 0.0000000000
59006  46.299  -37.407  31.388 0.0000000000
59016  45.351  -37.348  30.807 0.0000000000
59017  44.407  -37.167  30.239 0.0000000000
55515  44.521  -39.827  32.594 0.0000000000
56640  44.234  -38.958  31.653 0.0000000000
57805  42.539  -38.761  31.144 0.0000000000
57804  43.447  -38.581  31.174 0.0000000000
57803  44.318  -38.396  31.198 0.0000000000
57814  44.367  -37.833  30.733 0.0000000000
59028  43.533  -36.937  29.639 0.0000000000
60155  42.751  -36.603  29.150 0.0000000000
60168  40.625  -36.556  28.140 0.0000000000
57832  37.546  -38.181  29.607 0.0000000000
59046  36.708  -37.765  28.664 0.0000000000
59059  36.048  -37.763  28.257 0.0000000000
57841  35.566  -38.264  28.874 0.0000000000
52175  37.955  -43.381  32.898 0.0000000000
53314  37.574  -42.717  32.546 0.0000000000
52177  35.920  -43.638  32.366 0.0000000000
53316  35.897  -42.902  32.070 0.0000000000
53318  36.131  -42.357  31.961 0.0000000000
54464  33.812  -41.516  30.628 0.0000000000
50999  32.931  -44.353  31.973 0.0000000000
52185  32.945  -43.693  31.400 0.0000000000
51013  32.397  -44.109  31.356 0.0000000000
52197  33.192  -43.130  31.172 0.0000000000
53328  33.083  -42.547  30.741 0.0000000000
43673  38.486  -50.722  41.077 0.0000000000
43695  37.959  -50.362  40.472 0.0000000000
43697  36.147  -51.091  40.320 0.0000000000
43716  36.262  -50.355  39.414 0.0000000000
43734  35.765  -50.131  38.756 0.0000000000
43751  35.149  -50.146  38.040 0.0000000000
40280  36.087  -53.481  37.312 0.0000000000
41351  35.611  -52.787  37.008 0.0000000000
41360  35.233  -52.355  36.746 0.0000000000
41367  36.185  -52.829  35.395 0.0000000000
42554  35.244  -52.247  36.403 0.0000000000
42555  34.788  -51.709  36.754 0.0000000000
43764  34.440  -50.658  36.559 0.0000000000
43771  34.142  -50.552  35.476 0.0000000000
43777  34.247  -50.774  34.356 0.0000000000
43783  34.410  -50.741  33.426 0.0000000000
42584  35.145  -51.180  32.959 0.0000000000
43811  34.659  -50.293  31.327 0.0000000000
43827  35.021  -50.321  30.464 0.0000000000
39289  34.042  -54.410  33.135 0.0000000000
45051  35.234  -50.263  29.344 0.0000000000
71282  58.748  -26.478  22.455 0.0000000000
71271  56.865  -26.454  23.219 0.0000000000
71286  52.922  -26.509  22.998 0.0000000000
62310  50.898  -34.001  25.022 0.0000000000
36918  35.505  -56.198  43.263 0.0000000000
36935  35.200  -56.532  42.599 0.0000000000
36945  35.930  -56.076  41.378 0.0000000000
36953  35.928  -56.105  41.068 0.0000000000
36954  35.604  -56.404  40.983 0.0000000000
36961  35.590  -56.514  40.150 0.0000000000
36962  35.008  -56.602  40.003 0.0000000000
36973  36.194  -56.270  38.614 0.0000000000
36974  35.726  -56.469  38.690 0.0000000000
38010  39.061  -55.029  48.120 0.0000000000
38020  39.150  -55.149  47.816 0.0000000000
38022  37.878  -55.168  47.679 0.0000000000
38024  36.004  -55.338  47.315 0.0000000000
38032  38.487  -55.104  47.293 0.0000000000
38085  36.047  -55.850  41.262 0.0000000000
38086  35.975  -55.578  41.815 0.0000000000
38104  34.489  -56.335  39.788 0.0000000000
38116  36.506  -55.810  38.504 0.0000000000
39117  38.157  -54.058  48.739 0.0000000000
39128  40.188  -54.459  47.887 0.0000000000
39130  38.754  -54.500  48.437 0.0000000000
39150  42.131  -54.234  45.878 0.0000000000
39162  42.066  -54.202  45.566 0.0000000000
39165  40.127  -54.480  46.234 0.0000000000
39166  36.933  -54.180  45.865 0.0000000000
39208  36.181  -55.639  40.894 0.0000000000
39209  36.095  -55.188  41.225 0.0000000000
39230  36.314  -54.383  39.873 0.0000000000
40097  25.209  -52.964  51.414 0.0000000000
40110  37.315  -53.086  49.653 0.0000000000
40115  33.509  -52.782  50.247 0.0000000000
40130  39.355  -53.349  49.012 0.0000000000
40132  37.697  -53.613  49.171 0.0000000000
40162  41.341  -53.975  47.328 0.0000000000
40171  41.750  -54.051  46.764 0.0000000000
40177  31.262  -52.559  46.481 0.0000000000
40183  42.545  -53.888  45.383 0.0000000000
40197  42.913  -53.626  44.640 0.0000000000
40201  39.637  -53.428  45.076 0.0000000000
40210  43.670  -53.289  44.244 0.0000000000
40211  43.297  -53.413  44.131 0.0000000000
40318  30.620  -53.582  32.032 0.0000000000
41143  35.474  -51.799  51.611 0.0000000000
41156  35.698  -52.179  50.982 0.0000000000
41158  34.247  -52.235  51.276 0.0000000000
41174  36.016  -52.586  50.329 0.0000000000
41191  40.019  -52.694  49.293 0.0000000000
41193  38.554  -52.761  49.697 0.0000000000
41212  32.303  -53.017  48.766 0.0000000000
41228  31.442  -52.451  47.530 0.0000000000
41240  42.522  -53.078  46.636 0.0000000000
41246  44.007  -52.225  45.461 0.0000000000
41249  38.475  -53.250  45.225 0.0000000000
41257  44.914  -52.071  44.419 0.0000000000
41258  44.474  -52.376  44.678 0.0000000000
41260  40.951  -53.420  44.381 0.0000000000
41272  44.943  -52.189  44.166 0.0000000000
41282  35.984  -53.086  42.971 0.0000000000
41290  44.365  -52.605  43.431 0.0000000000
41296  36.234  -52.514  42.804 0.0000000000
41352  35.059  -52.180  37.340 0.0000000000
42330  36.169  -51.364  52.038 0.0000000000
42333  33.769  -51.201  52.201 0.0000000000
42334  33.328  -50.962  52.162 0.0000000000
42419  44.204  -51.556  45.755 0.0000000000
42433  45.088  -51.380  44.864 0.0000000000
42449  45.953  -51.336  43.112 0.0000000000
42464  46.012  -51.333  42.684 0.0000000000
42495  36.329  -51.570  41.330 0.0000000000
42592  36.478  -51.843  31.891 0.0000000000
43512  35.020  -50.548  53.298 0.0000000000
43584  31.386  -50.962  48.508 0.0000000000
43594  44.408  -50.254  47.275 0.0000000000
43624  29.028  -50.157  44.941 0.0000000000
43636  46.354  -50.464  44.186 0.0000000000
43671  44.379  -51.472  41.057 0.0000000000
43676  36.333  -51.304  40.849 0.0000000000
43686  47.164  -49.886  40.581 0.0000000000
43687  46.523  -50.110  40.301 0.0000000000
43736  34.800  -51.099  38.071 0.0000000000
44823  46.245  -49.609  45.538 0.0000000000
44830  28.693  -49.603  44.936 0.0000000000
44856  48.045  -49.057  43.106 0.0000000000
44879  29.282  -50.249  41.222 0.0000000000
44888  48.273  -49.341  41.309 0.0000000000
44901  45.983  -49.572  39.212 0.0000000000
44904  41.278  -50.077  38.937 0.0000000000
44909  37.001  -49.812  39.103 0.0000000000
44930  35.517  -49.987  38.315 0.0000000000
45031  35.389  -50.428  29.970 0.0000000000
45940  32.243  -48.630  53.928 0.0000000000
45955  31.195  -47.822  51.868 0.0000000000
46029  29.785  -48.004  48.196 0.0000000000
46129  49.086  -48.019  43.113 0.0000000000
46131  47.917  -48.937  43.555 0.0000000000
46165  48.104  -49.058  40.158 0.0000000000
46170  47.345  -48.920  39.169 0.0000000000
46171  29.062  -48.811  39.197 0.0000000000
46179  46.974  -48.712  38.793 0.0000000000
46192  44.812  -48.485  37.705 0.0000000000
46194  43.226  -48.744  37.186 0.0000000000
46233  37.810  -47.938  35.997 0.0000000000
46247  32.925  -48.047  33.827 0.0000000000
47423  49.736  -47.833  40.546 0.0000000000
47428  47.926  -48.421  39.072 0.0000000000
47431  49.451  -47.349  39.158 0.0000000000
47443  44.538  -47.728  37.141 0.0000000000
47444  43.866  -47.896  36.962 0.0000000000
47467  33.991  -48.024  35.200 0.0000000000
47470  39.067  -47.178  34.891 0.0000000000
47473  36.814  -46.701  34.663 0.0000000000
47474  34.096  -47.549  35.037 0.0000000000
47479  33.256  -47.365  34.181 0.0000000000
48444  31.600  -46.076  54.489 0.0000000000
48515  29.130  -46.901  49.622 0.0000000000
48681  46.081  -46.890  37.334 0.0000000000
48683  44.476  -47.207  36.775 0.0000000000
49607  30.279  -45.814  53.368 0.0000000000
49817  51.082  -44.742  37.782 0.0000000000
49844  40.441  -45.428  34.340 0.0000000000
49847  37.811  -46.081  34.010 0.0000000000
49864  32.085  -45.931  32.280 0.0000000000
50960  49.726  -43.855  36.808 0.0000000000
50988  36.713  -44.341  32.874 0.0000000000
52128  51.395  -43.821  37.313 0.0000000000
52155  45.243  -43.605  35.289 0.0000000000
52160  43.986  -43.541  34.671 0.0000000000
52178  35.043  -43.825  32.143 0.0000000000
53267  52.216  -42.877  37.253 0.0000000000
53286  48.314  -42.792  36.055 0.0000000000
53289  49.372  -42.135  35.883 0.0000000000
53294  45.205  -42.930  34.908 0.0000000000
53301  43.035  -42.862  34.041 0.0000000000
54400  52.833  -41.917  37.306 0.0000000000
54422  50.910  -41.059  35.810 0.0000000000
54427  46.748  -41.786  34.976 0.0000000000
54435  43.732  -42.038  33.776 0.0000000000
54442  40.680  -41.967  32.933 0.0000000000
54454  37.017  -41.445  31.854 0.0000000000
55496  48.298  -40.990  34.836 0.0000000000
55512  42.150  -41.351  32.838 0.0000000000
55534  34.135  -41.294  30.724 0.0000000000
56618  48.843  -38.794  33.247 0.0000000000
56661  34.321  -40.247  30.064 0.0000000000
57779  51.255  -38.625  34.892 0.0000000000
57801  46.024  -37.971  31.388 0.0000000000
57834  35.748  -38.650  29.577 0.0000000000
57839  37.106  -37.849  29.076 0.0000000000
58941  52.955  -37.050  37.044 0.0000000000
58972  51.524  -37.638  35.419 0.0000000000
58996  47.339  -37.446  32.054 0.0000000000
59031  40.489  -37.531  29.267 0.0000000000
59076  50.087  -37.304  25.279 0.0000000000
60114  50.269  -36.898  34.518 0.0000000000
60140  45.898  -36.529  30.983 0.0000000000
60153  44.476  -36.331  29.861 0.0000000000
60165  43.178  -35.756  28.746 0.0000000000
60166  42.753  -36.051  28.665 0.0000000000
60186  38.138  -36.861  27.528 0.0000000000
61179  47.259  -35.491  31.792 0.0000000000
61187  45.620  -35.899  30.663 0.0000000000
61195  54.586  -35.118  28.982 0.0000000000
61208  55.155  -34.897  28.405 0.0000000000
61274  46.830  -35.371  24.292 0.0000000000
62175  51.725  -34.918  35.394 0.0000000000
62187  50.854  -34.938  34.455 0.0000000000
62204  49.452  -34.751  32.959 0.0000000000
62212  56.664  -34.272  31.058 0.0000000000
62225  56.046  -34.406  30.531 0.0000000000
62228  48.102  -34.355  31.401 0.0000000000
62244  47.110  -34.263  30.447 0.0000000000
63254  55.592  -33.023  33.150 0.0000000000
63277  49.472  -34.294  32.404 0.0000000000
63290  48.536  -34.198  31.447 0.0000000000
63298  55.598  -34.291  30.572 0.0000000000
63352  44.019  -33.751  27.092 0.0000000000
63364  46.405  -33.754  26.783 0.0000000000
63376  45.262  -33.651  25.847 0.0000000000
64383  52.922  -32.965  33.035 0.0000000000
64418  54.425  -33.011  31.929 0.0000000000
67757  53.334  -29.522  26.214 0.0000000000
68926  54.769  -29.398  27.117 0.0000000000
68934  60.550  -27.872  27.202 0.0000000000
68958  52.762  -28.985  25.340 0.0000000000
71202  61.287  -26.534  27.240 0.0000000000
71228  60.571  -26.062  25.658 0.0000000000
72374  60.034  -25.355  22.206 0.0000000000
72386  60.009  -25.320  21.738 0.0000000000
73435  59.773  -24.390  22.017 0.0000000000
74454  60.230  -23.749  23.500 0.0000000000
74474  58.951  -23.521  21.647 0.0000000000
