#!ascii label  , from subject mmSR20151113 vox2ras=TkReg
1462
59761  18.176  -37.682  64.072 0.0000000000
52015  9.797  -45.023  45.116 0.0000000000
44648  14.482  -48.487  61.200 0.0000000000
51835  13.746  -42.905  58.926 0.0000000000
56410  8.390  -39.220  49.508 0.0000000000
49530  18.045  -44.477  64.973 0.0000000000
51787  13.703  -42.218  64.902 0.0000000000
58661  20.604  -37.585  59.768 0.0000000000
49557  21.244  -45.422  59.469 0.0000000000
42266  16.730  -50.095  57.995 0.0000000000
57451  7.103  -38.671  59.066 0.0000000000
54171  12.084  -41.012  54.186 0.0000000000
60934  7.059  -35.707  55.815 0.0000000000
45912  7.701  -49.057  56.206 0.0000000000
49586  10.950  -46.077  55.563 0.0000000000
49550  15.229  -45.393  61.255 0.0000000000
52976  9.921  -41.950  61.270 0.0000000000
51882  13.638  -43.725  52.100 0.0000000000
55353  14.452  -40.281  45.673 0.0000000000
59999  10.703  -36.148  42.355 0.0000000000
62028  9.506  -34.388  49.126 0.0000000000
54104  19.501  -41.758  65.057 0.0000000000
57398  16.137  -39.643  65.306 0.0000000000
58624  19.543  -38.072  62.183 0.0000000000
54124  22.194  -41.616  60.379 0.0000000000
54112  21.021  -41.645  63.359 0.0000000000
48402  20.380  -45.532  62.360 0.0000000000
58694  6.905  -37.675  57.327 0.0000000000
45893  11.444  -48.914  58.358 0.0000000000
48426  11.816  -46.980  58.572 0.0000000000
48408  14.560  -46.970  61.662 0.0000000000
56289  11.805  -39.870  62.659 0.0000000000
52966  11.010  -41.743  63.202 0.0000000000
42225  16.315  -49.645  60.513 0.0000000000
41104  13.036  -50.984  57.218 0.0000000000
42244  12.278  -50.183  58.766 0.0000000000
42274  8.047  -50.919  56.616 0.0000000000
49568  14.463  -45.037  57.429 0.0000000000
49615  12.039  -45.210  53.861 0.0000000000
50708  15.088  -43.863  55.901 0.0000000000
55304  10.496  -39.653  51.569 0.0000000000
56379  14.803  -39.680  51.142 0.0000000000
57591  12.548  -38.947  47.475 0.0000000000
57664  13.322  -38.677  43.325 0.0000000000
57610  9.878  -38.220  46.645 0.0000000000
45860  17.103  -46.718  63.733 0.0000000000
48396  16.080  -45.476  64.191 0.0000000000
51778  15.816  -42.824  65.951 0.0000000000
57410  13.420  -39.253  64.300 0.0000000000
60906  20.611  -35.352  57.571 0.0000000000
55232  22.254  -40.467  55.948 0.0000000000
55226  22.348  -40.503  58.754 0.0000000000
50699  21.569  -44.690  56.725 0.0000000000
44664  19.539  -48.453  58.076 0.0000000000
45882  18.772  -47.896  61.450 0.0000000000
52988  9.061  -42.089  58.394 0.0000000000
54140  12.971  -41.861  55.959 0.0000000000
54141  8.178  -41.361  56.536 0.0000000000
56332  7.686  -39.522  54.969 0.0000000000
58748  7.833  -37.499  53.183 0.0000000000
62973  17.101  -34.962  61.740 0.0000000000
61978  25.511  -34.428  56.332 0.0000000000
64105  24.808  -32.000  59.648 0.0000000000
63022  19.451  -33.631  59.154 0.0000000000
61931  18.511  -34.936  61.040 0.0000000000
44717  6.585  -49.524  53.776 0.0000000000
48476  7.489  -47.352  53.270 0.0000000000
48451  8.913  -47.298  55.781 0.0000000000
49566  12.857  -46.014  58.137 0.0000000000
51809  14.417  -43.405  61.148 0.0000000000
50655  14.236  -43.374  63.890 0.0000000000
50677  12.282  -42.806  61.823 0.0000000000
51829  10.693  -42.755  59.800 0.0000000000
54126  8.305  -40.988  59.634 0.0000000000
49631  9.085  -46.120  52.120 0.0000000000
50762  10.391  -44.937  50.322 0.0000000000
51940  11.983  -43.750  48.400 0.0000000000
53022  15.347  -42.193  53.623 0.0000000000
53074  14.277  -42.400  49.469 0.0000000000
53125  12.499  -42.911  46.242 0.0000000000
54327  11.979  -40.818  42.523 0.0000000000
57667  9.530  -38.809  42.027 0.0000000000
64158  7.209  -32.560  55.276 0.0000000000
60951  7.676  -35.456  52.517 0.0000000000
64177  8.420  -32.513  52.056 0.0000000000
59911  7.689  -36.662  49.677 0.0000000000
58825  8.215  -36.447  45.574 0.0000000000
56276  19.525  -39.710  64.831 0.0000000000
57400  17.858  -39.098  64.937 0.0000000000
60831  16.793  -37.366  63.790 0.0000000000
58621  18.842  -37.793  63.340 0.0000000000
56286  20.670  -39.716  62.871 0.0000000000
55211  20.563  -40.334  63.589 0.0000000000
54108  20.676  -41.893  64.174 0.0000000000
49737  8.994  -45.790  43.191 0.0000000000
52032  9.745  -44.512  43.548 0.0000000000
44654  12.878  -49.132  59.996 0.0000000000
47166  13.430  -48.129  60.522 0.0000000000
47157  15.000  -47.527  61.671 0.0000000000
57499  23.521  -38.147  55.300 0.0000000000
43444  15.157  -49.490  60.797 0.0000000000
42235  13.384  -50.237  59.586 0.0000000000
43446  13.337  -49.553  60.130 0.0000000000
43454  12.015  -49.673  58.850 0.0000000000
51823  15.607  -43.861  58.790 0.0000000000
50701  14.761  -44.499  56.555 0.0000000000
52983  15.478  -43.262  57.902 0.0000000000
55317  9.253  -39.564  50.367 0.0000000000
56407  11.403  -39.329  49.778 0.0000000000
56423  10.939  -39.403  48.822 0.0000000000
57592  11.381  -38.894  47.329 0.0000000000
56438  9.615  -38.988  47.826 0.0000000000
48393  17.611  -45.596  64.455 0.0000000000
49532  17.158  -44.736  65.456 0.0000000000
51784  17.451  -43.504  65.951 0.0000000000
57408  14.681  -38.838  64.773 0.0000000000
57421  13.122  -38.378  62.183 0.0000000000
59830  20.395  -36.574  58.884 0.0000000000
57461  22.045  -38.513  58.386 0.0000000000
57446  21.547  -38.449  59.442 0.0000000000
51813  22.040  -43.499  60.556 0.0000000000
51831  22.138  -43.457  59.149 0.0000000000
49562  21.486  -45.255  58.488 0.0000000000
47173  20.567  -46.795  59.433 0.0000000000
49535  19.511  -44.601  63.939 0.0000000000
47159  19.679  -46.815  61.760 0.0000000000
47149  18.840  -46.628  63.400 0.0000000000
45871  17.866  -47.758  62.555 0.0000000000
54132  7.602  -41.091  58.053 0.0000000000
52997  8.895  -42.004  57.478 0.0000000000
55229  7.175  -40.415  57.837 0.0000000000
59858  6.965  -36.768  56.521 0.0000000000
57488  7.172  -39.072  56.195 0.0000000000
58725  7.339  -38.149  55.078 0.0000000000
57516  7.670  -38.823  54.440 0.0000000000
59867  7.190  -36.987  55.179 0.0000000000
64119  20.227  -32.742  58.179 0.0000000000
45925  7.079  -48.892  55.148 0.0000000000
47205  7.262  -48.282  54.581 0.0000000000
47190  8.582  -48.045  56.206 0.0000000000
48415  13.941  -46.537  60.406 0.0000000000
48425  12.783  -46.336  58.608 0.0000000000
49554  14.632  -45.697  60.264 0.0000000000
49553  15.204  -45.054  60.002 0.0000000000
50674  15.290  -44.183  61.206 0.0000000000
50645  14.742  -43.066  65.178 0.0000000000
50649  15.237  -43.991  64.360 0.0000000000
50651  13.675  -42.763  64.441 0.0000000000
52970  10.359  -41.790  62.384 0.0000000000
50670  11.517  -42.437  62.754 0.0000000000
51811  10.663  -42.384  61.632 0.0000000000
50685  11.439  -42.729  61.152 0.0000000000
51821  10.135  -42.318  61.038 0.0000000000
52981  9.403  -42.114  59.427 0.0000000000
54123  8.887  -40.979  60.135 0.0000000000
53009  21.429  -42.681  55.380 0.0000000000
54154  21.256  -41.635  54.046 0.0000000000
42291  16.830  -50.293  56.260 0.0000000000
42303  15.267  -50.466  54.885 0.0000000000
42282  14.698  -50.738  56.296 0.0000000000
41106  10.786  -51.109  56.697 0.0000000000
41113  11.423  -51.551  55.660 0.0000000000
44680  7.892  -49.781  56.659 0.0000000000
43480  6.914  -50.662  55.824 0.0000000000
48474  8.948  -46.538  53.781 0.0000000000
48485  7.898  -46.784  52.285 0.0000000000
49617  10.077  -45.932  53.377 0.0000000000
50732  12.888  -44.581  53.481 0.0000000000
50741  11.669  -44.919  52.264 0.0000000000
50749  12.333  -44.410  51.503 0.0000000000
51909  11.007  -44.573  49.784 0.0000000000
51907  12.561  -43.864  50.134 0.0000000000
54148  12.518  -41.679  55.425 0.0000000000
54155  14.992  -41.565  54.958 0.0000000000
55243  13.991  -40.795  54.095 0.0000000000
56418  15.060  -40.133  48.508 0.0000000000
54223  15.229  -41.226  49.867 0.0000000000
54246  14.309  -41.494  47.308 0.0000000000
54247  13.738  -42.172  47.371 0.0000000000
54276  13.635  -41.738  45.255 0.0000000000
53154  12.391  -42.183  44.066 0.0000000000
54291  13.644  -41.084  44.073 0.0000000000
58881  12.105  -37.575  42.477 0.0000000000
57666  12.172  -38.584  42.106 0.0000000000
58884  9.862  -37.277  41.415 0.0000000000
65222  7.322  -31.509  54.801 0.0000000000
63082  7.108  -33.503  53.621 0.0000000000
64170  7.370  -32.471  53.212 0.0000000000
64179  9.870  -32.729  50.896 0.0000000000
63093  9.058  -33.757  51.278 0.0000000000
60968  8.380  -35.210  50.816 0.0000000000
60987  8.336  -35.350  49.071 0.0000000000
58800  7.915  -37.069  47.332 0.0000000000
60998  7.805  -35.658  47.403 0.0000000000
52952  18.997  -42.652  64.957 0.0000000000
52954  18.029  -42.421  65.523 0.0000000000
56270  17.571  -40.027  65.354 0.0000000000
58631  19.835  -37.855  61.211 0.0000000000
57433  21.224  -38.733  60.451 0.0000000000
56296  21.265  -39.501  61.345 0.0000000000
54120  21.950  -41.729  61.470 0.0000000000
51802  21.329  -43.483  61.938 0.0000000000
49548  20.930  -45.281  61.040 0.0000000000
51798  20.834  -43.383  63.282 0.0000000000
51794  20.436  -43.360  63.886 0.0000000000
59837  6.738  -37.118  59.154 0.0000000000
57462  6.913  -38.485  58.198 0.0000000000
59836  6.753  -36.365  58.712 0.0000000000
60912  6.793  -35.477  58.104 0.0000000000
61973  6.884  -34.521  57.478 0.0000000000
45905  8.931  -48.985  57.090 0.0000000000
48434  9.571  -48.158  56.897 0.0000000000
48422  11.717  -47.802  58.814 0.0000000000
48416  13.173  -47.591  60.241 0.0000000000
48410  14.787  -46.304  61.360 0.0000000000
56280  12.493  -40.622  63.920 0.0000000000
52961  12.572  -41.901  64.093 0.0000000000
56285  11.601  -40.907  63.420 0.0000000000
55212  10.825  -41.236  62.503 0.0000000000
55216  10.270  -41.250  61.526 0.0000000000
55222  9.362  -40.613  60.517 0.0000000000
42241  15.973  -50.190  59.328 0.0000000000
41090  14.990  -50.510  57.807 0.0000000000
42243  14.289  -50.483  59.077 0.0000000000
41082  12.661  -50.404  58.646 0.0000000000
41095  10.859  -50.545  57.381 0.0000000000
41116  8.618  -51.950  56.307 0.0000000000
42258  9.697  -50.471  57.224 0.0000000000
44667  8.952  -49.908  57.428 0.0000000000
49575  12.848  -45.554  56.545 0.0000000000
49602  11.451  -45.662  54.679 0.0000000000
49584  13.047  -45.211  55.677 0.0000000000
50721  13.978  -44.320  54.692 0.0000000000
50731  13.850  -44.029  53.690 0.0000000000
55276  11.170  -40.134  52.917 0.0000000000
55274  13.170  -39.853  52.883 0.0000000000
56381  12.756  -39.369  51.676 0.0000000000
56405  13.633  -39.008  49.593 0.0000000000
57589  14.249  -39.464  46.992 0.0000000000
56487  14.174  -39.305  44.358 0.0000000000
57625  12.866  -38.434  45.746 0.0000000000
57642  11.936  -37.736  45.047 0.0000000000
58840  10.511  -36.971  44.529 0.0000000000
63103  9.920  -33.875  48.655 0.0000000000
62051  8.469  -34.303  47.505 0.0000000000
64198  9.429  -33.204  47.122 0.0000000000
44639  16.024  -47.896  62.050 0.0000000000
47153  15.882  -46.823  62.895 0.0000000000
48395  16.469  -45.694  64.367 0.0000000000
49534  16.021  -44.361  65.361 0.0000000000
51780  14.768  -42.363  65.496 0.0000000000
55192  15.848  -40.824  65.585 0.0000000000
56268  14.388  -40.294  65.355 0.0000000000
56275  13.303  -40.460  64.636 0.0000000000
56283  12.444  -39.647  63.410 0.0000000000
61980  21.898  -35.279  56.032 0.0000000000
58724  22.915  -37.862  56.200 0.0000000000
58693  22.094  -37.632  57.564 0.0000000000
54127  22.281  -41.552  59.315 0.0000000000
51846  22.002  -43.101  57.536 0.0000000000
51849  21.457  -43.941  55.839 0.0000000000
43476  18.437  -49.389  56.420 0.0000000000
43461  18.527  -49.204  58.123 0.0000000000
47169  20.019  -47.094  60.450 0.0000000000
44656  19.345  -48.222  59.777 0.0000000000
43457  17.874  -49.334  59.390 0.0000000000
43432  17.499  -48.787  61.076 0.0000000000
44645  16.707  -48.441  61.661 0.0000000000
51844  11.157  -42.859  58.182 0.0000000000
52993  13.069  -42.660  57.615 0.0000000000
52995  10.900  -42.675  57.432 0.0000000000
53013  10.569  -41.906  55.841 0.0000000000
53018  10.221  -41.497  55.282 0.0000000000
56316  7.114  -39.693  56.584 0.0000000000
54152  8.000  -40.623  55.548 0.0000000000
54174  9.464  -40.768  54.381 0.0000000000
54189  8.935  -40.045  53.235 0.0000000000
55295  8.901  -39.506  52.006 0.0000000000
56384  8.234  -38.692  51.619 0.0000000000
61904  17.619  -36.321  62.683 0.0000000000
61991  24.423  -34.532  55.462 0.0000000000
60870  27.355  -34.536  59.512 0.0000000000
64094  25.619  -32.429  60.322 0.0000000000
63029  26.401  -33.792  59.149 0.0000000000
64129  25.028  -33.058  57.558 0.0000000000
64143  23.583  -32.720  56.553 0.0000000000
63054  21.813  -33.415  55.871 0.0000000000
61960  19.803  -34.405  58.396 0.0000000000
60883  19.616  -35.658  59.168 0.0000000000
61940  18.966  -34.612  60.262 0.0000000000
60858  19.207  -36.351  60.560 0.0000000000
60845  18.577  -35.909  61.547 0.0000000000
61907  18.140  -36.229  62.420 0.0000000000
48465  8.266  -47.356  54.829 0.0000000000
48450  10.097  -46.579  55.709 0.0000000000
48432  10.957  -47.118  57.551 0.0000000000
48437  11.019  -46.552  56.654 0.0000000000
49576  11.766  -46.030  56.519 0.0000000000
49569  13.695  -45.430  57.467 0.0000000000
50681  15.459  -44.358  59.881 0.0000000000
51826  13.445  -43.044  59.935 0.0000000000
48404  15.736  -46.262  62.930 0.0000000000
49543  15.650  -45.355  62.884 0.0000000000
50659  15.235  -44.249  62.770 0.0000000000
50657  12.720  -42.676  63.672 0.0000000000
50661  13.226  -42.915  63.317 0.0000000000
50667  14.322  -43.484  62.383 0.0000000000
50676  13.285  -43.077  61.630 0.0000000000
51827  12.455  -42.994  60.345 0.0000000000
51836  12.480  -42.985  59.282 0.0000000000
51838  10.529  -42.687  58.847 0.0000000000
54128  8.592  -41.580  59.082 0.0000000000
56307  7.305  -39.508  59.303 0.0000000000
56300  8.418  -39.417  60.271 0.0000000000
56301  7.675  -39.455  59.976 0.0000000000
58649  7.069  -37.682  59.838 0.0000000000
42321  14.046  -50.418  53.705 0.0000000000
42271  13.476  -51.043  56.690 0.0000000000
49629  10.825  -45.514  52.752 0.0000000000
50743  10.037  -45.299  51.586 0.0000000000
51981  10.788  -44.174  46.431 0.0000000000
54137  15.084  -42.097  56.240 0.0000000000
51869  15.239  -42.738  54.287 0.0000000000
51881  14.434  -43.159  52.299 0.0000000000
54202  15.431  -41.174  51.932 0.0000000000
53044  14.780  -42.510  51.416 0.0000000000
53045  14.211  -42.913  50.928 0.0000000000
53075  13.515  -42.949  49.335 0.0000000000
53107  12.358  -43.325  47.465 0.0000000000
53143  11.292  -43.747  45.835 0.0000000000
53171  10.963  -43.153  43.637 0.0000000000
55395  13.108  -39.964  42.687 0.0000000000
55398  10.564  -40.342  42.229 0.0000000000
63059  6.991  -33.550  56.881 0.0000000000
65213  7.319  -31.620  55.874 0.0000000000
63071  7.091  -33.571  55.793 0.0000000000
62003  7.095  -34.561  54.101 0.0000000000
59888  7.763  -36.484  52.875 0.0000000000
58762  8.005  -37.356  50.986 0.0000000000
62009  7.790  -34.485  52.268 0.0000000000
59904  7.958  -36.578  50.675 0.0000000000
57572  7.604  -38.111  49.413 0.0000000000
57595  8.540  -38.090  47.487 0.0000000000
57629  9.116  -37.413  45.916 0.0000000000
59968  9.166  -36.280  44.098 0.0000000000
61043  8.036  -34.688  44.036 0.0000000000
57412  19.184  -38.855  64.585 0.0000000000
58610  17.920  -38.304  64.553 0.0000000000
60830  17.277  -37.331  63.830 0.0000000000
58617  19.050  -38.112  63.911 0.0000000000
57415  19.820  -38.809  63.571 0.0000000000
57411  19.512  -38.676  64.074 0.0000000000
56281  19.789  -39.435  64.349 0.0000000000
50854  9.431  -45.461  44.652 0.0000000000
50869  9.255  -45.249  43.376 0.0000000000
52014  10.291  -44.349  44.625 0.0000000000
44649  13.877  -48.717  60.784 0.0000000000
45879  14.158  -48.192  61.102 0.0000000000
45875  14.724  -47.891  61.463 0.0000000000
60932  23.680  -35.540  55.233 0.0000000000
58739  23.891  -37.635  55.139 0.0000000000
58723  23.406  -37.373  55.533 0.0000000000
43436  14.749  -48.997  61.095 0.0000000000
43445  14.265  -49.573  60.531 0.0000000000
43437  14.013  -49.090  60.747 0.0000000000
43438  13.634  -49.089  60.540 0.0000000000
51834  14.782  -42.970  58.801 0.0000000000
51833  15.383  -43.312  58.510 0.0000000000
52985  14.424  -42.702  58.182 0.0000000000
55318  8.702  -39.414  50.120 0.0000000000
56408  10.144  -39.561  49.883 0.0000000000
56424  9.862  -39.447  48.699 0.0000000000
56437  10.621  -39.103  47.894 0.0000000000
56425  8.879  -39.213  48.662 0.0000000000
48386  17.780  -44.936  64.763 0.0000000000
49531  17.646  -44.596  65.345 0.0000000000
50640  18.081  -44.090  65.445 0.0000000000
59817  20.368  -37.046  59.463 0.0000000000
59816  20.746  -37.173  59.122 0.0000000000
57447  21.147  -38.193  59.829 0.0000000000
50680  21.760  -44.192  60.243 0.0000000000
50687  21.925  -44.229  59.495 0.0000000000
48423  21.146  -46.219  58.012 0.0000000000
48418  21.023  -46.147  58.987 0.0000000000
47177  20.760  -46.904  58.520 0.0000000000
48413  20.867  -46.124  59.911 0.0000000000
49536  18.964  -44.715  64.317 0.0000000000
48399  19.097  -45.861  63.625 0.0000000000
48391  18.691  -45.353  64.096 0.0000000000
47143  18.462  -46.008  63.842 0.0000000000
55227  7.332  -40.377  58.727 0.0000000000
56309  7.055  -39.556  58.480 0.0000000000
60925  6.944  -35.600  56.998 0.0000000000
45913  7.178  -49.216  55.773 0.0000000000
45924  7.489  -48.714  55.666 0.0000000000
47191  7.933  -48.346  55.927 0.0000000000
48414  14.672  -46.033  60.859 0.0000000000
50666  15.266  -44.292  62.021 0.0000000000
51786  14.312  -42.571  65.129 0.0000000000
50650  14.342  -43.079  64.656 0.0000000000
51790  13.882  -42.701  64.676 0.0000000000
54119  10.120  -41.681  61.497 0.0000000000
51812  10.359  -42.134  61.766 0.0000000000
52978  9.591  -42.018  60.452 0.0000000000
54122  9.555  -41.450  60.663 0.0000000000
42279  16.908  -50.154  57.056 0.0000000000
42281  15.436  -50.590  56.541 0.0000000000
42268  15.435  -50.512  57.338 0.0000000000
41114  10.723  -51.638  56.027 0.0000000000
44681  7.257  -49.838  56.106 0.0000000000
44692  6.850  -49.782  55.496 0.0000000000
48463  9.929  -46.384  55.024 0.0000000000
49604  9.497  -46.315  53.876 0.0000000000
49603  10.271  -46.099  54.512 0.0000000000
50739  13.405  -44.057  52.919 0.0000000000
50740  12.748  -44.415  52.405 0.0000000000
51883  13.002  -43.956  51.607 0.0000000000
51895  12.174  -44.223  50.767 0.0000000000
51894  12.822  -43.901  50.885 0.0000000000
54158  12.380  -41.221  54.626 0.0000000000
54157  13.334  -41.188  54.721 0.0000000000
55244  13.079  -40.922  54.064 0.0000000000
56434  14.786  -39.947  47.613 0.0000000000
55333  14.842  -40.805  47.910 0.0000000000
55342  14.600  -40.589  46.822 0.0000000000
54262  14.237  -41.169  46.063 0.0000000000
54275  14.244  -40.924  44.959 0.0000000000
58882  11.513  -37.095  42.005 0.0000000000
58883  10.739  -37.212  41.561 0.0000000000
66323  7.441  -29.725  55.189 0.0000000000
66334  7.312  -30.273  54.352 0.0000000000
64166  7.192  -32.504  54.197 0.0000000000
65229  7.320  -31.434  53.737 0.0000000000
63092  9.717  -33.646  50.610 0.0000000000
62019  9.467  -34.288  50.181 0.0000000000
62020  8.845  -34.765  50.554 0.0000000000
62029  8.931  -34.908  49.500 0.0000000000
60988  7.852  -35.670  48.362 0.0000000000
62040  8.634  -34.653  48.274 0.0000000000
54098  18.931  -42.160  65.173 0.0000000000
54099  18.712  -41.707  65.428 0.0000000000
55196  18.516  -40.563  65.491 0.0000000000
59768  16.172  -37.554  63.755 0.0000000000
57425  19.965  -38.438  61.865 0.0000000000
57424  20.517  -38.781  61.565 0.0000000000
57419  20.462  -39.054  62.135 0.0000000000
55210  20.909  -40.410  62.990 0.0000000000
54117  21.368  -41.406  62.333 0.0000000000
52975  21.775  -42.786  61.705 0.0000000000
52971  21.368  -42.950  62.215 0.0000000000
51803  21.090  -43.464  62.582 0.0000000000
52972  21.188  -42.567  62.824 0.0000000000
52964  20.157  -42.101  64.648 0.0000000000
52963  20.338  -42.791  64.361 0.0000000000
51789  19.567  -43.459  64.547 0.0000000000
61963  6.826  -34.452  58.591 0.0000000000
63046  6.940  -33.501  57.960 0.0000000000
45898  10.413  -48.894  57.588 0.0000000000
47179  10.028  -48.352  57.343 0.0000000000
47175  11.478  -48.421  58.364 0.0000000000
47165  13.929  -47.806  61.032 0.0000000000
48412  13.691  -47.760  60.794 0.0000000000
48411  14.036  -47.109  61.109 0.0000000000
48407  15.133  -46.619  62.024 0.0000000000
56284  12.064  -40.515  63.578 0.0000000000
55208  11.777  -40.977  63.560 0.0000000000
56290  11.391  -40.732  63.017 0.0000000000
56294  10.983  -40.490  61.982 0.0000000000
55221  10.115  -40.526  60.974 0.0000000000
42232  16.143  -50.018  60.035 0.0000000000
42242  14.978  -50.455  58.964 0.0000000000
42233  15.273  -50.263  59.826 0.0000000000
42236  12.794  -50.140  59.385 0.0000000000
41075  13.495  -50.511  58.970 0.0000000000
41083  11.927  -50.333  58.062 0.0000000000
41094  11.806  -50.654  57.583 0.0000000000
41096  9.820  -50.797  56.917 0.0000000000
42246  11.129  -50.056  58.030 0.0000000000
44659  11.723  -49.211  58.579 0.0000000000
43460  10.066  -49.965  57.786 0.0000000000
44663  10.456  -49.451  57.809 0.0000000000
44673  9.159  -49.364  57.396 0.0000000000
49574  13.918  -45.041  56.541 0.0000000000
50709  14.345  -44.421  55.576 0.0000000000
50730  14.469  -43.752  54.280 0.0000000000
55292  10.907  -39.766  52.085 0.0000000000
55291  11.867  -39.702  52.273 0.0000000000
56382  11.549  -39.540  51.494 0.0000000000
56422  11.982  -39.187  48.871 0.0000000000
56406  12.542  -39.073  49.700 0.0000000000
56421  12.977  -39.005  48.728 0.0000000000
57579  14.188  -39.290  47.812 0.0000000000
57590  13.596  -39.110  47.181 0.0000000000
57624  13.749  -38.895  45.712 0.0000000000
57607  13.132  -38.851  46.500 0.0000000000
57609  10.823  -38.545  46.786 0.0000000000
57626  11.777  -38.071  45.816 0.0000000000
58821  11.275  -37.686  45.412 0.0000000000
58839  11.493  -37.398  44.664 0.0000000000
58822  10.533  -37.474  45.355 0.0000000000
64186  10.363  -32.892  50.233 0.0000000000
63102  10.534  -33.393  49.079 0.0000000000
63109  9.770  -33.533  47.838 0.0000000000
63108  10.359  -33.317  48.301 0.0000000000
45866  16.618  -47.414  63.121 0.0000000000
45862  16.429  -47.004  63.325 0.0000000000
47146  16.913  -46.181  64.152 0.0000000000
50642  16.827  -44.312  65.937 0.0000000000
49533  16.535  -44.791  65.301 0.0000000000
50636  15.964  -43.417  65.953 0.0000000000
50637  15.588  -43.178  65.801 0.0000000000
55190  17.138  -40.747  65.554 0.0000000000
54093  16.662  -41.551  65.705 0.0000000000
56265  16.280  -40.197  65.425 0.0000000000
56273  14.622  -39.700  65.247 0.0000000000
56278  13.561  -39.530  64.557 0.0000000000
56274  13.831  -39.955  64.970 0.0000000000
56279  12.977  -40.073  64.208 0.0000000000
57414  13.012  -39.121  63.755 0.0000000000
60919  21.476  -35.716  56.961 0.0000000000
59854  22.305  -36.599  56.681 0.0000000000
59855  21.805  -36.412  57.279 0.0000000000
56310  22.357  -39.511  58.135 0.0000000000
55228  22.380  -40.503  57.770 0.0000000000
56295  21.663  -39.806  60.903 0.0000000000
55224  22.173  -40.516  59.785 0.0000000000
50695  22.018  -43.957  58.087 0.0000000000
51839  22.081  -43.338  58.245 0.0000000000
51840  21.974  -43.704  57.716 0.0000000000
51847  21.744  -43.615  56.977 0.0000000000
50706  21.387  -44.978  55.905 0.0000000000
49582  21.158  -45.678  55.580 0.0000000000
47202  19.902  -47.298  55.262 0.0000000000
44672  19.042  -48.883  57.604 0.0000000000
43469  18.481  -49.323  57.187 0.0000000000
44665  19.041  -48.808  58.536 0.0000000000
48405  20.539  -45.882  61.543 0.0000000000
45876  19.124  -47.174  62.172 0.0000000000
44650  19.162  -48.069  60.532 0.0000000000
44657  18.796  -48.550  60.157 0.0000000000
43439  18.174  -48.805  60.431 0.0000000000
43450  17.723  -49.246  60.051 0.0000000000
44652  17.943  -48.645  61.011 0.0000000000
45865  17.289  -47.394  63.250 0.0000000000
44637  17.289  -47.907  62.527 0.0000000000
44634  16.866  -47.786  62.839 0.0000000000
44638  16.626  -48.040  62.150 0.0000000000
51845  10.402  -42.643  58.118 0.0000000000
52996  9.854  -42.419  57.613 0.0000000000
53007  8.825  -41.762  56.646 0.0000000000
53006  9.690  -42.074  56.708 0.0000000000
53014  9.571  -41.702  55.928 0.0000000000
53015  8.832  -41.443  55.909 0.0000000000
58682  6.829  -37.333  58.340 0.0000000000
56311  6.989  -39.609  57.522 0.0000000000
57474  6.966  -38.798  57.005 0.0000000000
57501  7.353  -38.930  55.427 0.0000000000
56323  7.395  -39.650  55.763 0.0000000000
55235  7.791  -40.088  55.284 0.0000000000
54162  8.666  -40.790  55.018 0.0000000000
54175  8.833  -40.418  54.110 0.0000000000
54188  9.439  -40.302  53.442 0.0000000000
54176  8.464  -40.062  53.944 0.0000000000
57529  7.948  -38.414  53.427 0.0000000000
55279  8.538  -39.380  52.853 0.0000000000
56368  8.288  -38.836  52.613 0.0000000000
55296  8.469  -39.151  51.829 0.0000000000
57538  8.154  -38.179  52.377 0.0000000000
61909  17.369  -35.629  62.188 0.0000000000
61919  16.971  -35.213  61.978 0.0000000000
62985  16.926  -34.347  61.375 0.0000000000
60917  26.049  -35.108  56.380 0.0000000000
60930  25.719  -35.271  55.700 0.0000000000
61990  25.174  -34.852  55.535 0.0000000000
61979  24.785  -34.030  55.964 0.0000000000
63021  26.145  -33.205  59.618 0.0000000000
64104  25.343  -32.646  59.159 0.0000000000
63030  25.873  -33.446  58.602 0.0000000000
64115  25.115  -32.863  58.131 0.0000000000
64144  22.527  -32.524  56.459 0.0000000000
63053  23.010  -33.209  55.833 0.0000000000
64120  19.930  -32.869  58.653 0.0000000000
63031  20.031  -33.214  58.155 0.0000000000
63032  19.787  -33.513  58.514 0.0000000000
60895  19.779  -35.095  58.639 0.0000000000
61949  19.381  -34.493  59.227 0.0000000000
62999  18.638  -33.736  60.413 0.0000000000
60859  18.840  -35.605  60.818 0.0000000000
60844  18.902  -36.467  61.332 0.0000000000
62972  17.582  -34.907  61.651 0.0000000000
61917  18.199  -35.489  61.748 0.0000000000
61908  17.831  -35.690  62.148 0.0000000000
61903  17.964  -36.420  62.704 0.0000000000
43523  6.453  -50.389  53.239 0.0000000000
48452  8.298  -47.669  55.368 0.0000000000
47216  7.640  -47.708  54.283 0.0000000000
48464  9.200  -46.653  54.649 0.0000000000
48427  11.237  -47.834  58.139 0.0000000000
48433  10.215  -47.899  57.235 0.0000000000
48431  11.907  -46.456  57.620 0.0000000000
48430  12.525  -46.163  57.962 0.0000000000
48436  11.661  -46.302  56.973 0.0000000000
49570  12.631  -45.927  57.480 0.0000000000
49565  13.575  -45.766  58.479 0.0000000000
50673  15.396  -44.555  60.500 0.0000000000
50682  15.363  -44.038  60.536 0.0000000000
51815  15.161  -43.587  60.052 0.0000000000
51816  14.329  -43.250  60.443 0.0000000000
48401  15.984  -45.977  63.663 0.0000000000
49541  15.821  -45.177  63.800 0.0000000000
50654  15.217  -44.163  63.536 0.0000000000
50660  14.267  -43.445  63.137 0.0000000000
52962  12.059  -41.908  63.732 0.0000000000
51796  12.381  -42.395  63.626 0.0000000000
51799  11.920  -42.402  63.290 0.0000000000
50669  12.290  -42.714  62.652 0.0000000000
50668  13.241  -43.007  62.525 0.0000000000
51819  11.130  -42.784  60.448 0.0000000000
50690  11.593  -42.816  60.579 0.0000000000
51828  11.583  -42.912  59.985 0.0000000000
51837  11.369  -42.903  59.056 0.0000000000
52980  10.034  -42.522  59.367 0.0000000000
54129  7.842  -41.062  58.911 0.0000000000
55225  7.687  -40.319  59.493 0.0000000000
57487  22.678  -38.631  56.645 0.0000000000
56331  22.697  -39.545  55.486 0.0000000000
55234  22.144  -40.413  55.042 0.0000000000
42294  14.584  -50.795  55.469 0.0000000000
42304  14.391  -50.691  54.625 0.0000000000
41091  14.340  -50.626  57.832 0.0000000000
41102  14.226  -50.716  57.310 0.0000000000
42272  12.797  -51.177  56.525 0.0000000000
43507  6.445  -50.507  54.199 0.0000000000
49619  8.489  -46.465  52.567 0.0000000000
49632  8.455  -46.427  51.752 0.0000000000
49643  8.462  -46.385  50.828 0.0000000000
49616  11.046  -45.704  53.693 0.0000000000
49628  11.546  -45.289  53.107 0.0000000000
50751  10.495  -44.927  51.096 0.0000000000
50742  10.676  -45.085  51.905 0.0000000000
50752  9.677  -45.250  50.947 0.0000000000
50753  9.357  -46.056  50.496 0.0000000000
50763  9.897  -45.436  49.919 0.0000000000
51924  11.452  -43.976  49.187 0.0000000000
51925  10.866  -44.502  49.004 0.0000000000
51941  11.245  -43.975  48.328 0.0000000000
51962  10.466  -44.647  47.378 0.0000000000
51961  11.133  -43.936  47.340 0.0000000000
53003  12.779  -42.308  56.668 0.0000000000
53001  14.708  -42.133  56.890 0.0000000000
54138  14.520  -41.845  56.238 0.0000000000
54169  15.163  -41.433  54.103 0.0000000000
53017  15.324  -42.129  54.768 0.0000000000
51870  14.796  -43.145  53.439 0.0000000000
53023  15.160  -42.475  53.044 0.0000000000
55289  14.479  -39.641  51.888 0.0000000000
55273  14.368  -39.985  52.718 0.0000000000
55303  15.274  -40.394  51.002 0.0000000000
54224  14.844  -41.833  49.654 0.0000000000
54216  15.032  -41.825  50.557 0.0000000000
53059  14.568  -42.444  50.361 0.0000000000
53060  13.896  -42.927  50.236 0.0000000000
53106  13.164  -42.578  46.926 0.0000000000
53126  11.677  -43.573  46.585 0.0000000000
53142  11.875  -43.164  45.507 0.0000000000
53156  11.303  -43.536  44.813 0.0000000000
53155  11.886  -42.857  44.430 0.0000000000
54309  12.487  -41.462  43.234 0.0000000000
54329  10.358  -41.291  42.498 0.0000000000
56488  13.811  -39.308  43.571 0.0000000000
56498  13.309  -39.289  42.891 0.0000000000
56516  10.980  -38.748  41.781 0.0000000000
56501  10.813  -39.466  42.039 0.0000000000
56502  9.787  -39.388  42.126 0.0000000000
56503  8.786  -39.639  42.193 0.0000000000
61999  7.078  -34.605  55.223 0.0000000000
63078  7.064  -33.545  54.689 0.0000000000
62006  7.253  -34.501  53.077 0.0000000000
60944  7.312  -35.553  53.506 0.0000000000
58755  8.115  -37.350  52.096 0.0000000000
59896  8.039  -36.442  51.784 0.0000000000
64174  7.900  -32.480  52.467 0.0000000000
63089  8.225  -33.641  51.920 0.0000000000
60969  8.119  -35.932  50.309 0.0000000000
60960  8.110  -35.368  51.436 0.0000000000
58773  7.634  -37.400  50.013 0.0000000000
58784  7.526  -37.374  49.079 0.0000000000
56440  8.141  -38.272  48.125 0.0000000000
57582  7.708  -37.975  48.541 0.0000000000
58809  8.183  -36.850  46.329 0.0000000000
58808  8.683  -37.295  46.261 0.0000000000
58824  8.696  -36.932  45.425 0.0000000000
58841  9.413  -36.783  44.658 0.0000000000
58842  8.734  -36.488  44.693 0.0000000000
62052  8.019  -34.666  47.116 0.0000000000
55202  19.165  -40.376  65.323 0.0000000000
56269  18.292  -39.553  65.163 0.0000000000
57406  18.399  -38.927  64.843 0.0000000000
59758  17.450  -37.969  64.470 0.0000000000
60832  16.481  -37.425  63.733 0.0000000000
58620  19.287  -38.168  63.079 0.0000000000
57420  20.153  -38.861  62.556 0.0000000000
56292  20.512  -39.419  62.778 0.0000000000
56287  20.366  -39.639  63.370 0.0000000000
55207  20.257  -40.322  64.135 0.0000000000
54109  20.221  -41.235  64.526 0.0000000000
45885  12.128  -48.984  59.405 0.0000000000
45888  12.303  -48.741  59.339 0.0000000000
45883  13.153  -48.671  60.237 0.0000000000
47162  13.913  -48.058  60.971 0.0000000000
47160  14.841  -46.980  61.879 0.0000000000
43443  15.972  -49.382  60.921 0.0000000000
42227  14.705  -50.032  60.252 0.0000000000
42228  13.810  -50.027  60.040 0.0000000000
43452  13.071  -50.006  60.055 0.0000000000
42238  11.837  -49.992  58.663 0.0000000000
43453  12.885  -50.043  59.593 0.0000000000
43448  12.202  -49.255  59.153 0.0000000000
50693  15.341  -44.525  58.202 0.0000000000
49573  14.517  -44.819  56.988 0.0000000000
50697  15.360  -44.189  57.371 0.0000000000
50700  15.377  -43.845  56.698 0.0000000000
50707  15.397  -43.529  56.321 0.0000000000
56395  10.129  -39.591  50.648 0.0000000000
56394  10.811  -39.519  50.838 0.0000000000
56436  11.621  -39.071  48.085 0.0000000000
56453  10.337  -38.857  47.388 0.0000000000
56454  9.958  -38.646  47.177 0.0000000000
47145  17.379  -46.345  63.973 0.0000000000
47141  17.238  -45.658  64.491 0.0000000000
48387  17.348  -44.992  64.872 0.0000000000
50634  17.084  -43.785  66.093 0.0000000000
57404  15.045  -39.051  65.088 0.0000000000
58623  14.059  -38.113  63.312 0.0000000000
57416  13.390  -38.504  63.118 0.0000000000
60893  20.744  -36.282  58.330 0.0000000000
59828  21.413  -36.960  58.083 0.0000000000
59829  20.920  -36.836  58.597 0.0000000000
58659  21.330  -37.763  59.024 0.0000000000
56308  22.134  -39.465  59.146 0.0000000000
52979  22.212  -42.708  59.862 0.0000000000
50691  21.964  -44.248  58.618 0.0000000000
49567  21.448  -45.450  57.418 0.0000000000
45904  20.029  -48.003  57.636 0.0000000000
45897  19.929  -47.951  58.526 0.0000000000
48397  20.275  -45.296  62.973 0.0000000000
48406  20.075  -46.217  62.124 0.0000000000
48398  19.734  -45.612  63.315 0.0000000000
47148  19.489  -46.355  63.189 0.0000000000
45869  19.176  -47.043  62.678 0.0000000000
45877  18.484  -47.779  61.878 0.0000000000
45863  18.496  -47.017  63.348 0.0000000000
47151  17.762  -46.768  63.641 0.0000000000
54131  8.255  -41.639  58.215 0.0000000000
54134  8.126  -41.569  57.349 0.0000000000
54135  7.566  -41.032  57.177 0.0000000000
59849  6.859  -36.539  57.680 0.0000000000
58708  7.088  -38.074  56.111 0.0000000000
56343  7.948  -39.453  54.284 0.0000000000
58740  7.502  -37.787  54.204 0.0000000000
59878  7.361  -36.678  53.915 0.0000000000
61977  26.076  -34.928  56.731 0.0000000000
65181  24.227  -31.666  59.398 0.0000000000
64133  21.230  -32.312  57.269 0.0000000000
65185  20.692  -31.966  58.364 0.0000000000
64106  20.166  -32.300  58.697 0.0000000000
62982  18.182  -34.449  61.200 0.0000000000
44705  6.652  -49.657  54.700 0.0000000000
45935  6.906  -48.811  54.278 0.0000000000
47204  7.709  -48.053  55.224 0.0000000000
47203  8.270  -47.881  55.689 0.0000000000
48420  12.795  -46.879  59.514 0.0000000000
48419  13.469  -46.289  59.500 0.0000000000
49560  13.928  -45.840  59.440 0.0000000000
49559  14.584  -45.435  59.305 0.0000000000
49549  15.325  -45.060  60.702 0.0000000000
49538  16.015  -44.803  64.751 0.0000000000
52969  10.755  -41.884  62.824 0.0000000000
51800  11.425  -42.220  63.157 0.0000000000
51805  10.829  -42.200  62.481 0.0000000000
50679  11.099  -42.402  62.166 0.0000000000
50678  11.558  -42.580  62.007 0.0000000000
50686  11.035  -42.560  61.546 0.0000000000
51820  10.672  -42.617  60.815 0.0000000000
51830  10.014  -42.458  60.156 0.0000000000
54125  9.027  -41.522  59.907 0.0000000000
54143  21.742  -41.433  55.515 0.0000000000
54153  21.625  -41.155  54.703 0.0000000000
54144  21.378  -41.897  54.819 0.0000000000
42301  16.778  -50.192  55.592 0.0000000000
42293  15.396  -50.594  55.697 0.0000000000
42295  13.746  -51.015  55.287 0.0000000000
41105  11.942  -51.144  56.714 0.0000000000
43471  8.213  -50.347  56.867 0.0000000000
42286  7.730  -51.486  56.282 0.0000000000
43479  7.581  -50.676  56.370 0.0000000000
43491  6.547  -50.603  55.099 0.0000000000
48475  8.097  -46.900  53.540 0.0000000000
48486  7.425  -47.247  52.731 0.0000000000
49618  9.073  -46.171  53.114 0.0000000000
50733  12.165  -44.893  53.025 0.0000000000
50750  11.452  -44.710  51.154 0.0000000000
50761  11.027  -44.743  50.489 0.0000000000
51908  11.692  -44.205  50.132 0.0000000000
51923  12.333  -43.734  49.255 0.0000000000
54146  14.429  -41.563  55.531 0.0000000000
54147  13.572  -41.485  55.431 0.0000000000
54156  14.389  -41.196  54.716 0.0000000000
55257  15.104  -40.952  53.492 0.0000000000
56403  15.121  -39.926  49.301 0.0000000000
55315  15.296  -40.503  50.040 0.0000000000
55324  15.177  -40.656  49.124 0.0000000000
54231  15.014  -41.284  49.162 0.0000000000
54232  14.586  -41.676  48.595 0.0000000000
53089  13.967  -42.386  48.712 0.0000000000
54233  14.008  -42.098  48.025 0.0000000000
54263  13.731  -41.898  46.466 0.0000000000
53124  13.169  -42.299  45.883 0.0000000000
53141  12.676  -42.471  45.104 0.0000000000
54308  13.245  -40.866  43.369 0.0000000000
57665  12.701  -38.326  42.656 0.0000000000
57680  12.095  -37.910  42.055 0.0000000000
57681  11.458  -38.120  41.730 0.0000000000
57683  9.538  -38.282  41.682 0.0000000000
64180  9.070  -32.577  51.591 0.0000000000
63094  8.675  -33.021  51.778 0.0000000000
60978  8.448  -35.419  49.930 0.0000000000
60979  7.902  -35.934  49.346 0.0000000000
58792  7.710  -37.246  48.215 0.0000000000
59928  7.701  -36.474  47.815 0.0000000000
59936  7.826  -36.311  46.879 0.0000000000
50639  18.538  -43.997  64.884 0.0000000000
51783  17.945  -43.348  65.596 0.0000000000
52953  18.499  -42.602  65.274 0.0000000000
54100  17.985  -41.561  65.590 0.0000000000
56263  17.216  -40.303  65.432 0.0000000000
57401  17.115  -39.287  65.120 0.0000000000
58608  15.609  -38.713  64.894 0.0000000000
59802  19.766  -37.061  60.385 0.0000000000
58642  20.800  -37.994  60.059 0.0000000000
58630  20.527  -38.220  60.698 0.0000000000
55219  21.614  -40.190  61.352 0.0000000000
56291  20.779  -39.467  62.309 0.0000000000
54121  21.672  -40.833  61.607 0.0000000000
52977  22.139  -42.648  60.921 0.0000000000
51807  21.762  -43.469  61.316 0.0000000000
49547  21.269  -44.726  60.602 0.0000000000
49552  21.066  -45.399  60.293 0.0000000000
49544  21.119  -44.619  61.193 0.0000000000
50665  20.952  -44.143  62.264 0.0000000000
50658  20.797  -44.122  62.933 0.0000000000
52967  20.866  -42.627  63.736 0.0000000000
50652  20.343  -44.056  63.476 0.0000000000
50653  19.852  -44.262  63.811 0.0000000000
50647  19.518  -44.083  64.302 0.0000000000
57452  7.066  -38.098  59.144 0.0000000000
57463  7.023  -38.269  58.817 0.0000000000
58683  6.941  -37.811  58.850 0.0000000000
60900  6.787  -35.405  59.148 0.0000000000
61987  6.998  -34.588  56.362 0.0000000000
45906  8.385  -49.104  56.754 0.0000000000
47183  9.016  -48.476  56.794 0.0000000000
47180  9.509  -48.693  57.157 0.0000000000
48428  10.570  -47.865  57.516 0.0000000000
47171  12.414  -48.315  59.519 0.0000000000
48421  12.138  -47.745  59.223 0.0000000000
49546  15.425  -45.458  62.099 0.0000000000
55199  12.897  -40.966  64.349 0.0000000000
52957  13.005  -41.888  64.438 0.0000000000
55200  12.694  -41.131  64.112 0.0000000000
55205  11.723  -41.195  63.547 0.0000000000
54110  11.191  -41.658  63.293 0.0000000000
54113  10.936  -41.581  63.048 0.0000000000
55213  10.573  -41.526  62.182 0.0000000000
54118  10.447  -41.657  61.981 0.0000000000
55217  9.858  -41.294  61.008 0.0000000000
42253  16.668  -49.977  58.820 0.0000000000
42267  16.097  -50.360  57.646 0.0000000000
42254  15.972  -50.294  58.503 0.0000000000
41079  14.696  -50.526  58.340 0.0000000000
41092  13.552  -50.690  57.939 0.0000000000
42234  14.202  -50.373  59.550 0.0000000000
41081  13.386  -50.552  58.594 0.0000000000
41093  12.715  -50.703  57.831 0.0000000000
41107  9.742  -51.310  56.559 0.0000000000
41108  8.943  -51.345  56.585 0.0000000000
42259  9.038  -50.542  57.020 0.0000000000
42247  10.257  -50.130  57.678 0.0000000000
42248  9.592  -50.217  57.454 0.0000000000
42260  8.498  -50.594  56.851 0.0000000000
44674  8.682  -49.689  57.188 0.0000000000
49585  12.057  -45.604  55.638 0.0000000000
49601  12.417  -45.220  54.841 0.0000000000
50702  14.203  -44.723  56.074 0.0000000000
49600  13.283  -44.794  54.935 0.0000000000
49614  12.755  -44.844  54.271 0.0000000000
50722  13.329  -44.513  54.214 0.0000000000
51871  14.046  -43.657  52.879 0.0000000000
55261  11.653  -40.424  53.433 0.0000000000
55260  12.484  -40.581  53.641 0.0000000000
55275  12.164  -39.932  53.019 0.0000000000
56367  13.076  -39.550  52.301 0.0000000000
56380  13.937  -39.256  51.354 0.0000000000
56393  12.044  -39.281  50.672 0.0000000000
56392  13.215  -39.067  50.588 0.0000000000
56391  14.283  -39.235  50.404 0.0000000000
56419  14.687  -39.570  48.548 0.0000000000
56451  14.482  -39.835  46.498 0.0000000000
55365  14.336  -40.174  44.594 0.0000000000
57623  14.235  -39.236  45.502 0.0000000000
57652  13.940  -38.800  44.581 0.0000000000
57653  13.597  -38.578  44.129 0.0000000000
57608  12.075  -38.609  46.596 0.0000000000
57641  12.751  -38.048  44.834 0.0000000000
57654  12.790  -38.023  43.732 0.0000000000
58853  12.158  -37.482  43.940 0.0000000000
58854  11.553  -37.024  43.728 0.0000000000
59981  11.243  -36.670  43.170 0.0000000000
63098  10.176  -33.590  49.807 0.0000000000
63104  9.281  -33.988  48.183 0.0000000000
64197  10.591  -32.806  47.400 0.0000000000
50836  9.254  -45.591  45.840 0.0000000000
44640  15.460  -47.834  61.765 0.0000000000
45874  15.329  -47.544  61.839 0.0000000000
45867  16.140  -47.275  62.750 0.0000000000
47152  16.175  -46.700  63.372 0.0000000000
48394  16.824  -45.698  64.473 0.0000000000
49537  16.446  -45.116  64.826 0.0000000000
50644  15.420  -43.587  65.337 0.0000000000
51785  14.905  -43.012  65.364 0.0000000000
52955  13.923  -41.963  65.216 0.0000000000
51775  17.569  -42.975  65.751 0.0000000000
52947  16.821  -42.318  65.843 0.0000000000
52948  16.217  -42.254  65.899 0.0000000000
56272  15.164  -39.620  65.294 0.0000000000
55193  15.214  -40.818  65.578 0.0000000000
54095  15.440  -41.489  65.676 0.0000000000
54096  14.847  -41.452  65.603 0.0000000000
54097  14.254  -41.431  65.421 0.0000000000
55198  13.496  -40.862  64.865 0.0000000000
56288  12.261  -39.407  62.920 0.0000000000
57417  12.659  -38.960  62.902 0.0000000000
60933  22.654  -35.754  55.783 0.0000000000
59866  22.681  -36.381  56.028 0.0000000000
60918  22.113  -35.840  56.370 0.0000000000
58707  22.551  -37.716  56.792 0.0000000000
57473  22.369  -38.583  57.458 0.0000000000
55230  22.341  -40.490  56.845 0.0000000000
54136  22.061  -41.417  56.447 0.0000000000
52999  21.657  -42.970  56.249 0.0000000000
57432  21.569  -38.854  60.044 0.0000000000
52982  22.218  -42.490  58.786 0.0000000000
54130  22.287  -41.484  58.305 0.0000000000
52998  21.969  -42.451  56.924 0.0000000000
47214  20.222  -46.720  54.876 0.0000000000
43488  18.591  -49.207  55.923 0.0000000000
43477  17.801  -49.786  56.737 0.0000000000
43470  17.921  -49.567  57.755 0.0000000000
42278  17.344  -49.886  57.570 0.0000000000
48409  20.744  -46.032  60.731 0.0000000000
47168  20.364  -46.753  60.337 0.0000000000
45892  19.809  -47.820  59.387 0.0000000000
47158  20.163  -46.458  61.488 0.0000000000
45887  19.724  -47.542  60.291 0.0000000000
44660  19.461  -48.372  58.958 0.0000000000
44661  18.950  -48.705  59.361 0.0000000000
43462  17.927  -49.437  58.625 0.0000000000
42265  17.311  -49.757  58.317 0.0000000000
42239  17.287  -49.507  59.741 0.0000000000
42230  17.297  -49.417  60.087 0.0000000000
42224  16.713  -49.462  60.585 0.0000000000
44643  17.784  -48.176  61.761 0.0000000000
43433  17.032  -48.746  61.340 0.0000000000
43442  16.599  -49.271  60.895 0.0000000000
43430  16.344  -48.430  61.673 0.0000000000
43435  15.716  -48.665  61.441 0.0000000000
51843  12.130  -42.979  58.313 0.0000000000
52986  13.675  -42.718  58.145 0.0000000000
52994  11.927  -42.809  57.437 0.0000000000
53004  11.657  -42.489  56.687 0.0000000000
53005  10.662  -42.358  56.696 0.0000000000
53012  11.528  -42.100  55.980 0.0000000000
54149  11.566  -41.646  55.266 0.0000000000
54150  10.921  -41.504  55.176 0.0000000000
54160  10.761  -41.127  54.769 0.0000000000
55231  7.241  -40.386  56.928 0.0000000000
54142  7.737  -40.859  56.345 0.0000000000
55233  7.498  -40.268  56.084 0.0000000000
54151  8.346  -41.092  55.798 0.0000000000
53020  8.859  -41.164  55.399 0.0000000000
53025  9.841  -40.992  54.687 0.0000000000
54173  10.382  -40.830  54.244 0.0000000000
54187  10.219  -40.433  53.414 0.0000000000
55277  10.419  -40.028  52.694 0.0000000000
55293  10.043  -39.799  52.171 0.0000000000
55262  8.299  -39.642  53.783 0.0000000000
54206  9.111  -39.743  52.543 0.0000000000
55294  9.437  -39.669  51.979 0.0000000000
55306  9.297  -39.579  51.192 0.0000000000
55307  8.679  -39.406  50.974 0.0000000000
56396  8.223  -39.170  50.359 0.0000000000
59767  18.126  -37.214  63.526 0.0000000000
61906  16.865  -36.377  62.728 0.0000000000
61905  17.208  -36.094  62.713 0.0000000000
62986  16.588  -34.709  61.369 0.0000000000
63009  26.651  -33.548  59.981 0.0000000000
61967  25.828  -34.111  57.455 0.0000000000
63050  25.348  -33.726  56.998 0.0000000000
64116  24.330  -32.079  58.546 0.0000000000
63051  24.716  -33.508  56.490 0.0000000000
63052  23.908  -33.324  56.087 0.0000000000
63064  23.590  -33.898  55.557 0.0000000000
63065  22.625  -34.018  55.449 0.0000000000
63066  21.903  -34.288  55.622 0.0000000000
64134  20.612  -32.754  57.410 0.0000000000
61968  20.252  -34.371  57.362 0.0000000000
61959  20.109  -34.933  58.052 0.0000000000
60894  20.343  -35.919  58.466 0.0000000000
60871  19.632  -36.371  59.771 0.0000000000
65173  19.970  -32.022  59.054 0.0000000000
64107  19.622  -32.945  59.076 0.0000000000
64096  19.249  -32.786  59.564 0.0000000000
63011  19.193  -33.665  59.674 0.0000000000
60872  19.194  -35.506  59.983 0.0000000000
59776  19.108  -37.294  61.845 0.0000000000
59777  18.812  -36.669  61.811 0.0000000000
59770  19.120  -37.725  62.468 0.0000000000
59771  18.748  -37.292  62.680 0.0000000000
59766  18.517  -37.539  63.532 0.0000000000
47226  7.471  -47.554  53.630 0.0000000000
49587  10.282  -46.265  55.206 0.0000000000
48439  9.365  -47.841  56.597 0.0000000000
48438  10.035  -47.180  56.638 0.0000000000
49577  11.119  -46.265  56.182 0.0000000000
49564  14.696  -45.170  58.335 0.0000000000
49558  15.237  -44.941  59.240 0.0000000000
49563  15.280  -44.804  58.725 0.0000000000
51814  15.530  -43.887  59.464 0.0000000000
51825  14.474  -43.133  59.605 0.0000000000
45868  15.714  -47.258  62.359 0.0000000000
47156  15.303  -47.118  62.109 0.0000000000
51791  13.301  -42.412  64.385 0.0000000000
50656  13.286  -42.786  63.976 0.0000000000
50662  12.341  -42.579  63.333 0.0000000000
50675  14.455  -43.520  61.719 0.0000000000
51810  13.865  -43.229  61.397 0.0000000000
50684  12.244  -42.910  60.979 0.0000000000
50683  12.826  -43.003  61.090 0.0000000000
51817  13.370  -43.101  60.884 0.0000000000
52987  9.818  -42.452  58.617 0.0000000000
55223  8.321  -40.310  60.022 0.0000000000
57440  7.107  -38.119  59.490 0.0000000000
58666  6.949  -37.658  59.390 0.0000000000
60836  17.023  -36.893  63.267 0.0000000000
57500  23.057  -38.568  55.836 0.0000000000
57515  23.233  -38.826  55.184 0.0000000000
55241  21.871  -40.548  54.003 0.0000000000
42269  14.729  -50.641  57.140 0.0000000000
42283  13.961  -50.958  56.098 0.0000000000
42284  13.193  -51.152  55.958 0.0000000000
42296  12.847  -51.157  55.152 0.0000000000
48497  7.246  -47.076  51.783 0.0000000000
49630  9.901  -45.727  52.336 0.0000000000
49641  9.623  -45.743  51.622 0.0000000000
49642  9.210  -46.145  51.291 0.0000000000
50754  8.760  -46.305  50.094 0.0000000000
51910  10.522  -44.966  49.600 0.0000000000
51999  10.261  -44.664  45.744 0.0000000000
52992  14.126  -42.390  57.568 0.0000000000
53000  15.309  -42.583  56.650 0.0000000000
51850  15.433  -43.140  55.949 0.0000000000
54145  15.069  -41.855  55.599 0.0000000000
51858  15.348  -42.868  55.088 0.0000000000
51851  15.147  -43.426  55.303 0.0000000000
51859  14.983  -43.312  54.566 0.0000000000
55259  13.635  -40.376  53.520 0.0000000000
55272  15.161  -40.640  52.784 0.0000000000
54185  15.337  -41.393  53.095 0.0000000000
54215  15.345  -41.147  50.776 0.0000000000
54203  15.214  -41.743  51.315 0.0000000000
53030  15.356  -41.980  52.675 0.0000000000
53031  14.985  -42.553  52.464 0.0000000000
51892  14.156  -43.182  51.557 0.0000000000
51893  13.614  -43.502  51.061 0.0000000000
51906  13.293  -43.527  50.184 0.0000000000
51922  12.992  -43.550  49.552 0.0000000000
53091  12.619  -43.405  48.439 0.0000000000
53090  13.310  -42.775  48.153 0.0000000000
51960  11.716  -43.778  47.752 0.0000000000
53108  11.731  -43.667  47.278 0.0000000000
53127  11.243  -43.843  46.385 0.0000000000
51998  10.776  -44.056  45.297 0.0000000000
52031  10.359  -43.806  43.812 0.0000000000
52030  10.669  -43.591  43.910 0.0000000000
55379  14.131  -39.897  43.904 0.0000000000
55380  13.656  -40.218  43.338 0.0000000000
55396  12.417  -40.277  42.457 0.0000000000
56499  12.650  -39.290  42.356 0.0000000000
55397  11.499  -40.231  42.242 0.0000000000
64139  7.065  -32.572  57.400 0.0000000000
64150  7.159  -32.589  56.349 0.0000000000
60938  7.203  -35.679  54.617 0.0000000000
57550  8.116  -38.088  51.314 0.0000000000
56411  7.873  -38.740  49.837 0.0000000000
63085  7.507  -33.502  52.714 0.0000000000
62014  8.120  -34.505  51.761 0.0000000000
57562  7.822  -38.094  50.346 0.0000000000
56426  8.022  -38.728  48.809 0.0000000000
56439  8.668  -38.693  47.997 0.0000000000
57594  9.256  -38.429  47.297 0.0000000000
57596  8.024  -37.728  47.790 0.0000000000
57611  9.041  -37.831  46.643 0.0000000000
57628  9.761  -37.692  45.993 0.0000000000
58823  9.615  -37.247  45.317 0.0000000000
59967  10.037  -36.503  43.920 0.0000000000
59982  10.600  -36.254  43.128 0.0000000000
61006  7.792  -35.434  46.436 0.0000000000
59970  8.161  -35.875  44.800 0.0000000000
59969  8.436  -35.849  44.353 0.0000000000
61056  10.232  -35.716  42.019 0.0000000000
41074  13.873  -50.592  59.052 0.0000000000
41076  13.038  -50.334  59.266 0.0000000000
41080  14.151  -50.567  58.587 0.0000000000
41084  11.428  -50.228  57.994 0.0000000000
41097  9.343  -50.767  56.874 0.0000000000
41103  13.778  -50.823  57.334 0.0000000000
42226  15.598  -49.881  60.416 0.0000000000
42229  13.209  -49.929  59.812 0.0000000000
42231  16.852  -49.576  60.207 0.0000000000
42237  12.239  -50.012  59.002 0.0000000000
42240  16.698  -49.833  59.559 0.0000000000
42245  11.795  -50.090  58.463 0.0000000000
42252  17.291  -49.631  59.091 0.0000000000
42255  15.270  -50.470  58.103 0.0000000000
42256  14.906  -50.549  57.713 0.0000000000
42257  10.320  -50.380  57.438 0.0000000000
42270  14.127  -50.824  56.830 0.0000000000
42273  8.563  -50.960  56.691 0.0000000000
42280  16.160  -50.432  56.800 0.0000000000
42292  16.159  -50.488  55.983 0.0000000000
43431  16.188  -48.219  61.820 0.0000000000
43434  16.406  -48.866  61.335 0.0000000000
43440  17.621  -49.031  60.590 0.0000000000
43441  17.095  -49.221  60.720 0.0000000000
43447  12.610  -49.493  59.586 0.0000000000
43449  18.365  -48.995  59.730 0.0000000000
43451  17.317  -49.317  60.327 0.0000000000
43455  11.514  -49.472  58.392 0.0000000000
43456  18.488  -49.100  58.981 0.0000000000
43458  11.613  -50.150  58.537 0.0000000000
43459  11.046  -49.746  58.073 0.0000000000
43463  9.212  -50.041  57.474 0.0000000000
43464  8.732  -50.189  57.175 0.0000000000
43478  17.289  -50.111  56.441 0.0000000000
43489  18.217  -49.545  55.836 0.0000000000
44633  17.127  -47.798  62.942 0.0000000000
44635  16.472  -47.642  62.590 0.0000000000
44636  17.624  -47.912  62.272 0.0000000000
44641  15.078  -48.238  61.499 0.0000000000
44642  18.284  -48.075  61.608 0.0000000000
44644  17.083  -48.237  61.886 0.0000000000
44646  15.575  -48.169  61.684 0.0000000000
44647  15.132  -48.370  61.476 0.0000000000
44651  18.550  -48.226  61.148 0.0000000000
44653  13.396  -48.958  60.431 0.0000000000
44655  12.360  -48.942  59.415 0.0000000000
44658  12.052  -49.066  58.947 0.0000000000
44662  11.076  -49.230  57.971 0.0000000000
44666  9.491  -49.605  57.561 0.0000000000
45861  16.927  -47.003  63.517 0.0000000000
45864  18.082  -47.254  63.306 0.0000000000
45870  18.715  -47.301  62.856 0.0000000000
45872  17.476  -47.784  62.830 0.0000000000
45873  15.745  -47.497  62.158 0.0000000000
45878  18.027  -47.883  62.064 0.0000000000
45880  13.665  -48.447  60.668 0.0000000000
45881  19.214  -47.598  61.286 0.0000000000
45884  12.610  -48.787  59.714 0.0000000000
45886  20.063  -47.150  60.216 0.0000000000
45889  11.912  -48.845  58.791 0.0000000000
45890  11.029  -48.883  58.405 0.0000000000
45891  20.136  -47.256  59.782 0.0000000000
45894  10.852  -48.883  57.920 0.0000000000
45895  10.206  -49.230  57.644 0.0000000000
45896  20.270  -47.391  58.959 0.0000000000
45899  9.696  -49.071  57.395 0.0000000000
45903  20.409  -47.496  58.092 0.0000000000
47142  17.026  -45.687  64.518 0.0000000000
47144  17.914  -46.149  64.009 0.0000000000
47147  16.514  -46.495  63.759 0.0000000000
47150  18.251  -46.647  63.601 0.0000000000
47154  19.573  -46.673  62.565 0.0000000000
47155  19.238  -46.915  63.017 0.0000000000
47161  14.515  -47.586  61.430 0.0000000000
47163  20.400  -46.438  61.026 0.0000000000
47164  19.945  -46.941  60.934 0.0000000000
47167  12.912  -48.416  60.018 0.0000000000
47170  12.909  -48.111  60.029 0.0000000000
47172  11.994  -48.447  59.014 0.0000000000
47174  11.662  -47.922  58.892 0.0000000000
47176  10.883  -48.636  57.742 0.0000000000
47178  10.893  -47.999  57.763 0.0000000000
47182  9.706  -48.359  57.068 0.0000000000
47184  8.300  -48.613  56.356 0.0000000000
47217  7.140  -48.073  53.914 0.0000000000
48385  18.325  -44.920  64.567 0.0000000000
48388  16.922  -45.264  64.799 0.0000000000
48389  16.669  -45.202  64.818 0.0000000000
48390  19.323  -45.157  63.794 0.0000000000
48392  18.119  -45.507  64.348 0.0000000000
48400  16.281  -46.288  63.820 0.0000000000
48403  20.021  -46.016  62.817 0.0000000000
48417  12.657  -47.969  59.768 0.0000000000
48424  13.414  -46.020  59.025 0.0000000000
48448  20.732  -46.282  55.265 0.0000000000
48449  10.777  -46.381  56.024 0.0000000000
48496  7.797  -46.615  51.331 0.0000000000
49529  18.510  -44.488  64.669 0.0000000000
49539  20.431  -44.649  63.073 0.0000000000
49540  19.944  -44.814  63.461 0.0000000000
49542  20.602  -44.797  62.607 0.0000000000
49545  20.800  -44.912  61.819 0.0000000000
49551  21.454  -44.790  59.884 0.0000000000
49555  13.973  -46.061  59.937 0.0000000000
49556  21.617  -44.787  59.109 0.0000000000
49561  21.709  -44.753  58.650 0.0000000000
49571  11.982  -46.167  57.139 0.0000000000
49583  13.759  -44.812  55.663 0.0000000000
49599  13.828  -44.599  55.211 0.0000000000
50635  16.559  -43.648  66.110 0.0000000000
50638  19.107  -43.853  64.620 0.0000000000
50641  17.531  -44.174  65.895 0.0000000000
50643  16.206  -44.060  65.739 0.0000000000
50646  20.019  -43.820  63.940 0.0000000000
50648  18.911  -44.253  64.578 0.0000000000
50663  11.722  -42.413  63.131 0.0000000000
50664  21.219  -44.108  61.578 0.0000000000
50671  11.149  -42.329  62.586 0.0000000000
50672  21.554  -44.120  60.937 0.0000000000
50688  15.500  -44.410  59.079 0.0000000000
50689  11.893  -42.890  60.458 0.0000000000
50692  21.767  -44.696  58.390 0.0000000000
50694  14.908  -44.900  57.841 0.0000000000
50696  21.808  -44.474  57.796 0.0000000000
50698  14.920  -44.685  57.402 0.0000000000
50720  14.689  -43.874  55.042 0.0000000000
51776  17.043  -43.094  66.022 0.0000000000
51777  16.387  -42.952  66.081 0.0000000000
51779  15.180  -42.753  65.619 0.0000000000
51781  19.037  -43.353  64.769 0.0000000000
51782  18.462  -43.362  65.136 0.0000000000
51788  20.003  -43.452  64.284 0.0000000000
51792  12.551  -42.092  64.008 0.0000000000
51793  12.111  -42.148  63.913 0.0000000000
51795  12.956  -42.708  63.806 0.0000000000
51797  11.937  -42.067  63.627 0.0000000000
51801  10.942  -42.070  62.964 0.0000000000
51804  11.207  -42.296  62.812 0.0000000000
51806  10.467  -42.052  62.178 0.0000000000
51808  14.982  -43.636  60.749 0.0000000000
51818  12.665  -42.998  60.833 0.0000000000
51822  22.090  -43.641  59.874 0.0000000000
51824  15.236  -43.395  59.247 0.0000000000
51832  15.588  -43.775  58.040 0.0000000000
51841  15.537  -43.535  57.369 0.0000000000
51842  13.005  -42.923  58.440 0.0000000000
51848  15.511  -43.248  56.736 0.0000000000
51926  10.291  -45.162  48.935 0.0000000000
51980  11.208  -43.870  46.684 0.0000000000
52013  10.735  -43.785  44.325 0.0000000000
52946  17.447  -42.334  65.709 0.0000000000
52949  15.621  -42.175  65.822 0.0000000000
52950  15.057  -42.057  65.661 0.0000000000
52951  14.505  -41.997  65.496 0.0000000000
52956  13.378  -41.943  64.759 0.0000000000
52958  19.939  -43.137  64.513 0.0000000000
52959  19.680  -42.766  64.720 0.0000000000
52960  13.027  -42.120  64.379 0.0000000000
52965  11.402  -41.885  63.393 0.0000000000
52968  10.932  -42.170  63.287 0.0000000000
52973  10.492  -42.005  62.436 0.0000000000
52974  10.274  -41.929  61.926 0.0000000000
52984  15.146  -42.875  58.087 0.0000000000
52989  22.143  -42.388  57.854 0.0000000000
52990  15.435  -42.938  57.400 0.0000000000
52991  14.955  -42.470  57.516 0.0000000000
53002  13.824  -42.122  56.877 0.0000000000
53010  15.316  -42.431  55.718 0.0000000000
53011  12.285  -42.132  56.118 0.0000000000
53019  9.482  -41.246  55.192 0.0000000000
53024  10.121  -41.157  54.850 0.0000000000
53043  15.247  -42.022  51.944 0.0000000000
53076  12.972  -43.292  48.947 0.0000000000
53140  13.166  -42.139  45.320 0.0000000000
53169  12.257  -41.990  43.641 0.0000000000
54092  17.301  -41.560  65.649 0.0000000000
54094  16.045  -41.532  65.742 0.0000000000
54101  13.695  -41.436  65.080 0.0000000000
54102  13.221  -41.479  64.629 0.0000000000
54103  12.773  -41.567  64.268 0.0000000000
54105  19.193  -40.951  65.391 0.0000000000
54106  12.340  -41.617  63.878 0.0000000000
54107  11.740  -41.637  63.554 0.0000000000
54111  10.859  -41.812  63.040 0.0000000000
54114  10.620  -41.792  62.580 0.0000000000
54115  10.364  -41.918  62.151 0.0000000000
54116  21.535  -42.310  62.100 0.0000000000
54139  13.695  -41.793  56.142 0.0000000000
54159  11.528  -41.197  54.701 0.0000000000
54161  9.112  -40.992  55.039 0.0000000000
54163  8.272  -40.329  54.747 0.0000000000
54170  14.728  -40.943  53.984 0.0000000000
54172  11.416  -40.848  54.055 0.0000000000
54186  10.964  -40.548  53.591 0.0000000000
54190  8.629  -39.774  53.334 0.0000000000
54204  9.881  -40.103  52.875 0.0000000000
54205  9.453  -39.927  52.707 0.0000000000
54277  13.148  -42.065  45.027 0.0000000000
54290  14.099  -40.664  44.395 0.0000000000
54292  13.037  -41.871  44.439 0.0000000000
54328  11.371  -41.067  42.552 0.0000000000
55191  16.486  -40.831  65.580 0.0000000000
55194  14.601  -40.841  65.515 0.0000000000
55195  14.021  -40.805  65.289 0.0000000000
55197  17.728  -40.872  65.591 0.0000000000
55201  19.668  -40.409  64.933 0.0000000000
55203  12.665  -40.723  64.078 0.0000000000
55204  12.147  -41.121  63.762 0.0000000000
55206  20.657  -40.968  63.827 0.0000000000
55209  11.338  -40.842  63.245 0.0000000000
55214  21.331  -40.281  62.016 0.0000000000
55218  21.982  -40.565  60.848 0.0000000000
55245  12.524  -40.989  54.087 0.0000000000
55246  8.047  -39.888  54.513 0.0000000000
55258  14.575  -40.553  53.451 0.0000000000
55278  8.845  -39.679  52.796 0.0000000000
55288  15.131  -40.163  51.935 0.0000000000
55290  12.627  -39.646  52.432 0.0000000000
55305  9.954  -39.652  51.278 0.0000000000
55308  8.226  -39.089  51.085 0.0000000000
55316  9.725  -39.599  50.658 0.0000000000
55325  15.028  -41.015  48.623 0.0000000000
55332  15.053  -40.574  48.448 0.0000000000
55366  14.021  -40.427  44.032 0.0000000000
55381  13.020  -40.583  42.976 0.0000000000
56264  16.934  -40.159  65.383 0.0000000000
56266  15.608  -40.067  65.403 0.0000000000
56267  14.925  -40.214  65.423 0.0000000000
56271  17.162  -39.797  65.273 0.0000000000
56277  19.079  -39.680  65.103 0.0000000000
56282  19.448  -39.390  64.784 0.0000000000
56302  21.784  -39.449  60.190 0.0000000000
56303  21.513  -39.366  60.732 0.0000000000
56315  22.484  -39.545  57.205 0.0000000000
56322  22.594  -39.541  56.331 0.0000000000
56355  8.122  -39.131  53.589 0.0000000000
56366  13.670  -39.512  52.175 0.0000000000
56383  10.921  -39.611  51.491 0.0000000000
56390  15.031  -39.771  50.226 0.0000000000
56397  7.999  -38.690  50.738 0.0000000000
56404  14.547  -39.342  49.451 0.0000000000
56409  9.161  -39.504  49.499 0.0000000000
56420  13.979  -39.063  48.673 0.0000000000
56433  14.984  -40.348  48.110 0.0000000000
56435  12.392  -39.044  48.235 0.0000000000
56452  14.241  -39.503  46.214 0.0000000000
56466  14.350  -39.631  45.801 0.0000000000
56467  14.136  -39.282  45.914 0.0000000000
56477  14.384  -39.591  45.127 0.0000000000
56500  11.744  -39.252  42.050 0.0000000000
56517  10.249  -38.778  41.892 0.0000000000
56518  9.785  -38.795  41.994 0.0000000000
57396  16.937  -39.711  65.278 0.0000000000
57397  16.644  -39.678  65.288 0.0000000000
57399  18.198  -39.193  64.957 0.0000000000
57402  16.430  -39.143  65.133 0.0000000000
57403  15.716  -39.233  65.184 0.0000000000
57405  14.431  -39.264  64.998 0.0000000000
57407  18.005  -38.755  64.752 0.0000000000
57580  13.381  -39.019  47.980 0.0000000000
57581  12.834  -39.004  48.091 0.0000000000
57593  10.762  -38.893  47.328 0.0000000000
57605  14.246  -39.508  46.517 0.0000000000
57606  13.941  -39.203  46.419 0.0000000000
57612  8.350  -37.507  46.976 0.0000000000
57627  10.651  -37.929  46.033 0.0000000000
57639  14.161  -38.955  45.019 0.0000000000
57640  13.565  -38.543  44.983 0.0000000000
57668  9.029  -38.840  42.053 0.0000000000
57682  10.500  -38.083  41.542 0.0000000000
58604  17.775  -38.636  64.712 0.0000000000
58605  17.455  -38.495  64.685 0.0000000000
58607  16.158  -38.671  64.882 0.0000000000
58609  18.566  -38.246  64.357 0.0000000000
58611  17.472  -38.136  64.499 0.0000000000
58616  19.434  -38.425  63.698 0.0000000000
58643  20.298  -37.652  60.244 0.0000000000
58660  20.983  -37.596  59.359 0.0000000000
58676  21.524  -37.569  58.436 0.0000000000
58677  21.187  -37.453  58.849 0.0000000000
58706  22.844  -37.087  56.160 0.0000000000
58838  12.274  -37.691  44.434 0.0000000000
58855  10.819  -36.673  43.698 0.0000000000
58867  12.289  -37.517  43.168 0.0000000000
58868  11.761  -37.002  42.797 0.0000000000
59759  17.287  -38.127  64.497 0.0000000000
59760  18.595  -37.841  64.019 0.0000000000
59762  17.539  -37.816  64.299 0.0000000000
59763  16.957  -37.832  64.346 0.0000000000
59764  16.393  -37.791  64.164 0.0000000000
59772  16.030  -37.336  63.296 0.0000000000
59788  19.300  -37.030  61.057 0.0000000000
59822  6.864  -37.173  59.684 0.0000000000
59843  21.782  -36.926  57.631 0.0000000000
59844  21.397  -36.502  57.729 0.0000000000
59853  22.718  -36.629  56.094 0.0000000000
59920  7.596  -36.588  48.737 0.0000000000
59945  7.901  -36.092  45.972 0.0000000000
59954  8.313  -36.309  44.997 0.0000000000
59955  8.033  -35.922  45.228 0.0000000000
59983  9.707  -35.960  43.451 0.0000000000
59984  8.991  -35.718  43.748 0.0000000000
59998  11.214  -36.568  42.556 0.0000000000
60014  11.100  -36.500  42.125 0.0000000000
60015  10.699  -36.409  41.832 0.0000000000
60829  17.765  -37.282  63.734 0.0000000000
60833  18.235  -36.815  62.897 0.0000000000
60834  17.879  -36.831  63.167 0.0000000000
60835  17.470  -36.875  63.240 0.0000000000
60837  16.542  -37.001  63.163 0.0000000000
60838  18.448  -36.386  62.213 0.0000000000
60839  15.784  -36.687  62.525 0.0000000000
60882  20.021  -36.360  59.118 0.0000000000
60905  20.945  -36.086  57.953 0.0000000000
60959  8.277  -35.028  51.193 0.0000000000
61025  8.259  -35.432  44.229 0.0000000000
61026  7.979  -35.263  44.563 0.0000000000
61040  10.055  -35.721  42.707 0.0000000000
61057  9.503  -35.188  42.281 0.0000000000
61902  18.239  -36.568  62.946 0.0000000000
61910  16.976  -35.611  62.232 0.0000000000
61958  25.900  -33.875  58.049 0.0000000000
61969  20.024  -34.422  57.950 0.0000000000
61992  23.216  -34.760  55.337 0.0000000000
61993  22.344  -34.817  55.576 0.0000000000
61994  21.816  -34.735  55.782 0.0000000000
62013  8.437  -34.548  51.346 0.0000000000
62039  9.315  -34.217  48.561 0.0000000000
62041  7.977  -35.149  47.810 0.0000000000
62974  16.928  -34.918  61.988 0.0000000000
62984  17.422  -34.235  61.289 0.0000000000
63038  25.465  -33.464  57.700 0.0000000000
63039  25.026  -33.266  57.176 0.0000000000
63040  20.149  -33.421  57.723 0.0000000000
63041  19.919  -34.019  57.963 0.0000000000
63063  24.306  -33.815  55.846 0.0000000000
63088  8.565  -34.027  51.605 0.0000000000
63097  10.509  -33.281  49.505 0.0000000000
64118  20.924  -32.130  57.875 0.0000000000
64142  24.183  -33.031  56.565 0.0000000000
64181  8.720  -32.546  51.876 0.0000000000
64185  10.730  -32.804  49.648 0.0000000000
