#!ascii label  , from subject mmSR20151113 vox2ras=TkReg
1946
39073  20.189  -55.220  53.522 0.0000000000
70094  46.238  -27.649  24.817 0.0000000000
48599  33.036  -47.356  43.964 0.0000000000
49689  44.673  -45.906  46.196 0.0000000000
55443  25.331  -40.881  38.997 0.0000000000
45958  24.420  -48.259  52.730 0.0000000000
85895  51.215  -14.126  19.502 0.0000000000
74377  58.392  -23.679  28.198 0.0000000000
60059  41.274  -35.931  37.950 0.0000000000
87031  55.221  -11.668  14.482 0.0000000000
49666  31.848  -45.354  48.411 0.0000000000
41136  23.534  -52.098  53.977 0.0000000000
78630  54.544  -19.323  23.646 0.0000000000
77624  49.705  -21.051  22.093 0.0000000000
65455  48.402  -31.352  31.730 0.0000000000
67663  53.835  -29.366  31.588 0.0000000000
65481  42.369  -32.347  31.279 0.0000000000
49773  42.671  -45.415  40.573 0.0000000000
46113  39.573  -49.146  44.533 0.0000000000
54286  27.364  -41.845  44.677 0.0000000000
51867  26.238  -44.149  52.177 0.0000000000
49707  24.613  -45.794  45.317 0.0000000000
44816  21.385  -49.610  46.162 0.0000000000
53199  29.427  -42.627  41.323 0.0000000000
86953  57.307  -13.370  21.648 0.0000000000
80826  58.394  -17.944  25.747 0.0000000000
72327  51.935  -25.692  26.590 0.0000000000
65350  42.510  -33.286  38.146 0.0000000000
54337  46.429  -41.600  40.830 0.0000000000
85926  52.824  -13.143  16.523 0.0000000000
82983  60.031  -15.481  18.327 0.0000000000
81992  59.641  -16.832  15.091 0.0000000000
51900  31.425  -43.616  50.414 0.0000000000
40085  21.783  -54.101  53.762 0.0000000000
41111  23.731  -52.433  56.544 0.0000000000
40062  22.012  -54.292  56.541 0.0000000000
80879  47.635  -17.798  20.137 0.0000000000
65411  48.653  -31.606  35.021 0.0000000000
66519  51.418  -30.798  34.962 0.0000000000
37963  13.863  -56.328  55.763 0.0000000000
66595  42.209  -31.622  28.290 0.0000000000
48615  35.130  -47.428  42.288 0.0000000000
47398  38.135  -47.960  42.271 0.0000000000
46116  36.200  -48.862  44.390 0.0000000000
54324  26.284  -41.737  42.127 0.0000000000
53152  26.292  -43.310  44.988 0.0000000000
52067  25.015  -43.836  41.553 0.0000000000
56549  27.119  -40.642  39.446 0.0000000000
54301  28.674  -41.821  43.293 0.0000000000
49626  24.951  -45.635  52.137 0.0000000000
85892  53.826  -13.303  20.111 0.0000000000
83884  57.210  -14.980  23.999 0.0000000000
82933  55.448  -15.585  23.040 0.0000000000
76508  57.019  -21.987  25.736 0.0000000000
76506  58.450  -21.322  26.395 0.0000000000
74443  44.983  -23.892  23.634 0.0000000000
75443  47.430  -23.176  23.511 0.0000000000
71224  49.185  -26.722  25.932 0.0000000000
64349  37.667  -33.152  35.440 0.0000000000
65429  39.435  -31.998  34.159 0.0000000000
63180  40.528  -34.089  38.330 0.0000000000
48598  44.753  -47.222  43.099 0.0000000000
50907  45.337  -44.644  40.523 0.0000000000
50856  47.239  -44.619  43.208 0.0000000000
85929  50.138  -13.345  17.425 0.0000000000
87992  50.270  -10.631  15.924 0.0000000000
86996  52.228  -13.459  18.168 0.0000000000
86993  54.889  -13.238  19.187 0.0000000000
83974  57.336  -14.634  14.131 0.0000000000
83012  57.517  -15.913  15.539 0.0000000000
83003  59.850  -16.396  16.450 0.0000000000
81988  57.003  -16.304  16.991 0.0000000000
48572  32.323  -46.956  46.191 0.0000000000
46047  34.339  -48.894  47.440 0.0000000000
47272  34.215  -47.635  49.918 0.0000000000
43518  23.923  -50.532  53.058 0.0000000000
44688  25.689  -49.157  56.101 0.0000000000
42276  24.672  -51.390  56.273 0.0000000000
84867  49.243  -14.667  18.910 0.0000000000
81941  53.201  -16.777  20.553 0.0000000000
80893  51.673  -17.938  20.237 0.0000000000
77621  52.242  -20.295  22.520 0.0000000000
75425  54.238  -22.625  25.059 0.0000000000
66589  48.176  -30.412  27.918 0.0000000000
68905  50.640  -28.799  28.303 0.0000000000
67666  50.981  -30.186  31.700 0.0000000000
57740  42.953  -38.044  36.531 0.0000000000
50792  46.910  -44.921  47.095 0.0000000000
39088  16.790  -54.773  52.294 0.0000000000
39027  19.667  -55.404  57.043 0.0000000000
39039  16.717  -55.462  55.984 0.0000000000
68962  44.321  -28.515  25.302 0.0000000000
66592  45.329  -30.958  28.279 0.0000000000
65477  46.138  -31.982  31.463 0.0000000000
64342  46.751  -33.094  35.504 0.0000000000
48651  39.332  -46.340  40.013 0.0000000000
46150  41.823  -48.507  42.893 0.0000000000
47340  42.587  -47.778  45.536 0.0000000000
44789  37.448  -49.445  47.827 0.0000000000
47289  40.568  -47.986  48.169 0.0000000000
53055  29.438  -42.920  50.105 0.0000000000
51876  28.482  -43.581  52.002 0.0000000000
53087  27.181  -43.423  48.247 0.0000000000
50769  25.351  -45.101  48.814 0.0000000000
48518  24.488  -46.657  49.348 0.0000000000
49747  23.202  -45.959  42.145 0.0000000000
47329  23.399  -47.315  46.259 0.0000000000
45994  23.655  -48.897  50.426 0.0000000000
43562  22.496  -50.886  49.952 0.0000000000
42369  21.164  -52.511  49.973 0.0000000000
40140  18.751  -53.583  49.684 0.0000000000
49762  32.318  -45.881  41.052 0.0000000000
52084  30.386  -43.875  40.347 0.0000000000
50863  30.738  -44.872  42.644 0.0000000000
50831  30.218  -44.076  44.987 0.0000000000
51956  29.969  -43.623  47.152 0.0000000000
80846  58.832  -18.059  24.735 0.0000000000
79723  56.291  -18.396  25.049 0.0000000000
77627  46.463  -20.874  21.926 0.0000000000
75440  50.262  -22.555  24.217 0.0000000000
73374  54.656  -25.008  27.235 0.0000000000
68903  52.936  -28.221  28.619 0.0000000000
71160  56.745  -26.600  30.269 0.0000000000
65484  39.316  -32.368  31.368 0.0000000000
63228  42.796  -33.616  35.278 0.0000000000
65346  46.056  -32.649  38.797 0.0000000000
54381  45.492  -41.386  38.678 0.0000000000
56544  45.239  -39.200  39.083 0.0000000000
53145  47.898  -42.764  44.520 0.0000000000
55370  45.961  -40.018  42.952 0.0000000000
58896  43.726  -37.357  40.549 0.0000000000
62102  43.391  -34.880  41.358 0.0000000000
63143  46.025  -33.900  41.272 0.0000000000
84889  53.707  -13.380  15.584 0.0000000000
84871  56.706  -14.372  19.123 0.0000000000
84851  59.001  -13.842  20.585 0.0000000000
50735  32.530  -44.543  52.708 0.0000000000
39084  20.643  -54.795  52.928 0.0000000000
40069  22.531  -53.705  55.784 0.0000000000
39044  21.207  -54.904  55.460 0.0000000000
65369  49.263  -31.796  37.055 0.0000000000
66489  50.749  -31.216  37.256 0.0000000000
36860  12.430  -57.061  54.304 0.0000000000
47403  34.272  -47.462  42.963 0.0000000000
47378  35.374  -47.938  43.341 0.0000000000
47360  34.397  -48.136  44.167 0.0000000000
55427  25.869  -41.473  40.377 0.0000000000
53200  25.402  -42.848  41.513 0.0000000000
54356  25.259  -42.051  40.193 0.0000000000
56564  27.312  -39.912  38.704 0.0000000000
55442  26.110  -40.608  39.142 0.0000000000
55412  27.125  -41.174  41.338 0.0000000000
47223  24.665  -47.506  53.160 0.0000000000
47213  24.931  -47.485  54.183 0.0000000000
84853  52.621  -13.758  20.256 0.0000000000
83902  55.106  -14.823  21.826 0.0000000000
83910  53.291  -14.773  20.836 0.0000000000
75394  57.813  -22.978  26.899 0.0000000000
75393  58.373  -22.739  27.056 0.0000000000
71254  45.998  -26.454  24.215 0.0000000000
72349  47.502  -26.060  24.626 0.0000000000
70092  48.023  -27.331  25.447 0.0000000000
60075  40.414  -35.983  36.911 0.0000000000
62155  39.261  -34.485  37.259 0.0000000000
64325  38.837  -33.102  36.498 0.0000000000
61102  41.336  -35.551  38.904 0.0000000000
49719  44.802  -46.540  44.703 0.0000000000
49729  46.265  -45.688  43.458 0.0000000000
50841  45.706  -45.552  45.012 0.0000000000
85919  50.465  -13.939  18.166 0.0000000000
85928  51.198  -13.443  17.509 0.0000000000
85905  52.011  -13.542  19.040 0.0000000000
86986  52.754  -13.331  19.002 0.0000000000
83961  56.909  -14.621  15.351 0.0000000000
83013  56.814  -15.542  15.886 0.0000000000
83957  55.641  -15.470  16.058 0.0000000000
49691  31.850  -46.068  47.205 0.0000000000
47311  32.829  -47.064  47.453 0.0000000000
48532  32.874  -46.301  48.802 0.0000000000
42337  23.498  -51.237  52.642 0.0000000000
43486  24.702  -50.694  55.469 0.0000000000
42290  24.097  -51.616  55.191 0.0000000000
41100  24.135  -52.531  57.518 0.0000000000
41099  24.734  -52.120  57.722 0.0000000000
83933  48.580  -15.042  18.958 0.0000000000
82958  50.260  -16.004  20.286 0.0000000000
82960  48.809  -16.260  19.776 0.0000000000
77646  48.709  -19.819  20.544 0.0000000000
77643  50.630  -20.123  20.693 0.0000000000
77623  50.687  -20.822  22.032 0.0000000000
76534  52.856  -21.635  24.063 0.0000000000
76554  51.343  -21.349  23.252 0.0000000000
66570  48.255  -30.991  29.066 0.0000000000
66569  49.087  -30.544  29.706 0.0000000000
66548  49.888  -30.603  31.627 0.0000000000
84885  48.439  -13.403  17.612 0.0000000000
39062  16.483  -55.271  54.030 0.0000000000
39063  15.567  -55.351  53.822 0.0000000000
68964  42.278  -28.455  25.444 0.0000000000
67746  44.040  -29.680  26.430 0.0000000000
67747  43.020  -29.764  26.445 0.0000000000
65524  42.383  -31.933  29.593 0.0000000000
65522  44.257  -31.579  29.767 0.0000000000
65479  44.056  -31.998  31.409 0.0000000000
65442  45.666  -32.525  33.243 0.0000000000
64386  44.781  -33.126  33.669 0.0000000000
48652  38.214  -46.604  40.072 0.0000000000
46136  39.092  -48.908  43.562 0.0000000000
46152  39.713  -48.558  42.796 0.0000000000
46135  40.238  -48.927  43.632 0.0000000000
46110  42.858  -48.428  44.270 0.0000000000
46088  41.080  -48.690  45.378 0.0000000000
46006  35.466  -49.110  49.461 0.0000000000
44775  36.045  -49.528  48.197 0.0000000000
44754  37.157  -49.456  49.099 0.0000000000
47253  40.206  -48.411  49.369 0.0000000000
47288  41.598  -47.650  48.101 0.0000000000
54241  28.172  -42.688  46.366 0.0000000000
53071  27.739  -43.151  49.189 0.0000000000
54260  27.362  -42.877  46.403 0.0000000000
50832  25.743  -44.669  45.495 0.0000000000
50815  25.844  -44.648  46.440 0.0000000000
49682  25.065  -45.495  46.897 0.0000000000
49653  24.964  -45.667  48.907 0.0000000000
48549  24.555  -46.122  47.114 0.0000000000
49781  23.526  -44.985  40.860 0.0000000000
46122  21.161  -48.699  44.366 0.0000000000
47363  22.327  -47.564  44.046 0.0000000000
46077  22.457  -48.488  46.205 0.0000000000
47316  23.119  -48.048  47.312 0.0000000000
44780  22.516  -49.542  48.289 0.0000000000
44746  23.081  -49.940  50.362 0.0000000000
44781  21.962  -50.269  48.240 0.0000000000
41199  19.782  -52.884  49.253 0.0000000000
49779  32.639  -45.707  40.197 0.0000000000
49780  31.953  -45.401  40.277 0.0000000000
54371  28.699  -41.538  39.709 0.0000000000
53198  29.765  -43.086  40.936 0.0000000000
50879  30.768  -44.749  41.793 0.0000000000
52046  30.056  -43.664  42.204 0.0000000000
50847  30.558  -44.831  43.913 0.0000000000
52024  29.915  -43.494  43.049 0.0000000000
54302  27.978  -41.410  43.339 0.0000000000
53136  29.127  -42.552  45.028 0.0000000000
54270  28.458  -42.144  45.243 0.0000000000
53083  29.612  -43.152  48.174 0.0000000000
51866  26.814  -43.978  52.565 0.0000000000
39018  19.864  -55.399  57.901 0.0000000000
39017  20.780  -55.129  57.991 0.0000000000
84818  58.741  -14.171  23.201 0.0000000000
81911  57.844  -16.532  24.922 0.0000000000
81910  58.460  -17.020  24.666 0.0000000000
81893  58.649  -17.641  25.269 0.0000000000
80824  59.127  -18.711  25.315 0.0000000000
79741  53.979  -18.409  22.631 0.0000000000
80860  54.964  -17.379  23.468 0.0000000000
78618  56.038  -19.312  24.842 0.0000000000
77558  58.699  -20.361  26.270 0.0000000000
73399  49.843  -24.849  25.400 0.0000000000
75430  49.381  -23.331  24.481 0.0000000000
74412  51.226  -24.276  25.626 0.0000000000
74410  53.424  -24.154  25.896 0.0000000000
73375  53.533  -25.286  26.959 0.0000000000
68857  52.468  -29.270  30.170 0.0000000000
68904  51.972  -28.507  28.602 0.0000000000
68856  53.658  -28.980  30.336 0.0000000000
65464  37.890  -31.965  32.404 0.0000000000
65395  41.429  -32.809  36.166 0.0000000000
64347  41.177  -32.684  34.920 0.0000000000
64322  42.594  -33.268  36.632 0.0000000000
63197  45.002  -33.845  37.259 0.0000000000
65348  44.696  -32.794  38.807 0.0000000000
49787  41.462  -45.193  39.948 0.0000000000
52077  42.928  -44.257  39.771 0.0000000000
52073  46.648  -43.554  40.827 0.0000000000
52092  45.673  -43.146  39.645 0.0000000000
54349  46.255  -41.918  39.944 0.0000000000
56557  45.469  -39.929  38.798 0.0000000000
55420  45.943  -40.658  40.015 0.0000000000
51986  48.105  -43.630  45.318 0.0000000000
56481  45.961  -39.277  43.672 0.0000000000
56492  44.983  -38.870  41.787 0.0000000000
58871  44.315  -37.697  42.073 0.0000000000
60005  43.575  -36.532  41.503 0.0000000000
59974  44.684  -36.552  42.819 0.0000000000
87013  51.669  -12.283  15.871 0.0000000000
85936  52.947  -13.019  16.018 0.0000000000
83954  54.886  -14.676  17.758 0.0000000000
84873  55.025  -13.815  18.430 0.0000000000
86974  55.524  -13.096  20.165 0.0000000000
85902  56.368  -13.232  19.859 0.0000000000
86971  58.346  -13.382  21.149 0.0000000000
85873  59.553  -13.707  21.499 0.0000000000
83018  58.465  -16.291  14.542 0.0000000000
82995  59.485  -16.084  17.462 0.0000000000
82994  60.574  -16.055  17.532 0.0000000000
82982  60.767  -15.481  18.804 0.0000000000
50767  31.669  -44.314  49.566 0.0000000000
49652  32.694  -45.320  49.859 0.0000000000
50755  32.966  -44.824  51.194 0.0000000000
41137  22.845  -52.747  53.650 0.0000000000
41121  23.622  -52.381  55.588 0.0000000000
41130  22.990  -52.969  55.063 0.0000000000
41112  23.260  -53.081  57.128 0.0000000000
40055  22.779  -53.756  57.641 0.0000000000
80880  46.473  -18.183  20.265 0.0000000000
78656  47.534  -19.594  20.741 0.0000000000
65425  48.357  -31.563  33.734 0.0000000000
66532  49.909  -30.930  33.474 0.0000000000
66510  50.005  -31.136  35.162 0.0000000000
66499  51.523  -30.852  36.702 0.0000000000
37971  14.707  -55.747  54.191 0.0000000000
36859  13.265  -56.620  54.490 0.0000000000
36856  12.876  -56.869  55.543 0.0000000000
66632  41.174  -30.428  26.612 0.0000000000
65526  40.581  -32.270  29.563 0.0000000000
47418  37.475  -47.543  41.565 0.0000000000
47400  36.446  -47.803  42.452 0.0000000000
46138  36.734  -48.550  43.628 0.0000000000
46091  37.667  -49.435  45.212 0.0000000000
55376  27.018  -41.376  43.051 0.0000000000
54287  26.878  -42.265  45.052 0.0000000000
54305  25.943  -42.480  43.116 0.0000000000
52026  25.673  -44.067  43.805 0.0000000000
50866  24.970  -45.080  43.781 0.0000000000
44799  20.996  -50.182  46.424 0.0000000000
44836  19.627  -49.939  44.808 0.0000000000
55459  28.042  -40.381  38.828 0.0000000000
54355  28.455  -41.603  40.491 0.0000000000
53184  29.310  -42.408  42.298 0.0000000000
55411  27.741  -41.271  41.414 0.0000000000
55390  27.611  -41.296  42.423 0.0000000000
49625  25.426  -45.148  52.784 0.0000000000
85877  55.923  -13.556  21.253 0.0000000000
84812  57.545  -14.504  23.700 0.0000000000
84830  56.209  -14.196  22.307 0.0000000000
82932  56.036  -15.246  23.616 0.0000000000
81912  56.879  -16.578  24.877 0.0000000000
77571  56.049  -20.850  24.909 0.0000000000
77569  57.245  -20.250  25.603 0.0000000000
75408  58.163  -21.981  26.424 0.0000000000
75392  59.162  -22.657  27.169 0.0000000000
76560  45.460  -21.948  22.962 0.0000000000
74442  46.075  -23.803  23.604 0.0000000000
73400  48.670  -24.961  24.868 0.0000000000
72329  50.324  -25.776  26.007 0.0000000000
68829  55.814  -28.722  32.104 0.0000000000
65432  36.663  -32.735  33.924 0.0000000000
65446  37.604  -32.010  33.404 0.0000000000
65416  38.379  -32.494  35.351 0.0000000000
65397  39.493  -32.616  36.262 0.0000000000
65351  41.621  -33.385  37.971 0.0000000000
48629  43.827  -46.628  41.676 0.0000000000
50908  44.072  -44.944  40.548 0.0000000000
49756  45.616  -45.748  41.683 0.0000000000
50889  46.796  -44.778  41.789 0.0000000000
52038  47.377  -43.483  42.427 0.0000000000
87016  49.152  -11.240  16.573 0.0000000000
87993  49.412  -10.477  16.296 0.0000000000
87015  49.870  -11.536  16.329 0.0000000000
87002  51.709  -13.230  17.043 0.0000000000
87001  52.715  -13.274  17.055 0.0000000000
87000  53.324  -13.387  17.670 0.0000000000
86995  52.832  -13.361  18.170 0.0000000000
86975  54.412  -13.104  19.969 0.0000000000
83966  57.322  -14.615  14.886 0.0000000000
83019  57.756  -15.753  14.740 0.0000000000
83011  58.820  -16.436  15.452 0.0000000000
83010  59.633  -16.557  15.726 0.0000000000
83004  58.594  -16.375  16.516 0.0000000000
82984  59.030  -15.669  18.305 0.0000000000
48587  32.453  -47.105  44.954 0.0000000000
47344  33.619  -48.312  45.546 0.0000000000
47327  33.321  -48.048  46.600 0.0000000000
47309  34.032  -48.351  48.230 0.0000000000
45989  35.096  -48.359  50.648 0.0000000000
45944  24.314  -48.950  52.779 0.0000000000
45932  24.830  -48.538  54.561 0.0000000000
44701  24.802  -49.503  55.016 0.0000000000
44677  25.436  -49.978  56.413 0.0000000000
42264  24.280  -51.920  56.747 0.0000000000
42262  25.405  -51.486  57.328 0.0000000000
84866  50.115  -14.488  19.098 0.0000000000
83911  52.273  -14.867  20.737 0.0000000000
82957  51.006  -15.793  20.460 0.0000000000
81956  52.335  -17.270  20.256 0.0000000000
79749  53.122  -18.840  21.314 0.0000000000
79750  49.632  -18.240  20.410 0.0000000000
78664  52.178  -19.359  20.761 0.0000000000
78632  53.319  -19.799  22.811 0.0000000000
76532  54.635  -21.033  24.258 0.0000000000
75424  55.255  -22.278  25.103 0.0000000000
74408  55.786  -23.571  26.291 0.0000000000
67742  47.399  -29.543  26.495 0.0000000000
68929  48.360  -28.858  26.603 0.0000000000
67725  49.335  -29.506  27.953 0.0000000000
67691  50.701  -29.558  29.773 0.0000000000
67664  52.847  -29.693  31.781 0.0000000000
66538  51.199  -30.668  33.416 0.0000000000
67646  53.511  -29.966  33.581 0.0000000000
67645  54.631  -29.578  33.392 0.0000000000
58943  42.691  -37.269  37.136 0.0000000000
50808  46.062  -45.092  46.275 0.0000000000
87005  48.529  -11.589  16.992 0.0000000000
85930  48.971  -12.805  17.188 0.0000000000
84884  49.386  -13.620  17.729 0.0000000000
87999  55.938  -9.878  15.003 0.0000000000
89858  55.116  -9.112  14.672 0.0000000000
39087  17.876  -54.837  52.307 0.0000000000
39046  19.785  -55.512  55.050 0.0000000000
39060  18.523  -55.500  54.559 0.0000000000
39028  18.698  -55.544  56.988 0.0000000000
39020  17.954  -55.690  57.777 0.0000000000
39040  15.746  -55.604  55.730 0.0000000000
71255  45.104  -26.418  24.084 0.0000000000
70114  43.464  -27.222  24.368 0.0000000000
68961  45.413  -28.522  25.295 0.0000000000
67744  45.940  -29.675  26.412 0.0000000000
66591  46.340  -30.956  28.212 0.0000000000
65519  47.320  -31.645  29.775 0.0000000000
66594  43.295  -31.121  28.318 0.0000000000
65521  45.255  -31.673  29.735 0.0000000000
65476  47.119  -31.874  31.364 0.0000000000
65440  47.465  -31.878  33.111 0.0000000000
65412  47.681  -32.107  35.542 0.0000000000
64317  48.015  -32.572  37.197 0.0000000000
48649  40.945  -46.288  40.488 0.0000000000
47417  38.496  -47.567  41.463 0.0000000000
47415  40.505  -47.423  41.379 0.0000000000
48613  42.479  -47.329  41.756 0.0000000000
47393  43.857  -47.679  42.785 0.0000000000
48585  44.044  -47.497  44.506 0.0000000000
49704  43.926  -46.606  45.777 0.0000000000
46069  35.063  -49.292  45.785 0.0000000000
44826  37.022  -49.618  45.919 0.0000000000
44806  38.215  -49.409  46.318 0.0000000000
46003  38.647  -48.937  49.624 0.0000000000
46044  38.734  -48.913  47.851 0.0000000000
46066  39.665  -48.824  46.415 0.0000000000
47325  41.014  -47.921  46.621 0.0000000000
48545  42.760  -46.943  46.897 0.0000000000
48544  43.602  -46.628  47.102 0.0000000000
53027  29.869  -43.238  51.536 0.0000000000
53040  28.851  -43.187  50.996 0.0000000000
51888  27.580  -43.568  50.991 0.0000000000
51889  26.800  -43.782  50.817 0.0000000000
51976  26.596  -43.611  46.334 0.0000000000
51920  26.162  -44.071  49.080 0.0000000000
50746  25.653  -44.558  50.993 0.0000000000
49638  24.844  -45.832  51.062 0.0000000000
48504  24.513  -46.753  50.550 0.0000000000
47244  24.331  -47.459  51.205 0.0000000000
52085  24.556  -43.757  40.532 0.0000000000
50898  24.529  -44.728  41.589 0.0000000000
49723  23.916  -46.029  44.099 0.0000000000
48603  22.488  -46.819  42.703 0.0000000000
48589  23.308  -46.551  43.828 0.0000000000
48562  23.755  -46.731  45.870 0.0000000000
47297  23.784  -47.585  48.136 0.0000000000
47261  23.948  -48.005  50.062 0.0000000000
45975  23.947  -48.699  51.190 0.0000000000
44734  23.657  -49.645  51.219 0.0000000000
43531  23.554  -50.590  51.992 0.0000000000
42338  23.026  -51.443  52.037 0.0000000000
43588  21.469  -51.037  48.167 0.0000000000
42368  21.793  -51.942  50.195 0.0000000000
41163  22.193  -52.330  51.342 0.0000000000
41165  20.869  -53.464  50.868 0.0000000000
40100  20.568  -54.082  51.541 0.0000000000
40101  19.372  -54.244  51.094 0.0000000000
40103  17.535  -54.266  50.988 0.0000000000
39110  16.095  -54.352  50.632 0.0000000000
48656  34.613  -46.426  40.480 0.0000000000
48640  33.089  -46.396  41.378 0.0000000000
48618  32.442  -46.440  42.330 0.0000000000
50912  30.828  -44.424  40.360 0.0000000000
49744  31.856  -45.909  42.011 0.0000000000
48600  32.168  -46.611  43.542 0.0000000000
48588  31.682  -46.305  44.694 0.0000000000
49705  31.265  -45.688  45.538 0.0000000000
50813  30.884  -44.994  46.407 0.0000000000
52008  29.432  -42.777  43.882 0.0000000000
50814  30.359  -44.227  46.179 0.0000000000
50798  30.514  -44.332  47.294 0.0000000000
51936  30.312  -43.674  48.323 0.0000000000
53054  30.159  -42.939  50.137 0.0000000000
39034  21.313  -54.857  56.380 0.0000000000
40052  22.387  -54.298  58.025 0.0000000000
82917  58.216  -15.860  24.146 0.0000000000
81932  54.601  -16.564  22.043 0.0000000000
80859  55.515  -17.089  24.047 0.0000000000
80847  56.851  -17.687  25.338 0.0000000000
78602  57.551  -19.398  25.863 0.0000000000
78595  58.255  -19.500  26.150 0.0000000000
79688  58.781  -19.066  25.965 0.0000000000
78658  45.335  -19.432  21.273 0.0000000000
77626  47.651  -20.961  21.739 0.0000000000
76559  46.624  -21.819  22.791 0.0000000000
76557  48.673  -21.913  22.903 0.0000000000
76556  49.692  -21.837  23.161 0.0000000000
76524  51.866  -22.543  24.531 0.0000000000
74409  54.610  -24.076  26.215 0.0000000000
73372  56.931  -24.255  27.765 0.0000000000
70061  49.953  -27.926  26.993 0.0000000000
70060  50.929  -27.704  27.300 0.0000000000
71193  53.002  -27.103  27.840 0.0000000000
68837  55.803  -28.232  30.988 0.0000000000
70012  54.988  -27.579  29.423 0.0000000000
72303  54.289  -26.167  28.017 0.0000000000
72301  55.724  -25.741  28.710 0.0000000000
73349  56.985  -24.963  29.004 0.0000000000
65505  39.917  -32.448  30.449 0.0000000000
65482  41.364  -32.549  31.600 0.0000000000
65444  39.473  -32.134  33.131 0.0000000000
64389  41.505  -32.969  33.447 0.0000000000
64408  42.645  -32.861  32.530 0.0000000000
63226  44.490  -34.119  35.475 0.0000000000
63186  46.926  -33.328  37.875 0.0000000000
65345  47.896  -32.383  38.863 0.0000000000
52094  44.057  -43.563  39.399 0.0000000000
56577  44.427  -39.435  37.206 0.0000000000
57738  44.509  -38.754  37.783 0.0000000000
58925  43.632  -37.446  38.697 0.0000000000
50822  47.480  -44.416  45.352 0.0000000000
52002  47.871  -43.759  44.391 0.0000000000
53159  47.339  -42.488  43.124 0.0000000000
54280  46.870  -41.146  44.118 0.0000000000
55406  46.243  -41.025  41.728 0.0000000000
56525  45.544  -39.789  40.510 0.0000000000
57694  44.184  -37.933  40.019 0.0000000000
58913  43.046  -36.892  39.236 0.0000000000
60029  42.089  -35.822  39.939 0.0000000000
62132  41.988  -34.683  40.015 0.0000000000
64256  42.936  -33.596  40.068 0.0000000000
61029  45.547  -35.785  42.790 0.0000000000
63145  44.183  -34.216  41.371 0.0000000000
65315  44.220  -32.918  40.100 0.0000000000
65305  45.748  -32.391  40.528 0.0000000000
88008  54.646  -10.716  14.328 0.0000000000
85942  54.234  -13.021  14.729 0.0000000000
83008  54.773  -15.232  16.596 0.0000000000
82986  56.731  -15.718  18.289 0.0000000000
83942  58.533  -15.151  19.062 0.0000000000
85914  55.448  -13.290  19.257 0.0000000000
84862  58.411  -13.947  20.210 0.0000000000
83929  59.834  -14.702  19.629 0.0000000000
83919  60.557  -14.654  20.594 0.0000000000
51873  31.242  -43.623  52.430 0.0000000000
39085  20.021  -54.904  52.551 0.0000000000
39057  21.148  -54.889  54.530 0.0000000000
39058  20.396  -55.302  54.384 0.0000000000
65343  49.159  -31.998  38.019 0.0000000000
65342  49.939  -31.604  37.670 0.0000000000
47380  33.863  -47.645  43.605 0.0000000000
47379  34.626  -47.826  43.439 0.0000000000
54372  25.310  -41.575  39.617 0.0000000000
55426  26.508  -41.056  39.978 0.0000000000
47234  24.409  -47.605  52.139 0.0000000000
84854  52.116  -13.966  20.171 0.0000000000
84842  52.747  -14.041  20.554 0.0000000000
74387  58.295  -23.270  27.613 0.0000000000
75386  58.532  -23.206  27.660 0.0000000000
70111  46.125  -26.999  24.432 0.0000000000
71252  47.257  -26.695  24.761 0.0000000000
71236  47.074  -27.170  24.887 0.0000000000
60074  41.003  -36.053  37.310 0.0000000000
61122  39.808  -35.305  37.015 0.0000000000
61121  40.458  -35.649  37.339 0.0000000000
62154  39.701  -34.704  37.663 0.0000000000
61111  41.226  -35.727  38.372 0.0000000000
49703  44.525  -46.336  45.358 0.0000000000
49702  45.249  -45.730  45.463 0.0000000000
85906  51.042  -14.047  18.962 0.0000000000
85918  51.173  -13.765  18.182 0.0000000000
85894  51.702  -13.881  19.633 0.0000000000
84893  56.511  -13.487  15.263 0.0000000000
84894  55.511  -13.435  15.127 0.0000000000
83962  55.950  -14.808  15.585 0.0000000000
84900  55.243  -12.992  14.826 0.0000000000
49680  31.564  -45.491  47.715 0.0000000000
49679  32.098  -45.985  47.902 0.0000000000
49665  32.387  -45.664  48.880 0.0000000000
42317  23.631  -51.611  53.446 0.0000000000
42300  23.894  -51.603  54.293 0.0000000000
83934  47.760  -15.121  18.698 0.0000000000
82967  48.386  -15.894  19.468 0.0000000000
82968  47.666  -15.974  19.269 0.0000000000
77637  49.326  -20.650  21.109 0.0000000000
77636  50.233  -20.590  21.258 0.0000000000
77605  51.076  -20.992  22.803 0.0000000000
77606  50.387  -21.248  22.685 0.0000000000
65496  48.129  -31.476  30.635 0.0000000000
66559  48.671  -31.081  30.309 0.0000000000
66549  48.997  -30.961  31.232 0.0000000000
39078  15.386  -55.099  52.868 0.0000000000
68947  41.599  -29.131  25.951 0.0000000000
68946  42.618  -29.101  26.006 0.0000000000
67748  41.891  -29.997  26.467 0.0000000000
65502  42.795  -32.004  30.472 0.0000000000
65501  43.707  -31.829  30.531 0.0000000000
65480  43.207  -32.124  31.232 0.0000000000
65459  44.440  -32.332  32.120 0.0000000000
64407  43.578  -32.760  32.481 0.0000000000
46112  40.734  -48.971  44.556 0.0000000000
46089  40.079  -48.964  45.444 0.0000000000
46005  36.626  -49.329  49.829 0.0000000000
44755  36.290  -49.505  48.961 0.0000000000
54271  27.937  -41.950  45.437 0.0000000000
54242  28.099  -42.852  46.618 0.0000000000
54272  27.497  -42.229  45.644 0.0000000000
49706  25.213  -45.273  45.416 0.0000000000
49693  25.393  -45.165  46.256 0.0000000000
49694  24.845  -45.665  46.200 0.0000000000
46101  21.752  -48.859  45.470 0.0000000000
46078  22.022  -49.169  46.631 0.0000000000
46056  22.723  -48.749  47.516 0.0000000000
46057  22.172  -49.378  47.241 0.0000000000
44797  22.218  -49.586  47.685 0.0000000000
44798  21.636  -49.973  47.124 0.0000000000
54354  29.055  -42.009  40.403 0.0000000000
53216  29.516  -42.612  40.233 0.0000000000
52064  30.119  -43.691  41.224 0.0000000000
52065  29.834  -43.219  41.606 0.0000000000
50864  30.271  -44.197  42.967 0.0000000000
52047  29.707  -43.043  42.279 0.0000000000
54285  27.979  -41.686  44.481 0.0000000000
54257  28.265  -42.420  46.042 0.0000000000
39009  20.138  -55.634  58.572 0.0000000000
86944  58.744  -13.338  22.249 0.0000000000
85855  58.307  -13.574  22.612 0.0000000000
81894  58.171  -17.237  25.422 0.0000000000
80825  58.909  -18.287  25.420 0.0000000000
79734  54.314  -18.697  23.297 0.0000000000
79733  54.905  -18.420  23.780 0.0000000000
78619  55.277  -19.335  24.191 0.0000000000
73393  50.686  -24.930  25.784 0.0000000000
74413  50.708  -24.374  25.583 0.0000000000
73392  51.677  -24.915  26.048 0.0000000000
73391  52.803  -24.976  26.407 0.0000000000
73376  52.996  -25.428  26.830 0.0000000000
67678  53.060  -29.400  30.941 0.0000000000
68839  53.940  -29.139  31.025 0.0000000000
65465  37.004  -32.043  32.590 0.0000000000
65372  42.406  -33.203  37.263 0.0000000000
65394  42.042  -33.073  36.589 0.0000000000
64301  43.697  -33.268  37.647 0.0000000000
65349  43.561  -33.140  38.339 0.0000000000
50910  42.226  -45.089  40.215 0.0000000000
50920  41.807  -44.671  39.631 0.0000000000
50909  42.867  -44.729  40.158 0.0000000000
53192  46.846  -42.671  41.330 0.0000000000
53207  46.343  -42.666  40.160 0.0000000000
54350  46.176  -41.347  40.125 0.0000000000
56471  46.415  -38.975  44.337 0.0000000000
57657  45.053  -38.384  42.901 0.0000000000
57646  44.879  -37.822  43.035 0.0000000000
58858  44.509  -37.379  42.639 0.0000000000
58845  45.200  -37.347  43.392 0.0000000000
87012  52.460  -12.707  15.904 0.0000000000
85924  53.786  -13.639  17.109 0.0000000000
85925  53.315  -13.390  17.110 0.0000000000
86964  56.463  -13.269  20.992 0.0000000000
86973  56.620  -13.266  20.430 0.0000000000
86963  57.518  -13.279  21.240 0.0000000000
86951  58.964  -13.272  22.018 0.0000000000
81993  59.011  -16.523  14.860 0.0000000000
81999  58.933  -16.603  14.326 0.0000000000
83940  60.202  -15.090  19.121 0.0000000000
50757  32.013  -44.117  50.209 0.0000000000
50756  32.451  -44.486  50.717 0.0000000000
51899  31.944  -43.760  50.871 0.0000000000
41138  22.235  -53.439  53.484 0.0000000000
40084  22.323  -53.519  53.870 0.0000000000
40070  21.899  -54.369  55.587 0.0000000000
40061  22.630  -53.672  56.785 0.0000000000
80881  45.840  -18.297  20.366 0.0000000000
79753  46.997  -18.825  20.551 0.0000000000
79754  45.898  -18.808  20.714 0.0000000000
66522  49.247  -31.248  34.072 0.0000000000
65410  49.421  -31.389  35.222 0.0000000000
36867  12.904  -56.633  53.458 0.0000000000
48638  35.429  -47.153  41.588 0.0000000000
47419  36.533  -47.524  41.794 0.0000000000
47420  36.006  -47.564  42.068 0.0000000000
46139  35.834  -48.379  43.760 0.0000000000
47377  36.203  -47.998  43.146 0.0000000000
46115  37.262  -48.978  44.370 0.0000000000
55392  26.710  -41.522  42.515 0.0000000000
54304  26.488  -41.969  43.581 0.0000000000
53185  25.670  -42.959  42.610 0.0000000000
52048  25.401  -43.931  42.774 0.0000000000
50865  25.299  -44.516  43.414 0.0000000000
50881  25.221  -44.404  42.976 0.0000000000
55441  27.596  -40.740  39.495 0.0000000000
55440  28.220  -40.986  39.512 0.0000000000
55424  27.923  -41.192  40.443 0.0000000000
55425  27.255  -41.036  40.195 0.0000000000
55413  26.505  -41.426  41.439 0.0000000000
55391  27.082  -41.288  42.325 0.0000000000
49612  25.175  -45.846  53.098 0.0000000000
85878  54.583  -13.461  20.538 0.0000000000
84839  55.938  -13.882  21.671 0.0000000000
84840  55.249  -14.113  21.396 0.0000000000
82946  55.120  -15.331  22.291 0.0000000000
83901  55.560  -14.809  22.455 0.0000000000
82920  55.855  -15.845  23.782 0.0000000000
81913  56.007  -16.476  24.246 0.0000000000
76519  56.501  -21.416  25.290 0.0000000000
76507  57.539  -21.318  25.892 0.0000000000
75445  44.618  -23.132  23.537 0.0000000000
75444  45.405  -23.230  23.537 0.0000000000
72338  48.260  -25.985  25.028 0.0000000000
73401  48.045  -25.477  24.693 0.0000000000
72337  49.153  -25.851  25.438 0.0000000000
72336  49.843  -25.567  25.674 0.0000000000
72330  49.688  -26.091  25.867 0.0000000000
64370  36.526  -33.137  34.325 0.0000000000
64369  37.191  -32.917  34.847 0.0000000000
65431  37.372  -32.521  34.320 0.0000000000
65417  37.645  -32.713  35.009 0.0000000000
64287  39.854  -33.632  37.469 0.0000000000
65375  39.950  -32.918  36.745 0.0000000000
65374  40.590  -33.000  36.996 0.0000000000
64285  41.089  -33.571  38.054 0.0000000000
48611  44.361  -47.004  42.367 0.0000000000
49757  44.652  -46.189  41.650 0.0000000000
49742  45.390  -46.367  42.410 0.0000000000
50857  46.691  -45.146  43.747 0.0000000000
50874  46.839  -45.165  42.817 0.0000000000
52055  47.170  -44.354  42.100 0.0000000000
52037  47.425  -44.037  42.575 0.0000000000
87004  49.485  -12.206  16.800 0.0000000000
85927  51.770  -13.473  17.745 0.0000000000
87003  50.483  -12.700  16.751 0.0000000000
86977  52.911  -13.394  19.508 0.0000000000
86976  53.406  -13.305  19.642 0.0000000000
83005  57.320  -16.220  16.616 0.0000000000
82996  58.292  -16.204  17.492 0.0000000000
47345  32.884  -47.626  45.860 0.0000000000
47328  32.823  -47.356  46.840 0.0000000000
47292  33.551  -47.172  48.965 0.0000000000
47310  33.397  -47.697  47.823 0.0000000000
47291  34.021  -47.910  48.960 0.0000000000
46007  34.593  -48.366  49.675 0.0000000000
45990  34.591  -48.005  50.260 0.0000000000
44714  24.304  -49.550  53.267 0.0000000000
44713  24.555  -49.426  54.111 0.0000000000
43517  24.302  -50.149  53.763 0.0000000000
43475  25.202  -50.617  56.502 0.0000000000
43467  25.695  -50.612  56.803 0.0000000000
43468  25.302  -51.049  57.019 0.0000000000
42277  24.130  -51.851  56.020 0.0000000000
83920  50.488  -15.055  19.919 0.0000000000
83914  50.213  -15.536  20.022 0.0000000000
81944  50.430  -16.685  20.521 0.0000000000
81943  51.269  -16.410  20.489 0.0000000000
81957  51.493  -17.123  20.347 0.0000000000
79762  53.371  -18.340  21.006 0.0000000000
79763  52.769  -18.705  20.702 0.0000000000
80896  47.490  -17.314  19.865 0.0000000000
80878  48.786  -17.725  20.314 0.0000000000
78654  51.879  -19.918  21.306 0.0000000000
78665  51.366  -19.619  20.538 0.0000000000
78642  52.220  -19.961  21.954 0.0000000000
78641  52.838  -19.767  22.287 0.0000000000
77584  54.050  -20.649  23.751 0.0000000000
77585  53.245  -20.928  23.615 0.0000000000
76522  53.515  -22.115  24.577 0.0000000000
76521  54.493  -21.821  24.617 0.0000000000
74407  56.895  -23.233  26.562 0.0000000000
75411  55.001  -23.068  25.681 0.0000000000
66614  48.075  -30.061  27.413 0.0000000000
67726  48.622  -29.666  27.484 0.0000000000
67708  48.901  -30.107  28.320 0.0000000000
67667  50.304  -30.195  30.961 0.0000000000
67692  49.791  -29.923  29.596 0.0000000000
67680  50.920  -29.860  30.630 0.0000000000
67679  51.935  -29.689  30.926 0.0000000000
67665  51.984  -29.975  31.986 0.0000000000
66531  50.656  -30.844  33.800 0.0000000000
66539  50.654  -30.692  32.949 0.0000000000
66530  51.444  -30.737  34.091 0.0000000000
67638  53.406  -30.199  34.636 0.0000000000
67637  54.347  -29.862  34.378 0.0000000000
67636  55.052  -29.540  34.273 0.0000000000
58963  41.746  -37.360  36.207 0.0000000000
58944  41.961  -36.914  36.903 0.0000000000
85931  48.015  -12.482  17.307 0.0000000000
84876  48.943  -14.272  18.312 0.0000000000
84875  49.883  -14.052  18.271 0.0000000000
88007  55.690  -10.494  14.724 0.0000000000
39075  18.211  -55.220  53.381 0.0000000000
39076  17.178  -54.992  53.257 0.0000000000
39049  16.622  -55.371  55.013 0.0000000000
39048  17.523  -55.427  55.265 0.0000000000
39038  17.592  -55.513  56.151 0.0000000000
39029  17.758  -55.621  56.968 0.0000000000
37972  13.956  -56.222  54.776 0.0000000000
37962  14.589  -55.950  55.285 0.0000000000
72352  44.732  -25.599  23.839 0.0000000000
72353  43.643  -25.601  23.755 0.0000000000
70097  42.896  -27.824  24.941 0.0000000000
70115  42.434  -27.276  24.469 0.0000000000
70096  43.910  -27.878  24.800 0.0000000000
70113  44.513  -27.195  24.314 0.0000000000
68943  45.677  -29.099  25.939 0.0000000000
68944  44.687  -29.058  25.916 0.0000000000
67731  44.428  -30.099  27.062 0.0000000000
67730  45.401  -30.078  27.036 0.0000000000
66617  45.832  -30.615  27.541 0.0000000000
66571  46.928  -31.428  28.883 0.0000000000
66572  45.820  -31.477  28.900 0.0000000000
66621  41.363  -31.099  27.301 0.0000000000
66620  42.777  -30.880  27.557 0.0000000000
65500  44.674  -31.801  30.576 0.0000000000
65499  45.691  -31.846  30.575 0.0000000000
65498  46.690  -31.836  30.567 0.0000000000
65457  46.727  -32.078  32.321 0.0000000000
64384  46.120  -32.561  34.184 0.0000000000
65427  46.560  -32.355  34.213 0.0000000000
64362  47.037  -32.406  35.275 0.0000000000
65393  47.717  -32.414  36.101 0.0000000000
64318  47.545  -32.871  36.579 0.0000000000
49776  39.987  -46.010  39.991 0.0000000000
49775  40.599  -45.858  40.073 0.0000000000
48650  40.243  -46.412  40.332 0.0000000000
46151  40.827  -48.577  42.780 0.0000000000
47396  40.210  -47.989  42.094 0.0000000000
47395  41.479  -47.862  41.977 0.0000000000
47414  41.202  -47.186  41.300 0.0000000000
47394  42.812  -48.087  42.684 0.0000000000
47357  42.737  -48.195  44.938 0.0000000000
47339  43.151  -47.734  45.171 0.0000000000
48570  43.772  -47.149  45.233 0.0000000000
48571  43.069  -47.473  45.513 0.0000000000
46071  33.887  -48.633  46.471 0.0000000000
46095  34.098  -48.786  45.885 0.0000000000
44810  34.759  -49.278  46.828 0.0000000000
44808  36.366  -49.633  46.656 0.0000000000
44807  37.542  -49.509  46.823 0.0000000000
44825  37.857  -49.538  45.973 0.0000000000
46068  38.081  -49.229  47.513 0.0000000000
47271  40.060  -48.258  48.712 0.0000000000
46023  39.402  -48.560  48.344 0.0000000000
47290  39.938  -48.260  48.068 0.0000000000
46043  39.552  -48.581  47.443 0.0000000000
47326  40.266  -48.233  46.926 0.0000000000
47307  40.847  -47.862  47.437 0.0000000000
48530  42.162  -47.293  47.360 0.0000000000
53039  29.645  -43.020  50.913 0.0000000000
53028  29.244  -43.329  51.547 0.0000000000
53056  28.717  -42.994  50.067 0.0000000000
53057  28.028  -43.219  50.068 0.0000000000
51902  27.357  -43.503  50.114 0.0000000000
51903  26.760  -43.731  49.996 0.0000000000
53151  26.416  -42.628  44.514 0.0000000000
53137  26.673  -43.016  45.620 0.0000000000
53138  26.437  -43.411  45.544 0.0000000000
50782  25.606  -44.849  48.104 0.0000000000
51958  26.021  -44.335  47.571 0.0000000000
50768  25.702  -44.634  48.979 0.0000000000
50758  25.746  -44.463  49.939 0.0000000000
50747  25.217  -45.127  50.513 0.0000000000
50759  25.288  -45.125  49.550 0.0000000000
49646  24.891  -45.861  50.011 0.0000000000
47279  24.262  -47.330  49.936 0.0000000000
49765  23.583  -45.282  41.292 0.0000000000
50899  24.031  -44.952  41.241 0.0000000000
49746  24.103  -45.399  42.235 0.0000000000
49733  24.395  -45.507  43.385 0.0000000000
49734  23.672  -45.996  43.106 0.0000000000
48620  22.140  -46.529  42.011 0.0000000000
47381  22.096  -47.279  43.067 0.0000000000
47347  22.776  -47.728  45.360 0.0000000000
48576  22.891  -47.058  44.363 0.0000000000
47346  23.351  -47.103  45.627 0.0000000000
48575  23.524  -46.688  44.944 0.0000000000
48550  23.903  -46.776  46.736 0.0000000000
47315  23.518  -47.518  47.232 0.0000000000
46032  23.456  -48.308  48.455 0.0000000000
46012  23.574  -48.552  49.441 0.0000000000
47245  24.062  -48.122  50.821 0.0000000000
44745  23.464  -49.477  50.569 0.0000000000
44761  22.579  -50.019  49.201 0.0000000000
44735  23.250  -50.204  50.917 0.0000000000
43547  22.864  -50.765  50.827 0.0000000000
43532  23.038  -50.969  51.477 0.0000000000
42367  22.448  -51.332  50.532 0.0000000000
43611  20.367  -50.498  46.031 0.0000000000
43600  20.797  -50.866  46.959 0.0000000000
42382  20.805  -52.331  49.292 0.0000000000
42381  21.478  -51.596  49.074 0.0000000000
42355  21.998  -52.208  50.992 0.0000000000
41181  21.336  -52.653  50.339 0.0000000000
41164  21.605  -52.983  51.170 0.0000000000
41183  19.542  -53.429  49.812 0.0000000000
40117  20.528  -53.611  50.750 0.0000000000
40118  19.966  -53.785  50.531 0.0000000000
40119  18.909  -53.857  50.182 0.0000000000
40120  17.848  -53.960  50.303 0.0000000000
40121  16.747  -54.125  50.447 0.0000000000
40104  16.972  -54.379  51.072 0.0000000000
40122  15.762  -54.172  50.133 0.0000000000
49761  32.885  -45.975  40.729 0.0000000000
48641  32.399  -46.188  41.686 0.0000000000
52102  30.677  -44.009  39.663 0.0000000000
49745  31.180  -45.297  41.977 0.0000000000
49731  31.955  -46.168  42.765 0.0000000000
49732  31.346  -45.728  43.151 0.0000000000
48601  31.543  -46.115  43.949 0.0000000000
50830  30.740  -44.923  45.249 0.0000000000
54322  28.819  -41.847  42.369 0.0000000000
53164  29.197  -42.296  43.186 0.0000000000
53135  29.484  -43.006  45.397 0.0000000000
51975  29.778  -43.415  45.905 0.0000000000
51935  30.884  -43.902  48.758 0.0000000000
53069  29.213  -42.888  49.161 0.0000000000
53068  29.958  -42.997  49.207 0.0000000000
53038  30.286  -43.015  50.927 0.0000000000
45922  25.227  -48.602  55.323 0.0000000000
45921  25.672  -48.646  55.811 0.0000000000
39036  19.479  -55.516  55.986 0.0000000000
39035  20.470  -55.235  56.229 0.0000000000
39026  20.590  -55.138  57.161 0.0000000000
39016  21.723  -54.812  58.114 0.0000000000
39015  22.323  -54.656  58.407 0.0000000000
40051  22.922  -54.028  58.375 0.0000000000
83883  57.877  -15.013  24.060 0.0000000000
82955  52.753  -15.645  20.690 0.0000000000
82954  53.744  -15.668  21.013 0.0000000000
81940  54.120  -16.577  21.256 0.0000000000
80849  55.379  -17.752  24.094 0.0000000000
80848  56.049  -17.470  24.626 0.0000000000
79706  57.112  -18.518  25.683 0.0000000000
77559  57.966  -20.312  26.105 0.0000000000
78594  58.802  -19.548  26.154 0.0000000000
79689  58.494  -19.030  26.075 0.0000000000
78593  59.098  -19.382  25.936 0.0000000000
78645  44.774  -19.901  21.835 0.0000000000
78644  45.773  -20.131  21.701 0.0000000000
77640  46.574  -20.319  21.499 0.0000000000
74456  47.002  -23.171  23.418 0.0000000000
75462  47.362  -22.651  23.232 0.0000000000
75429  49.929  -23.160  24.666 0.0000000000
75441  49.222  -22.827  23.936 0.0000000000
76537  49.925  -22.292  23.809 0.0000000000
75439  50.874  -22.315  24.183 0.0000000000
75428  51.086  -22.819  24.714 0.0000000000
73389  54.496  -24.559  26.692 0.0000000000
74391  54.780  -24.482  26.745 0.0000000000
74390  55.362  -24.295  26.833 0.0000000000
73373  55.873  -24.626  27.524 0.0000000000
68928  49.509  -28.798  27.446 0.0000000000
70062  49.170  -28.169  26.652 0.0000000000
68927  50.269  -28.328  27.483 0.0000000000
70037  51.582  -28.095  27.933 0.0000000000
70036  52.384  -27.912  28.060 0.0000000000
70059  51.981  -27.436  27.537 0.0000000000
70035  53.150  -27.580  28.165 0.0000000000
69991  56.609  -27.257  30.803 0.0000000000
69992  55.998  -27.526  30.360 0.0000000000
71161  55.980  -27.045  29.929 0.0000000000
71191  54.665  -26.742  28.555 0.0000000000
71176  55.652  -26.675  29.303 0.0000000000
72302  54.936  -25.883  28.230 0.0000000000
71175  56.386  -26.210  29.600 0.0000000000
65485  38.285  -32.243  31.388 0.0000000000
65506  38.887  -32.442  30.407 0.0000000000
65483  40.279  -32.506  31.412 0.0000000000
65445  38.607  -31.936  33.302 0.0000000000
64367  41.658  -33.114  34.428 0.0000000000
64368  40.924  -32.666  34.149 0.0000000000
64409  41.966  -32.919  32.726 0.0000000000
64388  42.733  -33.428  33.622 0.0000000000
63260  43.778  -33.622  34.028 0.0000000000
63242  43.759  -33.926  34.737 0.0000000000
64299  45.429  -33.398  37.918 0.0000000000
63196  46.133  -33.758  37.391 0.0000000000
64280  46.534  -32.914  38.521 0.0000000000
64279  47.544  -32.724  38.488 0.0000000000
64266  47.045  -32.553  38.920 0.0000000000
52075  44.654  -44.026  40.013 0.0000000000
53247  45.635  -41.920  38.978 0.0000000000
53227  44.636  -42.844  39.008 0.0000000000
53248  45.129  -42.135  38.644 0.0000000000
54382  44.738  -41.438  38.017 0.0000000000
55452  45.303  -40.554  38.305 0.0000000000
56558  45.033  -39.523  38.128 0.0000000000
57719  44.727  -38.624  38.604 0.0000000000
57720  44.125  -38.073  38.155 0.0000000000
57709  44.206  -37.979  39.104 0.0000000000
50793  46.308  -45.116  46.870 0.0000000000
50823  46.632  -44.899  45.422 0.0000000000
50807  46.860  -44.802  46.260 0.0000000000
53158  47.643  -42.874  43.500 0.0000000000
54295  47.500  -42.287  44.012 0.0000000000
55369  46.437  -40.503  43.693 0.0000000000
55384  46.314  -40.927  42.661 0.0000000000
55385  45.863  -40.216  42.080 0.0000000000
55407  45.944  -40.561  41.017 0.0000000000
56508  45.439  -39.606  41.496 0.0000000000
57674  44.119  -37.915  40.810 0.0000000000
57693  44.627  -38.457  40.465 0.0000000000
58912  43.674  -37.365  39.641 0.0000000000
60044  42.495  -36.300  39.678 0.0000000000
58897  43.098  -36.715  40.238 0.0000000000
59990  43.497  -35.988  41.631 0.0000000000
61067  42.451  -35.326  40.606 0.0000000000
62119  42.829  -34.900  40.971 0.0000000000
63169  42.633  -33.757  39.967 0.0000000000
63160  42.999  -34.273  40.737 0.0000000000
61016  45.892  -36.000  43.441 0.0000000000
61027  47.014  -36.161  43.070 0.0000000000
62099  45.544  -34.860  41.686 0.0000000000
63144  44.996  -34.121  41.327 0.0000000000
64235  44.510  -33.661  41.014 0.0000000000
64234  45.351  -33.334  40.980 0.0000000000
65314  45.131  -32.477  40.053 0.0000000000
64244  45.575  -32.745  40.735 0.0000000000
89859  54.527  -8.774  14.661 0.0000000000
87023  53.482  -12.144  14.740 0.0000000000
87032  54.103  -11.930  14.419 0.0000000000
84896  53.891  -13.462  15.340 0.0000000000
83964  54.316  -14.131  15.574 0.0000000000
83959  54.352  -14.593  16.254 0.0000000000
83945  55.373  -14.615  18.259 0.0000000000
82987  55.833  -15.431  18.103 0.0000000000
83944  56.303  -14.874  18.723 0.0000000000
83943  57.330  -14.961  19.060 0.0000000000
86994  53.736  -13.367  18.416 0.0000000000
85916  53.620  -13.432  17.894 0.0000000000
84852  58.551  -13.706  20.586 0.0000000000
85901  57.609  -13.543  20.320 0.0000000000
83930  59.043  -14.576  19.634 0.0000000000
84860  59.927  -14.509  20.044 0.0000000000
83928  60.451  -14.855  19.810 0.0000000000
84850  59.833  -14.234  20.592 0.0000000000
84838  60.078  -14.163  21.125 0.0000000000
51872  32.015  -43.938  52.606 0.0000000000
40091  21.196  -54.261  52.669 0.0000000000
40078  21.729  -54.451  54.779 0.0000000000
65391  49.510  -31.462  35.955 0.0000000000
65368  50.070  -31.441  36.728 0.0000000000
48616  34.546  -47.251  42.302 0.0000000000
47402  34.927  -47.600  42.799 0.0000000000
47359  34.984  -48.115  43.832 0.0000000000
46117  35.161  -48.578  44.354 0.0000000000
55414  26.085  -41.534  41.191 0.0000000000
54343  26.190  -41.623  41.518 0.0000000000
54344  25.801  -41.930  41.280 0.0000000000
53217  25.365  -42.397  40.844 0.0000000000
53201  24.991  -43.322  40.987 0.0000000000
56550  26.552  -40.332  39.128 0.0000000000
56532  26.898  -40.879  39.615 0.0000000000
48482  24.759  -46.621  52.654 0.0000000000
48471  24.983  -46.606  53.577 0.0000000000
47200  25.178  -47.848  54.924 0.0000000000
85879  53.421  -13.613  20.362 0.0000000000
84841  53.927  -14.043  20.803 0.0000000000
83909  54.357  -14.793  21.201 0.0000000000
82947  54.629  -15.656  21.659 0.0000000000
75409  57.506  -22.504  26.353 0.0000000000
75385  58.775  -23.140  27.663 0.0000000000
73416  45.410  -24.738  23.757 0.0000000000
73415  46.511  -24.791  23.859 0.0000000000
72350  46.718  -25.772  24.197 0.0000000000
71234  48.479  -26.758  25.455 0.0000000000
62165  38.732  -34.520  36.623 0.0000000000
63213  38.383  -33.844  36.400 0.0000000000
64348  38.342  -32.883  35.905 0.0000000000
63199  38.874  -33.806  37.033 0.0000000000
63189  39.449  -33.882  37.473 0.0000000000
62146  40.629  -34.770  38.729 0.0000000000
48584  44.725  -47.076  44.175 0.0000000000
49730  45.738  -46.255  43.283 0.0000000000
49718  45.496  -46.051  44.400 0.0000000000
49717  46.207  -45.544  44.066 0.0000000000
50840  46.257  -45.272  44.644 0.0000000000
85917  51.802  -13.545  18.240 0.0000000000
86987  52.226  -13.454  18.652 0.0000000000
85893  52.743  -13.524  19.900 0.0000000000
83006  56.287  -15.878  16.417 0.0000000000
48560  31.929  -46.379  46.594 0.0000000000
48559  32.331  -46.656  47.174 0.0000000000
48547  33.142  -46.855  48.567 0.0000000000
48514  33.658  -46.761  49.798 0.0000000000
43501  24.465  -50.286  54.494 0.0000000000
43502  24.139  -50.895  53.933 0.0000000000
43487  24.282  -51.032  54.667 0.0000000000
42289  24.452  -51.425  55.724 0.0000000000
83921  49.777  -15.242  19.679 0.0000000000
83922  49.054  -15.387  19.412 0.0000000000
82959  49.490  -16.093  19.989 0.0000000000
81945  49.541  -16.821  20.337 0.0000000000
79752  48.075  -18.654  20.434 0.0000000000
79767  49.435  -18.974  20.299 0.0000000000
77644  49.906  -20.148  20.587 0.0000000000
77635  51.093  -20.335  21.276 0.0000000000
77622  51.576  -20.456  22.151 0.0000000000
77604  51.869  -20.936  23.043 0.0000000000
76523  52.542  -22.343  24.536 0.0000000000
67693  49.155  -30.243  29.051 0.0000000000
66558  49.567  -30.471  30.530 0.0000000000
67639  52.632  -30.506  34.932 0.0000000000
83947  48.028  -14.617  18.442 0.0000000000
39089  15.854  -54.866  52.177 0.0000000000
39077  16.207  -54.953  53.111 0.0000000000
39050  15.841  -55.473  54.692 0.0000000000
70098  41.966  -27.757  25.013 0.0000000000
68963  43.279  -28.488  25.387 0.0000000000
68945  43.660  -29.061  25.955 0.0000000000
66619  43.850  -30.654  27.637 0.0000000000
66576  42.370  -31.809  28.942 0.0000000000
66575  42.896  -31.594  28.969 0.0000000000
65523  43.305  -31.711  29.718 0.0000000000
65478  45.083  -31.994  31.452 0.0000000000
65458  45.526  -32.352  32.509 0.0000000000
64405  45.206  -32.664  33.228 0.0000000000
64364  45.793  -33.098  34.550 0.0000000000
46153  38.688  -48.461  42.788 0.0000000000
47397  39.142  -47.983  42.162 0.0000000000
46134  41.365  -48.829  43.673 0.0000000000
46133  42.444  -48.578  43.607 0.0000000000
46111  41.932  -48.663  44.664 0.0000000000
46087  41.714  -48.388  45.421 0.0000000000
46026  35.222  -49.281  48.213 0.0000000000
46046  35.013  -49.328  47.551 0.0000000000
44756  35.730  -49.417  48.715 0.0000000000
44774  36.842  -49.536  48.355 0.0000000000
44773  37.498  -49.399  48.506 0.0000000000
47252  40.834  -48.365  49.624 0.0000000000
53070  28.482  -42.925  49.164 0.0000000000
53085  28.230  -42.967  48.194 0.0000000000
54243  27.930  -43.030  46.883 0.0000000000
53102  27.557  -43.175  47.253 0.0000000000
52009  25.959  -43.985  44.697 0.0000000000
51995  26.273  -43.941  45.749 0.0000000000
49681  25.455  -45.090  47.051 0.0000000000
50783  25.248  -45.265  48.426 0.0000000000
49668  25.097  -45.462  47.806 0.0000000000
48533  24.550  -46.296  48.249 0.0000000000
48519  24.149  -46.999  48.532 0.0000000000
47382  21.323  -47.932  43.403 0.0000000000
47364  21.957  -48.209  44.642 0.0000000000
47348  22.225  -48.305  45.263 0.0000000000
47330  22.964  -47.944  46.672 0.0000000000
46033  22.974  -49.049  48.801 0.0000000000
46013  23.189  -49.293  49.768 0.0000000000
44762  22.170  -50.499  48.876 0.0000000000
42383  20.193  -52.591  49.080 0.0000000000
41182  20.612  -53.046  50.131 0.0000000000
41216  19.119  -52.804  48.678 0.0000000000
53215  30.008  -43.218  40.258 0.0000000000
50897  30.541  -44.356  41.147 0.0000000000
50880  30.392  -44.284  42.007 0.0000000000
50848  30.037  -43.876  43.906 0.0000000000
53150  29.113  -42.291  44.044 0.0000000000
54284  28.587  -41.917  44.268 0.0000000000
53118  29.274  -42.931  45.874 0.0000000000
53099  29.256  -43.031  46.916 0.0000000000
53119  28.783  -42.646  46.030 0.0000000000
53084  28.901  -42.881  48.124 0.0000000000
82918  57.470  -15.712  24.456 0.0000000000
80845  59.120  -18.580  25.045 0.0000000000
79720  59.262  -19.202  25.150 0.0000000000
80867  54.009  -17.830  21.951 0.0000000000
80874  54.245  -17.215  21.746 0.0000000000
79740  54.487  -18.055  23.165 0.0000000000
78604  56.399  -18.947  25.148 0.0000000000
76505  59.213  -21.525  26.495 0.0000000000
77628  45.323  -20.613  22.226 0.0000000000
74440  48.484  -23.862  24.223 0.0000000000
75442  48.039  -23.135  23.638 0.0000000000
74426  49.270  -23.916  24.853 0.0000000000
74425  50.488  -23.881  25.295 0.0000000000
74424  51.568  -23.630  25.245 0.0000000000
74423  52.120  -23.642  25.230 0.0000000000
74411  52.272  -24.091  25.623 0.0000000000
73390  53.922  -24.670  26.571 0.0000000000
68880  51.557  -29.123  29.460 0.0000000000
68879  52.748  -28.793  29.352 0.0000000000
68878  53.834  -28.270  29.204 0.0000000000
71159  57.563  -26.172  30.603 0.0000000000
65414  40.525  -32.326  35.031 0.0000000000
65413  41.188  -32.613  35.418 0.0000000000
64346  41.734  -32.963  35.427 0.0000000000
64345  42.529  -33.373  35.785 0.0000000000
63211  44.167  -33.902  36.591 0.0000000000
64320  44.048  -33.492  37.217 0.0000000000
64300  44.557  -33.365  37.710 0.0000000000
65347  45.541  -32.614  38.875 0.0000000000
50906  46.310  -44.372  40.837 0.0000000000
52074  45.823  -43.652  40.057 0.0000000000
53208  45.938  -43.017  39.760 0.0000000000
53225  46.124  -42.300  39.744 0.0000000000
54365  45.957  -41.557  39.427 0.0000000000
55435  45.724  -40.641  39.090 0.0000000000
56543  45.582  -39.861  39.573 0.0000000000
50806  47.677  -44.380  46.215 0.0000000000
51967  48.407  -43.602  46.062 0.0000000000
53130  48.143  -42.576  45.347 0.0000000000
56491  45.383  -39.128  42.608 0.0000000000
57673  44.492  -38.246  41.441 0.0000000000
58872  43.914  -37.312  41.517 0.0000000000
58873  43.421  -36.839  41.005 0.0000000000
59989  44.010  -36.456  42.201 0.0000000000
61031  44.392  -35.898  42.341 0.0000000000
87991  50.984  -11.199  15.680 0.0000000000
87024  52.891  -12.118  15.130 0.0000000000
85944  53.200  -12.873  15.549 0.0000000000
84882  54.039  -13.994  16.800 0.0000000000
85934  53.769  -13.669  16.483 0.0000000000
84874  54.347  -13.902  17.681 0.0000000000
86984  54.670  -13.166  19.491 0.0000000000
86992  55.440  -13.149  19.527 0.0000000000
86982  56.248  -13.136  20.107 0.0000000000
85889  57.188  -13.354  20.473 0.0000000000
85888  58.381  -13.515  20.831 0.0000000000
85886  59.744  -13.934  21.071 0.0000000000
85874  58.958  -13.456  21.338 0.0000000000
83028  57.774  -15.848  13.761 0.0000000000
83027  58.453  -16.364  13.996 0.0000000000
82993  61.197  -16.067  18.251 0.0000000000
50779  31.919  -44.927  48.999 0.0000000000
50766  32.177  -44.811  49.705 0.0000000000
49645  32.995  -45.167  50.545 0.0000000000
50745  32.573  -44.342  51.810 0.0000000000
41129  23.544  -52.274  54.610 0.0000000000
41122  23.077  -52.994  56.155 0.0000000000
40077  22.345  -53.731  54.627 0.0000000000
41101  23.445  -53.412  57.905 0.0000000000
41089  23.506  -53.717  58.276 0.0000000000
80897  46.853  -17.459  19.898 0.0000000000
77638  48.289  -20.348  20.898 0.0000000000
65439  48.353  -31.457  32.655 0.0000000000
66541  49.071  -30.991  32.167 0.0000000000
66533  49.110  -31.118  33.122 0.0000000000
66521  49.993  -31.031  34.315 0.0000000000
66520  50.714  -30.910  34.621 0.0000000000
66501  50.218  -31.154  35.808 0.0000000000
66509  50.758  -30.971  35.432 0.0000000000
66508  51.479  -30.855  35.785 0.0000000000
37979  14.270  -55.733  53.029 0.0000000000
37980  13.736  -56.175  53.726 0.0000000000
37964  13.367  -56.536  56.457 0.0000000000
65542  41.281  -31.979  28.726 0.0000000000
65525  41.493  -32.142  29.636 0.0000000000
65503  41.882  -32.260  30.498 0.0000000000
47399  37.231  -47.861  42.288 0.0000000000
47401  35.638  -47.675  42.507 0.0000000000
47376  37.055  -48.116  42.963 0.0000000000
47375  37.693  -48.189  42.726 0.0000000000
46137  37.875  -48.671  43.359 0.0000000000
46114  38.386  -49.173  44.421 0.0000000000
46090  38.789  -49.320  45.644 0.0000000000
53165  26.253  -42.477  43.987 0.0000000000
53166  25.980  -43.045  43.797 0.0000000000
54325  25.888  -42.242  42.386 0.0000000000
50849  25.424  -44.803  44.451 0.0000000000
50850  25.033  -45.226  44.339 0.0000000000
46102  20.934  -49.210  44.928 0.0000000000
44834  21.062  -49.493  45.489 0.0000000000
44817  20.755  -49.938  45.811 0.0000000000
43627  20.358  -50.129  45.579 0.0000000000
54341  28.933  -41.954  41.415 0.0000000000
54342  28.318  -41.565  41.455 0.0000000000
54323  28.205  -41.469  42.411 0.0000000000
55374  27.686  -41.306  42.927 0.0000000000
54303  27.396  -41.515  43.701 0.0000000000
85876  56.559  -13.461  21.404 0.0000000000
85856  57.487  -13.783  22.647 0.0000000000
85866  56.854  -13.670  21.980 0.0000000000
84820  57.022  -14.203  23.090 0.0000000000
83890  56.610  -14.764  23.594 0.0000000000
84831  55.572  -14.460  21.981 0.0000000000
83891  55.998  -14.752  23.090 0.0000000000
82919  56.570  -15.606  24.160 0.0000000000
81895  57.506  -17.103  25.357 0.0000000000
77582  55.713  -20.270  24.565 0.0000000000
77581  56.160  -19.927  24.841 0.0000000000
76518  56.955  -20.830  25.476 0.0000000000
76487  58.517  -22.026  26.594 0.0000000000
76486  58.784  -22.055  26.699 0.0000000000
75464  45.062  -22.608  23.342 0.0000000000
75463  46.219  -22.800  23.346 0.0000000000
74441  47.265  -23.797  23.701 0.0000000000
73414  47.731  -24.920  24.275 0.0000000000
73413  48.411  -24.509  24.485 0.0000000000
74427  48.702  -24.296  24.627 0.0000000000
73394  50.173  -25.270  25.722 0.0000000000
72328  51.145  -25.643  26.212 0.0000000000
68823  54.934  -29.316  32.844 0.0000000000
68830  55.002  -29.137  32.291 0.0000000000
65447  36.546  -32.502  33.285 0.0000000000
65430  38.433  -31.990  34.344 0.0000000000
65415  39.438  -32.102  35.275 0.0000000000
65396  40.478  -32.483  36.176 0.0000000000
65373  41.471  -33.049  37.083 0.0000000000
49758  43.540  -45.811  41.095 0.0000000000
49772  43.282  -45.212  40.601 0.0000000000
50892  44.329  -45.588  41.075 0.0000000000
50891  45.008  -45.386  41.080 0.0000000000
50890  45.938  -45.117  41.185 0.0000000000
49741  46.217  -45.710  42.412 0.0000000000
49755  46.212  -45.399  41.706 0.0000000000
50905  46.790  -44.127  41.264 0.0000000000
52056  47.138  -43.725  41.804 0.0000000000
87014  50.742  -11.999  16.106 0.0000000000
86985  53.653  -13.233  19.160 0.0000000000
84892  57.226  -13.235  14.999 0.0000000000
48586  32.997  -47.553  44.617 0.0000000000
47361  33.560  -47.898  44.527 0.0000000000
47362  33.075  -47.722  45.089 0.0000000000
46048  33.678  -48.372  47.086 0.0000000000
46027  34.551  -48.730  48.680 0.0000000000
49664  32.892  -45.925  49.346 0.0000000000
48498  34.075  -46.976  50.386 0.0000000000
47240  34.746  -47.284  51.614 0.0000000000
47255  34.549  -47.535  50.780 0.0000000000
55444  24.606  -41.147  38.822 0.0000000000
45943  24.575  -48.526  53.552 0.0000000000
44689  25.321  -49.590  55.912 0.0000000000
43474  25.516  -50.178  56.602 0.0000000000
42263  24.855  -51.591  57.176 0.0000000000
84865  50.921  -14.290  19.377 0.0000000000
84843  51.821  -14.476  20.451 0.0000000000
84844  51.338  -14.786  20.344 0.0000000000
83912  51.483  -15.065  20.570 0.0000000000
82956  51.803  -15.650  20.629 0.0000000000
81942  52.160  -16.428  20.415 0.0000000000
80875  53.796  -17.611  21.142 0.0000000000
79748  53.607  -18.510  21.723 0.0000000000
78631  53.861  -19.342  23.123 0.0000000000
81959  48.350  -16.470  19.705 0.0000000000
81946  48.525  -16.902  19.972 0.0000000000
80895  50.152  -17.989  20.413 0.0000000000
79766  49.980  -18.525  20.286 0.0000000000
79765  51.020  -18.691  20.214 0.0000000000
79764  51.952  -18.755  20.322 0.0000000000
78653  52.638  -19.439  21.411 0.0000000000
78640  53.468  -19.175  22.404 0.0000000000
77601  54.183  -19.959  23.504 0.0000000000
76531  55.166  -20.723  24.376 0.0000000000
76520  55.483  -21.319  24.742 0.0000000000
75423  55.915  -21.944  25.141 0.0000000000
76533  53.792  -21.377  24.143 0.0000000000
75410  56.265  -22.546  25.721 0.0000000000
74406  57.503  -23.078  26.797 0.0000000000
74388  57.637  -23.506  27.402 0.0000000000
74378  57.798  -23.859  28.025 0.0000000000
68959  47.125  -28.488  25.575 0.0000000000
70082  47.824  -28.269  25.826 0.0000000000
68930  47.764  -29.267  26.478 0.0000000000
68906  49.793  -29.176  28.072 0.0000000000
67707  49.679  -29.564  28.634 0.0000000000
67706  50.303  -29.383  29.099 0.0000000000
67690  51.388  -29.547  30.174 0.0000000000
66540  49.846  -30.815  32.593 0.0000000000
66547  50.459  -30.568  32.245 0.0000000000
67657  50.914  -30.469  32.412 0.0000000000
67647  52.374  -30.424  33.841 0.0000000000
67655  52.639  -29.982  32.759 0.0000000000
67654  53.651  -29.694  32.569 0.0000000000
67653  54.421  -29.408  32.414 0.0000000000
67644  55.303  -29.358  33.899 0.0000000000
60093  40.003  -36.339  36.294 0.0000000000
60091  41.522  -36.610  36.845 0.0000000000
60073  41.833  -36.442  37.482 0.0000000000
49677  44.870  -45.903  46.920 0.0000000000
49688  45.386  -45.560  46.268 0.0000000000
49675  46.206  -45.539  47.268 0.0000000000
84883  49.970  -13.769  17.852 0.0000000000
85907  50.388  -14.128  18.624 0.0000000000
39086  18.957  -54.990  52.512 0.0000000000
39074  19.263  -55.337  53.457 0.0000000000
39059  19.555  -55.512  54.390 0.0000000000
37969  19.127  -55.588  54.900 0.0000000000
37951  18.930  -55.582  55.701 0.0000000000
39061  17.427  -55.327  54.256 0.0000000000
39047  18.254  -55.532  55.532 0.0000000000
39019  18.910  -55.557  57.841 0.0000000000
37970  15.345  -55.559  54.447 0.0000000000
39030  16.860  -55.642  56.880 0.0000000000
39021  17.045  -55.759  57.689 0.0000000000
39011  18.207  -55.885  58.518 0.0000000000
74444  43.976  -23.774  23.568 0.0000000000
70112  45.505  -27.124  24.366 0.0000000000
71256  44.075  -26.436  24.029 0.0000000000
68960  46.543  -28.589  25.498 0.0000000000
67743  46.780  -29.633  26.391 0.0000000000
67728  47.120  -30.011  26.919 0.0000000000
67745  45.026  -29.640  26.438 0.0000000000
67729  46.306  -30.114  26.945 0.0000000000
66590  47.352  -30.818  28.138 0.0000000000
65497  47.541  -31.696  30.593 0.0000000000
67733  42.493  -30.400  26.947 0.0000000000
66593  44.318  -30.925  28.343 0.0000000000
66574  43.805  -31.333  29.030 0.0000000000
66573  44.796  -31.350  28.990 0.0000000000
65520  46.291  -31.727  29.714 0.0000000000
65475  47.891  -31.608  31.231 0.0000000000
65456  47.673  -31.750  32.065 0.0000000000
65441  46.367  -32.320  33.470 0.0000000000
65426  47.280  -31.999  34.414 0.0000000000
65392  48.317  -32.039  36.405 0.0000000000
65370  48.544  -32.259  37.510 0.0000000000
49788  40.995  -45.306  39.772 0.0000000000
49760  41.937  -46.191  40.943 0.0000000000
48636  37.815  -47.061  40.818 0.0000000000
48635  38.869  -47.000  40.766 0.0000000000
47416  39.521  -47.522  41.416 0.0000000000
48634  39.858  -46.905  40.815 0.0000000000
48633  40.705  -46.800  40.881 0.0000000000
48632  41.485  -46.554  40.962 0.0000000000
48631  42.207  -46.658  41.237 0.0000000000
48630  43.006  -46.635  41.456 0.0000000000
48612  43.423  -47.275  42.075 0.0000000000
47392  44.365  -47.438  42.890 0.0000000000
46132  43.053  -48.404  43.777 0.0000000000
47373  43.551  -48.110  43.573 0.0000000000
47355  44.092  -47.732  44.061 0.0000000000
48569  44.470  -46.773  44.881 0.0000000000
49690  44.022  -46.309  46.253 0.0000000000
47343  34.099  -48.382  44.809 0.0000000000
46094  34.549  -48.836  45.286 0.0000000000
46093  35.580  -49.189  45.197 0.0000000000
44809  35.339  -49.473  46.458 0.0000000000
44827  36.057  -49.560  45.833 0.0000000000
46092  36.629  -49.346  45.125 0.0000000000
46025  37.967  -49.210  49.014 0.0000000000
46045  38.074  -49.197  48.238 0.0000000000
46024  38.715  -48.897  48.722 0.0000000000
46067  38.648  -49.111  46.852 0.0000000000
46065  40.553  -48.445  46.104 0.0000000000
47342  41.315  -48.135  45.901 0.0000000000
47324  41.767  -47.680  46.326 0.0000000000
47306  41.575  -47.575  47.107 0.0000000000
48546  42.180  -47.316  46.674 0.0000000000
48558  42.208  -47.420  46.249 0.0000000000
48556  43.434  -46.740  46.219 0.0000000000
49678  44.294  -46.199  46.810 0.0000000000
51874  30.346  -43.409  52.069 0.0000000000
51875  29.336  -43.577  52.168 0.0000000000
53041  28.275  -43.298  50.721 0.0000000000
51887  28.153  -43.469  51.368 0.0000000000
51877  27.572  -43.692  51.963 0.0000000000
51878  26.835  -43.828  51.696 0.0000000000
51879  26.138  -44.060  51.412 0.0000000000
53121  27.030  -43.131  46.675 0.0000000000
53103  27.006  -43.449  47.588 0.0000000000
51977  26.215  -44.199  46.797 0.0000000000
51957  26.567  -43.854  47.372 0.0000000000
51937  26.651  -43.796  48.298 0.0000000000
51904  26.288  -43.945  49.758 0.0000000000
51890  26.157  -43.991  50.517 0.0000000000
50736  25.597  -44.689  52.016 0.0000000000
50737  25.173  -45.115  51.375 0.0000000000
48493  24.590  -46.634  51.646 0.0000000000
54357  24.772  -42.361  39.864 0.0000000000
52103  24.466  -43.239  40.116 0.0000000000
50913  24.563  -44.281  41.013 0.0000000000
52049  25.020  -44.343  42.139 0.0000000000
50882  24.905  -44.762  42.769 0.0000000000
49722  24.613  -45.604  44.362 0.0000000000
49748  22.650  -46.178  41.934 0.0000000000
48619  22.717  -46.419  42.329 0.0000000000
48590  22.691  -46.956  43.498 0.0000000000
49708  24.134  -46.059  44.848 0.0000000000
48561  24.290  -46.228  46.126 0.0000000000
48534  24.048  -46.864  47.689 0.0000000000
46055  23.345  -48.056  47.735 0.0000000000
47280  23.956  -47.634  49.143 0.0000000000
47235  24.182  -48.119  51.475 0.0000000000
45959  24.165  -48.715  51.983 0.0000000000
44725  23.978  -49.662  52.387 0.0000000000
42318  23.097  -51.875  52.778 0.0000000000
43599  21.420  -50.681  47.623 0.0000000000
43576  21.848  -50.973  48.796 0.0000000000
42395  20.875  -51.674  48.182 0.0000000000
43563  21.975  -51.223  49.459 0.0000000000
42354  22.510  -51.680  51.181 0.0000000000
41148  22.518  -52.381  52.097 0.0000000000
41149  21.950  -53.377  52.682 0.0000000000
40099  21.388  -53.721  51.983 0.0000000000
40092  20.640  -54.537  52.403 0.0000000000
39096  19.560  -54.663  51.823 0.0000000000
40102  18.398  -54.224  50.964 0.0000000000
39097  18.703  -54.641  51.668 0.0000000000
39098  17.963  -54.522  51.493 0.0000000000
39099  17.253  -54.554  51.575 0.0000000000
39100  16.329  -54.564  51.279 0.0000000000
39111  15.532  -54.545  50.679 0.0000000000
39101  15.321  -54.801  51.382 0.0000000000
48639  34.144  -46.790  41.550 0.0000000000
49778  33.530  -45.967  40.284 0.0000000000
48657  33.826  -46.421  40.909 0.0000000000
48617  33.438  -46.993  42.702 0.0000000000
50911  31.358  -44.912  40.315 0.0000000000
49763  31.555  -45.444  41.115 0.0000000000
50896  31.040  -44.860  41.133 0.0000000000
49720  31.153  -45.634  44.420 0.0000000000
48573  31.798  -46.404  45.771 0.0000000000
49692  31.428  -45.751  46.676 0.0000000000
50797  31.058  -44.948  47.472 0.0000000000
52025  29.556  -42.882  43.090 0.0000000000
52007  29.730  -43.259  43.740 0.0000000000
51993  29.338  -42.702  44.432 0.0000000000
51992  29.664  -43.203  44.682 0.0000000000
50780  31.345  -44.643  48.573 0.0000000000
51916  31.147  -43.794  49.481 0.0000000000
51917  30.551  -43.392  49.376 0.0000000000
51901  30.805  -43.176  50.233 0.0000000000
51886  30.805  -43.160  51.123 0.0000000000
39045  20.447  -55.293  55.276 0.0000000000
39025  21.464  -54.808  57.280 0.0000000000
40056  22.156  -54.256  57.419 0.0000000000
84819  57.881  -14.057  23.250 0.0000000000
83882  58.496  -14.921  23.694 0.0000000000
82934  54.916  -15.915  22.395 0.0000000000
81925  54.914  -16.536  22.874 0.0000000000
81924  55.435  -16.476  23.586 0.0000000000
80827  57.670  -17.779  25.727 0.0000000000
78617  56.349  -19.749  25.014 0.0000000000
78603  56.733  -19.392  25.313 0.0000000000
79705  58.001  -18.615  26.040 0.0000000000
79704  58.634  -18.594  25.889 0.0000000000
79703  59.022  -18.971  25.639 0.0000000000
79755  44.887  -18.764  20.808 0.0000000000
78657  46.428  -19.744  21.154 0.0000000000
77639  47.134  -20.352  21.289 0.0000000000
77625  48.689  -21.042  21.748 0.0000000000
77608  45.854  -21.269  22.560 0.0000000000
76578  46.671  -21.378  22.378 0.0000000000
75461  48.369  -22.490  23.265 0.0000000000
76558  47.744  -21.939  22.840 0.0000000000
76577  47.219  -21.419  22.341 0.0000000000
76576  48.165  -21.465  22.346 0.0000000000
76575  49.000  -21.524  22.414 0.0000000000
76555  50.786  -21.573  23.260 0.0000000000
76535  51.622  -21.881  23.898 0.0000000000
75426  53.227  -22.880  24.979 0.0000000000
75413  52.916  -23.536  25.377 0.0000000000
75412  53.904  -23.386  25.537 0.0000000000
74389  56.453  -23.970  27.016 0.0000000000
73371  57.504  -23.989  27.925 0.0000000000
70081  48.449  -27.773  25.959 0.0000000000
70080  49.529  -27.411  26.373 0.0000000000
70079  50.369  -27.197  26.658 0.0000000000
71206  50.942  -27.005  26.819 0.0000000000
71205  51.636  -26.658  26.935 0.0000000000
72314  52.380  -26.109  26.976 0.0000000000
68838  54.688  -28.963  31.251 0.0000000000
68855  54.821  -28.308  30.065 0.0000000000
68836  56.423  -27.897  31.304 0.0000000000
68854  55.502  -28.003  30.324 0.0000000000
70013  54.381  -27.785  29.083 0.0000000000
70034  53.981  -27.542  28.577 0.0000000000
71192  53.607  -26.761  27.936 0.0000000000
72313  53.055  -25.909  27.115 0.0000000000
72312  53.820  -25.841  27.537 0.0000000000
73362  54.864  -25.439  27.810 0.0000000000
73361  55.398  -25.257  27.986 0.0000000000
72285  56.965  -25.635  29.588 0.0000000000
72300  56.432  -25.411  29.004 0.0000000000
73360  56.401  -24.923  28.361 0.0000000000
73359  57.519  -24.324  28.463 0.0000000000
74368  58.601  -24.111  28.849 0.0000000000
65527  39.589  -32.343  29.489 0.0000000000
65504  40.911  -32.402  30.511 0.0000000000
65463  38.885  -32.051  32.293 0.0000000000
65462  39.744  -32.349  32.249 0.0000000000
65428  40.171  -32.327  33.783 0.0000000000
65443  40.087  -32.446  32.948 0.0000000000
65461  40.540  -32.608  32.328 0.0000000000
64410  41.264  -32.761  32.582 0.0000000000
64423  42.129  -32.587  32.056 0.0000000000
64422  42.889  -32.451  31.907 0.0000000000
64387  43.957  -33.258  33.377 0.0000000000
63241  44.670  -33.682  34.432 0.0000000000
63225  45.623  -33.764  35.221 0.0000000000
63210  45.354  -34.119  36.355 0.0000000000
63209  46.496  -33.703  36.165 0.0000000000
64297  47.582  -33.026  37.523 0.0000000000
64278  47.999  -32.612  38.290 0.0000000000
52076  43.544  -44.185  39.895 0.0000000000
52093  45.128  -43.343  39.504 0.0000000000
57739  43.776  -38.317  37.073 0.0000000000
58942  43.500  -37.577  37.836 0.0000000000
58926  42.949  -37.050  38.291 0.0000000000
50824  45.867  -45.301  45.530 0.0000000000
50839  47.207  -44.633  44.322 0.0000000000
52017  47.658  -43.931  43.448 0.0000000000
53179  47.270  -42.767  42.533 0.0000000000
54317  46.698  -41.804  42.068 0.0000000000
54279  47.414  -41.687  44.644 0.0000000000
55357  46.874  -40.478  44.650 0.0000000000
54296  47.026  -41.844  43.379 0.0000000000
56526  45.184  -39.106  40.020 0.0000000000
56509  45.017  -39.030  40.955 0.0000000000
57708  44.737  -38.522  39.543 0.0000000000
60057  42.435  -36.458  38.829 0.0000000000
60045  41.899  -35.945  39.319 0.0000000000
61090  41.264  -34.843  39.490 0.0000000000
60028  42.466  -36.008  40.365 0.0000000000
61088  42.146  -35.580  40.225 0.0000000000
63171  41.408  -34.407  39.344 0.0000000000
63178  41.611  -33.904  39.123 0.0000000000
65330  42.508  -33.410  39.069 0.0000000000
59959  45.415  -36.599  43.422 0.0000000000
61030  44.986  -35.875  42.693 0.0000000000
62083  44.567  -35.387  42.127 0.0000000000
61045  46.563  -35.880  42.074 0.0000000000
62082  45.132  -35.379  42.253 0.0000000000
63146  43.644  -34.435  41.294 0.0000000000
63159  43.714  -33.940  41.041 0.0000000000
64255  43.676  -33.317  40.339 0.0000000000
65329  43.412  -33.113  39.180 0.0000000000
65328  44.404  -32.779  39.368 0.0000000000
65327  45.346  -32.432  39.451 0.0000000000
65313  45.988  -32.045  40.089 0.0000000000
65304  46.588  -32.113  40.767 0.0000000000
65312  47.120  -31.807  40.081 0.0000000000
88941  54.962  -9.706  14.480 0.0000000000
85948  54.770  -12.733  14.606 0.0000000000
83963  54.889  -14.362  15.446 0.0000000000
83958  55.040  -15.174  15.927 0.0000000000
81982  56.696  -16.275  17.097 0.0000000000
82999  55.050  -15.273  17.422 0.0000000000
82998  56.115  -16.034  17.329 0.0000000000
82997  57.155  -16.210  17.485 0.0000000000
82985  57.869  -15.816  18.382 0.0000000000
83941  59.540  -15.089  19.021 0.0000000000
85915  54.214  -13.496  18.225 0.0000000000
84872  56.057  -13.875  19.046 0.0000000000
84864  56.381  -13.485  19.499 0.0000000000
83931  58.106  -14.495  19.582 0.0000000000
36855  13.522  -56.549  55.151 0.0000000000
37952  18.616  -55.552  55.685 0.0000000000
37953  15.083  -55.778  55.676 0.0000000000
37959  19.267  -55.564  55.316 0.0000000000
37960  18.791  -55.580  55.293 0.0000000000
37961  15.236  -55.715  55.017 0.0000000000
37968  19.445  -55.559  54.919 0.0000000000
39037  18.474  -55.565  56.161 0.0000000000
39072  20.959  -54.836  53.607 0.0000000000
41184  19.019  -53.547  49.714 0.0000000000
41198  20.366  -52.728  49.426 0.0000000000
42394  21.454  -51.349  48.542 0.0000000000
43546  23.312  -50.450  51.275 0.0000000000
43575  22.241  -50.731  49.252 0.0000000000
43589  21.054  -51.132  47.685 0.0000000000
43628  19.902  -50.286  45.363 0.0000000000
44790  36.642  -49.583  47.540 0.0000000000
44791  35.641  -49.521  47.393 0.0000000000
44792  34.981  -49.376  47.135 0.0000000000
44828  35.494  -49.440  45.802 0.0000000000
45995  23.358  -49.400  50.285 0.0000000000
46070  34.523  -49.116  46.296 0.0000000000
46100  22.326  -48.362  45.576 0.0000000000
46109  43.296  -48.321  44.045 0.0000000000
46118  34.532  -48.516  44.633 0.0000000000
46140  35.339  -48.248  43.815 0.0000000000
46154  38.107  -48.342  42.769 0.0000000000
47254  34.980  -47.813  51.224 0.0000000000
47260  24.243  -47.539  50.525 0.0000000000
47273  33.881  -47.330  49.490 0.0000000000
47308  40.209  -48.139  47.614 0.0000000000
47323  42.219  -47.567  45.957 0.0000000000
47341  41.950  -47.943  45.726 0.0000000000
47356  43.489  -47.961  44.508 0.0000000000
47358  42.203  -48.239  45.286 0.0000000000
47372  44.285  -47.610  43.427 0.0000000000
47374  42.995  -48.348  43.396 0.0000000000
47404  22.061  -46.961  42.526 0.0000000000
48513  33.964  -47.171  49.881 0.0000000000
48531  33.223  -46.485  49.240 0.0000000000
48548  32.707  -46.612  48.075 0.0000000000
48557  42.722  -47.203  45.999 0.0000000000
48574  24.057  -46.288  45.437 0.0000000000
48583  45.345  -46.570  43.782 0.0000000000
48597  45.223  -46.776  43.229 0.0000000000
48602  23.048  -46.491  42.923 0.0000000000
48610  44.947  -46.814  42.659 0.0000000000
48614  41.783  -47.142  41.423 0.0000000000
49667  25.483  -45.023  47.571 0.0000000000
49721  25.012  -45.360  44.776 0.0000000000
49743  44.865  -46.612  42.251 0.0000000000
49759  42.478  -46.004  41.031 0.0000000000
49764  24.078  -45.116  41.567 0.0000000000
49774  41.656  -45.662  40.358 0.0000000000
50781  30.828  -44.292  48.091 0.0000000000
50799  25.781  -44.697  47.268 0.0000000000
50873  47.133  -44.601  42.410 0.0000000000
50888  47.060  -44.579  42.082 0.0000000000
50919  42.587  -44.374  39.697 0.0000000000
51918  27.186  -43.464  49.486 0.0000000000
51919  26.791  -43.679  49.129 0.0000000000
51938  26.077  -44.216  48.251 0.0000000000
51994  26.502  -43.473  45.814 0.0000000000
52066  25.387  -43.382  42.098 0.0000000000
53072  27.310  -43.338  48.874 0.0000000000
53086  27.691  -43.159  48.209 0.0000000000
53100  28.452  -42.903  46.958 0.0000000000
53101  28.038  -43.025  47.377 0.0000000000
53120  27.461  -43.021  46.650 0.0000000000
53178  47.519  -43.415  42.878 0.0000000000
53218  24.906  -42.838  40.451 0.0000000000
53226  45.728  -42.532  39.371 0.0000000000
54258  27.944  -42.351  46.143 0.0000000000
54259  27.678  -42.768  46.406 0.0000000000
54273  27.175  -42.628  45.995 0.0000000000
54338  46.146  -41.035  40.487 0.0000000000
54364  46.076  -42.083  39.576 0.0000000000
54373  24.538  -41.828  39.184 0.0000000000
55375  27.473  -41.327  42.972 0.0000000000
56531  26.961  -41.075  39.865 0.0000000000
57658  44.758  -38.239  42.378 0.0000000000
58846  44.806  -37.198  43.084 0.0000000000
58859  44.167  -37.165  42.234 0.0000000000
58962  42.495  -37.718  36.389 0.0000000000
59960  45.128  -36.238  43.064 0.0000000000
59973  44.990  -36.901  43.253 0.0000000000
59975  44.378  -36.286  42.483 0.0000000000
59988  44.313  -36.891  42.525 0.0000000000
60006  43.050  -36.107  41.011 0.0000000000
60058  41.751  -36.099  38.423 0.0000000000
60072  42.364  -36.625  38.017 0.0000000000
60092  40.900  -36.531  36.542 0.0000000000
61015  46.625  -36.200  43.545 0.0000000000
61017  45.402  -36.056  43.136 0.0000000000
61028  46.189  -35.792  42.800 0.0000000000
61046  43.803  -35.526  41.859 0.0000000000
61047  43.167  -35.410  41.271 0.0000000000
61068  41.983  -35.239  40.374 0.0000000000
61089  41.720  -35.208  39.817 0.0000000000
61103  40.995  -35.065  39.118 0.0000000000
61112  40.649  -35.339  38.111 0.0000000000
61113  39.951  -35.017  37.842 0.0000000000
61123  39.104  -34.948  36.768 0.0000000000
62081  45.623  -35.543  42.277 0.0000000000
62084  44.216  -35.408  42.012 0.0000000000
62098  45.983  -35.508  41.987 0.0000000000
62100  44.683  -34.803  41.789 0.0000000000
62101  44.024  -34.905  41.784 0.0000000000
62120  42.430  -34.760  40.504 0.0000000000
62133  41.502  -34.634  39.584 0.0000000000
62140  41.078  -34.597  39.169 0.0000000000
62141  40.712  -34.439  38.673 0.0000000000
62147  40.099  -34.555  38.241 0.0000000000
62148  39.650  -34.291  37.748 0.0000000000
63161  42.378  -34.415  40.171 0.0000000000
63170  41.876  -34.154  39.582 0.0000000000
63179  41.196  -34.154  38.932 0.0000000000
63187  46.429  -33.376  38.001 0.0000000000
63188  39.916  -33.954  37.927 0.0000000000
63195  47.025  -33.453  37.010 0.0000000000
63198  44.432  -33.649  37.208 0.0000000000
63208  47.061  -33.338  36.469 0.0000000000
63212  43.468  -33.712  36.381 0.0000000000
63224  46.296  -33.510  35.480 0.0000000000
63227  43.358  -33.876  35.673 0.0000000000
63240  45.341  -33.498  34.575 0.0000000000
63243  43.023  -33.736  34.734 0.0000000000
63259  44.287  -33.446  33.863 0.0000000000
63261  43.320  -33.676  34.275 0.0000000000
64236  44.075  -33.795  41.092 0.0000000000
64243  46.069  -32.436  40.799 0.0000000000
64245  44.694  -33.090  40.680 0.0000000000
64246  44.025  -33.476  40.793 0.0000000000
64247  43.465  -33.687  40.625 0.0000000000
64254  44.159  -33.174  40.509 0.0000000000
64257  42.380  -33.754  39.666 0.0000000000
64265  47.345  -32.504  38.895 0.0000000000
64267  42.530  -33.551  39.551 0.0000000000
64268  41.968  -33.659  39.166 0.0000000000
64269  41.416  -33.787  38.717 0.0000000000
64270  40.924  -33.850  38.375 0.0000000000
64281  45.777  -32.962  38.452 0.0000000000
64282  45.044  -33.003  38.361 0.0000000000
64283  44.300  -33.096  38.217 0.0000000000
64284  41.628  -33.600  38.543 0.0000000000
64286  40.414  -33.670  37.813 0.0000000000
64296  48.066  -32.682  37.921 0.0000000000
64298  46.063  -33.327  38.101 0.0000000000
64302  43.010  -33.294  37.264 0.0000000000
64303  40.644  -33.370  37.447 0.0000000000
64304  40.071  -33.260  37.135 0.0000000000
64305  39.434  -33.406  37.065 0.0000000000
64319  47.097  -33.203  36.088 0.0000000000
64321  43.421  -33.458  36.875 0.0000000000
64323  42.019  -33.061  36.157 0.0000000000
64324  39.579  -33.020  36.721 0.0000000000
64326  38.172  -33.326  36.055 0.0000000000
64341  47.341  -32.705  35.832 0.0000000000
64343  46.198  -33.233  35.103 0.0000000000
64344  43.045  -33.537  36.294 0.0000000000
64363  46.499  -32.627  34.777 0.0000000000
64365  45.234  -33.253  34.188 0.0000000000
64366  42.362  -33.427  34.894 0.0000000000
64385  45.566  -32.743  33.806 0.0000000000
64390  40.707  -32.670  33.210 0.0000000000
64406  44.565  -32.716  32.904 0.0000000000
64421  43.510  -32.302  31.799 0.0000000000
64424  41.660  -32.680  32.242 0.0000000000
65306  45.100  -32.717  40.437 0.0000000000
65316  43.246  -33.252  39.777 0.0000000000
65317  42.801  -33.435  39.647 0.0000000000
65324  48.205  -32.091  39.179 0.0000000000
65325  47.426  -32.249  39.207 0.0000000000
65326  46.369  -32.319  39.259 0.0000000000
65331  41.945  -33.505  38.710 0.0000000000
65344  48.326  -32.362  38.417 0.0000000000
65352  41.010  -33.317  37.551 0.0000000000
65371  43.123  -33.233  37.686 0.0000000000
65390  50.130  -31.276  36.193 0.0000000000
65398  38.759  -32.698  36.025 0.0000000000
65460  43.880  -32.294  31.971 0.0000000000
65474  48.438  -31.337  31.024 0.0000000000
65518  48.028  -31.474  30.049 0.0000000000
65541  41.953  -31.943  29.012 0.0000000000
66500  50.713  -31.115  36.268 0.0000000000
66511  49.469  -31.288  34.758 0.0000000000
66518  52.076  -30.661  35.304 0.0000000000
66529  52.002  -30.653  34.608 0.0000000000
66615  47.584  -30.337  27.409 0.0000000000
66616  46.766  -30.566  27.465 0.0000000000
66618  44.858  -30.592  27.619 0.0000000000
67648  51.651  -30.572  33.520 0.0000000000
67656  51.557  -30.396  32.803 0.0000000000
67662  54.482  -29.236  31.875 0.0000000000
67677  53.619  -29.240  30.958 0.0000000000
67681  50.231  -29.957  30.310 0.0000000000
67727  47.846  -29.687  26.965 0.0000000000
67732  43.428  -30.233  27.017 0.0000000000
68815  55.779  -29.182  34.629 0.0000000000
68858  51.835  -29.424  30.164 0.0000000000
68877  54.504  -28.014  29.424 0.0000000000
68881  50.789  -29.200  29.158 0.0000000000
68902  53.479  -27.942  28.605 0.0000000000
68940  48.012  -28.453  26.078 0.0000000000
68941  47.381  -28.852  25.996 0.0000000000
68942  46.465  -29.187  26.025 0.0000000000
69975  56.364  -27.704  30.962 0.0000000000
69993  55.392  -27.800  29.957 0.0000000000
70011  55.603  -27.353  29.773 0.0000000000
70033  54.591  -27.368  28.918 0.0000000000
70058  52.637  -27.365  27.788 0.0000000000
70093  47.397  -27.913  25.399 0.0000000000
70095  44.989  -27.860  24.742 0.0000000000
71177  54.960  -27.099  29.045 0.0000000000
71190  55.219  -26.250  28.713 0.0000000000
71203  53.284  -26.305  27.504 0.0000000000
71204  52.694  -26.716  27.436 0.0000000000
71221  51.386  -26.106  26.537 0.0000000000
71222  50.833  -26.437  26.450 0.0000000000
71223  49.981  -26.600  26.219 0.0000000000
71235  47.719  -26.846  25.072 0.0000000000
71253  46.717  -26.700  24.517 0.0000000000
71257  42.948  -26.495  24.061 0.0000000000
72286  56.219  -25.930  29.241 0.0000000000
72311  54.497  -25.649  27.781 0.0000000000
72326  52.627  -25.608  26.794 0.0000000000
72351  45.752  -25.631  23.982 0.0000000000
73358  58.222  -24.260  28.881 0.0000000000
73398  50.435  -24.491  25.533 0.0000000000
74439  49.085  -23.466  24.398 0.0000000000
74457  46.652  -23.391  23.503 0.0000000000
75414  52.400  -23.613  25.269 0.0000000000
75427  52.222  -23.145  24.936 0.0000000000
75460  49.006  -22.273  23.312 0.0000000000
76536  50.530  -22.065  23.781 0.0000000000
77570  56.483  -20.343  25.096 0.0000000000
77583  54.809  -20.201  24.004 0.0000000000
77586  52.471  -21.169  23.530 0.0000000000
77602  53.585  -20.211  23.251 0.0000000000
77603  52.776  -20.430  23.032 0.0000000000
77607  46.398  -21.345  22.427 0.0000000000
77645  49.136  -20.037  20.541 0.0000000000
78643  46.302  -20.275  21.582 0.0000000000
78652  53.131  -19.144  21.833 0.0000000000
78655  48.442  -19.403  20.521 0.0000000000
78666  50.432  -19.466  20.304 0.0000000000
78667  49.648  -19.445  20.328 0.0000000000
78668  49.066  -19.379  20.416 0.0000000000
79687  58.973  -19.111  25.850 0.0000000000
79707  56.635  -18.698  25.322 0.0000000000
79722  56.700  -18.302  25.380 0.0000000000
79724  55.639  -18.446  24.434 0.0000000000
79751  49.138  -18.560  20.401 0.0000000000
80866  54.467  -17.433  22.544 0.0000000000
80876  50.427  -17.277  20.538 0.0000000000
80877  49.841  -17.707  20.471 0.0000000000
80891  53.176  -17.837  20.526 0.0000000000
80892  52.494  -18.010  20.273 0.0000000000
80894  50.674  -17.773  20.374 0.0000000000
81947  47.831  -17.204  19.882 0.0000000000
81955  52.839  -17.464  20.322 0.0000000000
81958  50.845  -17.033  20.509 0.0000000000
81983  56.446  -16.203  16.890 0.0000000000
81989  56.761  -16.237  16.788 0.0000000000
82966  49.126  -15.792  19.683 0.0000000000
82974  47.920  -15.541  19.048 0.0000000000
83000  54.519  -14.985  16.910 0.0000000000
83007  55.416  -15.629  16.602 0.0000000000
83913  50.868  -15.229  20.233 0.0000000000
83932  49.349  -14.945  19.233 0.0000000000
83946  54.806  -14.259  17.913 0.0000000000
83955  54.487  -14.529  17.289 0.0000000000
84811  58.124  -14.498  23.658 0.0000000000
84813  57.099  -14.559  23.665 0.0000000000
84821  56.457  -14.438  23.066 0.0000000000
84829  56.824  -13.988  22.503 0.0000000000
84855  51.118  -14.492  19.882 0.0000000000
84856  50.385  -14.805  19.675 0.0000000000
84861  59.397  -14.288  20.149 0.0000000000
84863  57.112  -13.919  19.636 0.0000000000
84888  53.936  -13.782  15.882 0.0000000000
84895  54.422  -13.580  15.000 0.0000000000
84901  55.017  -13.241  14.808 0.0000000000
85857  57.068  -13.918  22.565 0.0000000000
85864  58.242  -13.347  22.278 0.0000000000
85865  57.751  -13.430  22.219 0.0000000000
85867  56.264  -13.805  21.769 0.0000000000
85875  58.587  -13.406  21.224 0.0000000000
85880  52.869  -13.698  20.286 0.0000000000
85887  59.303  -13.721  21.010 0.0000000000
85890  56.502  -13.248  20.228 0.0000000000
85891  54.370  -13.222  20.183 0.0000000000
85900  58.273  -13.666  20.549 0.0000000000
85903  55.685  -13.181  19.561 0.0000000000
85904  52.629  -13.435  19.391 0.0000000000
85913  56.066  -13.338  19.420 0.0000000000
85935  53.464  -13.388  16.091 0.0000000000
85943  53.662  -12.928  15.013 0.0000000000
85949  54.170  -12.670  14.620 0.0000000000
86945  58.502  -13.347  22.266 0.0000000000
86952  58.224  -13.246  21.956 0.0000000000
86954  56.829  -13.409  21.488 0.0000000000
86961  59.187  -13.451  21.782 0.0000000000
86962  58.493  -13.341  21.473 0.0000000000
86965  55.264  -13.257  20.461 0.0000000000
86966  54.643  -13.201  20.234 0.0000000000
86972  57.779  -13.332  20.936 0.0000000000
86983  55.703  -13.153  19.743 0.0000000000
87033  53.398  -11.564  14.627 0.0000000000
88934  55.535  -9.501  14.816 0.0000000000
