#!ascii label  , from subject mmSR20151113 vox2ras=TkReg
1061
108030  40.679  10.234  21.516 0.0000000000
107147  46.341  9.091  11.409 0.0000000000
110023  53.959  12.338  14.279 0.0000000000
104226  51.630  7.276  0.415 0.0000000000
101384  41.131  3.240  16.677 0.0000000000
107009  53.319  9.519  25.416 0.0000000000
106236  49.502  8.587  3.893 0.0000000000
113707  43.926  16.259  9.009 0.0000000000
105075  48.983  7.490  22.010 0.0000000000
103123  44.859  5.823  19.427 0.0000000000
102275  45.148  4.034  10.943 0.0000000000
110906  49.834  13.816  15.684 0.0000000000
110086  49.138  12.672  8.335 0.0000000000
108085  50.923  10.790  13.819 0.0000000000
109173  52.431  11.557  5.622 0.0000000000
112758  45.121  15.264  13.499 0.0000000000
106086  45.156  8.950  22.055 0.0000000000
105065  43.245  7.069  22.467 0.0000000000
101399  43.328  3.584  13.131 0.0000000000
109043  54.434  11.690  20.889 0.0000000000
109046  51.628  11.659  20.527 0.0000000000
110916  52.752  13.430  14.849 0.0000000000
113683  51.132  16.212  10.769 0.0000000000
110948  53.157  13.782  10.615 0.0000000000
106121  47.527  8.032  16.854 0.0000000000
106108  50.224  8.691  17.603 0.0000000000
109091  48.390  11.158  13.196 0.0000000000
106260  52.494  8.638  1.707 0.0000000000
108171  51.438  10.499  4.400 0.0000000000
109198  51.970  10.809  1.504 0.0000000000
110151  50.959  12.663  3.411 0.0000000000
107244  49.655  9.713  1.175 0.0000000000
103236  46.376  5.848  3.005 0.0000000000
105069  39.269  7.060  22.491 0.0000000000
102218  41.676  4.722  22.160 0.0000000000
108038  55.419  11.114  19.856 0.0000000000
104152  47.351  6.382  8.169 0.0000000000
106191  48.561  8.467  8.465 0.0000000000
103221  49.346  5.992  3.667 0.0000000000
103232  52.325  6.016  2.713 0.0000000000
108952  47.435  11.639  25.776 0.0000000000
109000  46.277  11.406  23.711 0.0000000000
104080  47.373  6.879  20.719 0.0000000000
106123  45.206  7.764  16.310 0.0000000000
102243  43.321  4.857  17.885 0.0000000000
104112  43.572  6.406  13.587 0.0000000000
104130  45.471  6.396  11.174 0.0000000000
102297  46.826  4.241  7.976 0.0000000000
106081  35.987  8.434  22.835 0.0000000000
109986  48.690  12.164  20.512 0.0000000000
111763  47.427  14.425  16.873 0.0000000000
112787  47.788  15.048  11.442 0.0000000000
113715  47.357  15.997  8.631 0.0000000000
110996  46.371  13.734  5.772 0.0000000000
107022  50.928  9.330  24.167 0.0000000000
108041  53.078  10.036  19.137 0.0000000000
108066  53.052  10.736  14.186 0.0000000000
108139  49.884  9.968  8.611 0.0000000000
109145  51.519  11.292  9.728 0.0000000000
109128  53.475  12.022  10.148 0.0000000000
110110  51.123  12.415  6.516 0.0000000000
110126  48.862  12.704  4.988 0.0000000000
112759  44.187  15.655  13.800 0.0000000000
112731  45.984  15.576  14.878 0.0000000000
108028  42.563  10.392  21.631 0.0000000000
106090  42.016  8.504  21.779 0.0000000000
110891  53.698  12.771  16.968 0.0000000000
110883  53.096  13.036  17.537 0.0000000000
110915  53.467  12.855  15.038 0.0000000000
111829  53.527  14.234  12.441 0.0000000000
110940  54.111  13.670  12.038 0.0000000000
107117  46.745  9.738  14.925 0.0000000000
107116  47.727  9.838  15.015 0.0000000000
108099  46.704  10.465  12.719 0.0000000000
105242  52.422  7.858  0.565 0.0000000000
107241  52.363  9.548  1.235 0.0000000000
107253  51.718  9.450  0.456 0.0000000000
108200  51.268  10.382  0.879 0.0000000000
106274  50.766  8.369  0.380 0.0000000000
104213  49.244  6.717  1.253 0.0000000000
104212  50.292  6.695  0.875 0.0000000000
102220  39.760  4.648  22.270 0.0000000000
108011  55.432  10.454  22.765 0.0000000000
107042  54.890  9.609  23.063 0.0000000000
103198  47.338  5.125  6.532 0.0000000000
104174  47.937  6.431  5.472 0.0000000000
103209  49.279  5.186  4.070 0.0000000000
103218  52.489  5.169  3.106 0.0000000000
103231  52.938  5.484  2.441 0.0000000000
104196  53.141  6.355  1.869 0.0000000000
104064  45.488  6.405  22.454 0.0000000000
105062  46.099  7.228  22.560 0.0000000000
104084  46.166  6.858  19.293 0.0000000000
105094  46.700  7.116  17.861 0.0000000000
105096  45.275  6.696  17.227 0.0000000000
101377  42.014  3.197  18.685 0.0000000000
102232  42.760  4.193  20.455 0.0000000000
102248  41.845  4.317  17.099 0.0000000000
101405  44.284  3.743  12.017 0.0000000000
103143  42.857  5.426  14.033 0.0000000000
103150  44.224  5.371  12.545 0.0000000000
104111  44.156  6.692  12.975 0.0000000000
103160  45.208  5.505  11.370 0.0000000000
103175  46.219  5.470  9.806 0.0000000000
102283  45.877  4.289  9.849 0.0000000000
99611  47.892  1.427  7.217 0.0000000000
110004  50.682  12.421  18.664 0.0000000000
109036  50.235  11.627  21.060 0.0000000000
110876  49.178  12.904  18.052 0.0000000000
110877  47.814  13.064  18.582 0.0000000000
110896  48.826  13.914  16.540 0.0000000000
111801  48.241  14.467  14.396 0.0000000000
111816  49.142  14.432  13.552 0.0000000000
111868  50.518  15.007  9.694 0.0000000000
113702  48.892  16.131  9.434 0.0000000000
110974  48.288  13.553  8.600 0.0000000000
112840  46.484  14.826  7.312 0.0000000000
110100  47.992  12.783  6.907 0.0000000000
107035  48.646  9.580  23.125 0.0000000000
107994  48.821  10.876  24.939 0.0000000000
106060  49.988  8.810  22.937 0.0000000000
107100  50.818  9.296  15.687 0.0000000000
107086  51.672  9.588  18.461 0.0000000000
107099  51.699  9.491  15.815 0.0000000000
108052  53.102  10.238  16.554 0.0000000000
108084  52.089  10.839  13.673 0.0000000000
106219  48.960  8.130  5.488 0.0000000000
107175  49.016  9.151  8.519 0.0000000000
107195  50.280  9.202  6.478 0.0000000000
108160  52.192  10.739  5.633 0.0000000000
108148  51.808  10.220  7.394 0.0000000000
108147  52.648  10.802  7.915 0.0000000000
109129  52.902  11.673  10.327 0.0000000000
109154  52.799  11.456  8.369 0.0000000000
110096  52.147  12.188  7.758 0.0000000000
110122  52.390  11.901  6.121 0.0000000000
110163  48.953  11.923  2.412 0.0000000000
110139  49.933  12.677  4.145 0.0000000000
110154  47.822  12.077  3.324 0.0000000000
109181  46.787  12.119  4.004 0.0000000000
107969  50.825  10.838  26.618 0.0000000000
112791  43.667  15.161  11.563 0.0000000000
112790  44.624  15.018  11.514 0.0000000000
109002  44.218  11.813  23.655 0.0000000000
108027  43.624  10.626  21.871 0.0000000000
106072  44.488  8.003  22.378 0.0000000000
103111  44.340  5.447  21.949 0.0000000000
102254  41.560  4.046  15.033 0.0000000000
109983  52.920  11.922  20.149 0.0000000000
110003  51.726  12.481  18.750 0.0000000000
110894  50.868  13.424  16.441 0.0000000000
111831  51.087  15.003  12.627 0.0000000000
111813  52.414  14.315  13.305 0.0000000000
112800  52.028  15.429  10.562 0.0000000000
110073  50.695  12.976  9.353 0.0000000000
106104  48.431  7.877  19.621 0.0000000000
106103  49.348  8.393  19.222 0.0000000000
106120  48.698  8.485  16.610 0.0000000000
107102  49.165  9.315  15.525 0.0000000000
108086  49.774  10.833  13.859 0.0000000000
106248  51.770  8.740  2.268 0.0000000000
107217  50.694  9.705  3.280 0.0000000000
107230  52.135  9.799  2.100 0.0000000000
108189  51.718  10.697  2.716 0.0000000000
109188  52.060  11.724  3.489 0.0000000000
110149  52.231  12.226  4.457 0.0000000000
110160  51.676  12.287  2.959 0.0000000000
110169  50.228  11.823  1.777 0.0000000000
108203  48.301  10.117  1.880 0.0000000000
103235  47.430  5.674  2.359 0.0000000000
106093  39.443  8.534  21.854 0.0000000000
106076  40.735  7.722  22.189 0.0000000000
105068  40.306  6.977  22.475 0.0000000000
101360  41.256  3.987  21.290 0.0000000000
100445  41.304  2.832  18.216 0.0000000000
109013  55.307  10.822  23.250 0.0000000000
109980  55.252  11.597  19.934 0.0000000000
110009  54.752  11.936  17.934 0.0000000000
106183  47.201  7.796  9.707 0.0000000000
106173  47.388  8.575  9.915 0.0000000000
105163  47.771  7.434  8.561 0.0000000000
105189  48.276  7.317  5.863 0.0000000000
105206  49.510  7.633  3.489 0.0000000000
102331  50.819  5.073  3.599 0.0000000000
103234  50.947  6.524  2.936 0.0000000000
104199  51.215  7.037  2.686 0.0000000000
105218  52.703  7.559  2.081 0.0000000000
105231  52.919  7.512  1.298 0.0000000000
104210  52.349  6.776  0.735 0.0000000000
103246  50.677  5.654  1.086 0.0000000000
108977  47.365  11.443  24.775 0.0000000000
107047  48.212  8.918  22.624 0.0000000000
107049  46.272  9.319  22.200 0.0000000000
106069  47.712  8.076  22.514 0.0000000000
105076  48.509  6.981  21.644 0.0000000000
105093  47.289  7.515  18.274 0.0000000000
106129  46.823  8.671  16.018 0.0000000000
107128  45.359  9.552  13.838 0.0000000000
103102  42.515  5.281  22.316 0.0000000000
103117  43.628  4.855  20.551 0.0000000000
103125  44.007  5.136  18.250 0.0000000000
103140  42.013  5.304  15.118 0.0000000000
104104  42.443  6.155  15.986 0.0000000000
104098  44.214  6.612  16.871 0.0000000000
106140  43.801  7.922  14.862 0.0000000000
106149  44.398  8.298  13.345 0.0000000000
106165  45.891  8.103  11.440 0.0000000000
104138  46.362  6.492  10.036 0.0000000000
103190  47.088  5.268  7.828 0.0000000000
101459  47.671  3.473  6.097 0.0000000000
100572  46.897  2.449  7.975 0.0000000000
100585  47.931  2.508  6.386 0.0000000000
107051  37.950  9.148  22.034 0.0000000000
106079  37.623  8.167  22.457 0.0000000000
105056  35.494  7.464  23.240 0.0000000000
109965  50.188  12.865  23.341 0.0000000000
110863  47.273  13.073  21.093 0.0000000000
112730  46.708  15.173  14.702 0.0000000000
111836  46.303  14.686  12.655 0.0000000000
112807  46.065  15.458  10.382 0.0000000000
112785  50.108  15.928  11.101 0.0000000000
113693  48.234  16.215  9.821 0.0000000000
113705  45.905  16.276  8.973 0.0000000000
107021  52.051  9.271  24.233 0.0000000000
106083  51.024  9.027  20.740 0.0000000000
107045  51.892  9.021  22.054 0.0000000000
107058  53.932  9.541  21.810 0.0000000000
108035  54.553  10.235  20.257 0.0000000000
108048  53.837  10.914  17.139 0.0000000000
109075  53.955  11.542  14.560 0.0000000000
108118  47.935  10.186  10.488 0.0000000000
109133  49.015  11.240  10.796 0.0000000000
109118  49.638  11.510  11.368 0.0000000000
107185  51.022  9.594  7.020 0.0000000000
109146  50.622  11.123  9.744 0.0000000000
109116  51.408  11.645  11.225 0.0000000000
109115  52.523  11.688  11.233 0.0000000000
109101  53.081  11.602  12.172 0.0000000000
109100  54.155  11.949  12.420 0.0000000000
110059  53.630  12.760  10.513 0.0000000000
110084  51.472  12.479  8.569 0.0000000000
110098  50.148  12.373  7.403 0.0000000000
110138  51.031  12.717  4.424 0.0000000000
110125  50.005  12.667  5.178 0.0000000000
110112  48.939  12.543  6.027 0.0000000000
110113  47.835  12.799  5.864 0.0000000000
103224  45.375  5.758  3.515 0.0000000000
112732  45.195  16.023  15.105 0.0000000000
111776  45.997  15.339  16.352 0.0000000000
109039  40.923  10.971  21.889 0.0000000000
108029  41.617  10.281  21.545 0.0000000000
107065  41.368  9.342  21.508 0.0000000000
110012  53.979  12.176  16.336 0.0000000000
110902  53.465  12.726  16.016 0.0000000000
110925  53.605  13.129  14.048 0.0000000000
110032  54.199  12.602  13.295 0.0000000000
108100  46.080  10.050  12.936 0.0000000000
108089  46.554  10.342  13.559 0.0000000000
107137  46.258  9.829  12.292 0.0000000000
104225  52.114  7.464  0.411 0.0000000000
106272  52.068  8.727  0.417 0.0000000000
105243  51.803  7.990  0.267 0.0000000000
106273  51.232  8.782  0.316 0.0000000000
105244  51.045  7.851  0.286 0.0000000000
105232  50.510  7.484  0.585 0.0000000000
104227  50.962  7.154  0.534 0.0000000000
107968  52.267  10.471  26.880 0.0000000000
106998  53.417  9.843  26.298 0.0000000000
107029  54.958  9.506  24.010 0.0000000000
107030  54.081  9.365  23.753 0.0000000000
102310  48.290  4.127  5.144 0.0000000000
103203  48.190  4.830  5.052 0.0000000000
102321  48.878  4.495  4.567 0.0000000000
103217  52.902  4.725  3.197 0.0000000000
102342  53.021  4.443  2.755 0.0000000000
102353  53.034  4.817  2.179 0.0000000000
113719  43.503  16.194  8.301 0.0000000000
103115  45.039  5.701  21.494 0.0000000000
104082  45.755  6.184  21.046 0.0000000000
104085  45.539  6.404  19.884 0.0000000000
104088  46.110  6.773  18.626 0.0000000000
104089  45.428  6.255  18.448 0.0000000000
101381  41.814  3.555  17.780 0.0000000000
102251  41.328  4.098  16.038 0.0000000000
102268  44.841  4.544  11.549 0.0000000000
102259  44.397  4.708  12.148 0.0000000000
103161  44.688  5.455  11.943 0.0000000000
102267  45.342  4.832  11.033 0.0000000000
102274  45.557  4.538  10.509 0.0000000000
110886  49.971  13.234  17.218 0.0000000000
110005  49.653  12.439  18.693 0.0000000000
110887  48.742  13.540  17.302 0.0000000000
111773  49.205  13.958  16.018 0.0000000000
111800  49.261  14.245  14.405 0.0000000000
110074  49.594  12.998  9.238 0.0000000000
110965  49.041  13.858  9.224 0.0000000000
110075  48.866  13.141  9.030 0.0000000000
110975  47.536  13.524  7.731 0.0000000000
110087  48.295  12.874  7.820 0.0000000000
107046  48.901  8.841  22.731 0.0000000000
107034  49.580  9.230  23.255 0.0000000000
106067  49.454  8.354  22.431 0.0000000000
107113  50.638  9.717  15.153 0.0000000000
107112  51.348  9.667  15.304 0.0000000000
108067  51.653  10.171  14.635 0.0000000000
108056  51.894  9.768  15.247 0.0000000000
106227  49.120  8.198  4.723 0.0000000000
106218  49.523  8.731  6.001 0.0000000000
106226  49.474  8.791  5.034 0.0000000000
108159  52.520  11.026  6.061 0.0000000000
108152  52.628  10.814  6.938 0.0000000000
109162  52.712  11.344  7.456 0.0000000000
109168  52.566  11.397  6.528 0.0000000000
110108  52.476  11.780  7.081 0.0000000000
109202  48.425  11.549  2.424 0.0000000000
110153  48.605  12.175  3.036 0.0000000000
109203  47.779  11.369  2.785 0.0000000000
109190  47.316  11.663  3.357 0.0000000000
112776  43.439  15.149  12.735 0.0000000000
112775  44.348  15.030  12.675 0.0000000000
109003  43.255  11.913  23.589 0.0000000000
109022  43.105  11.547  22.616 0.0000000000
106089  42.965  8.581  21.845 0.0000000000
106088  43.885  8.668  21.949 0.0000000000
106073  43.563  7.879  22.319 0.0000000000
105064  44.165  7.162  22.546 0.0000000000
104066  43.860  6.405  22.568 0.0000000000
109031  54.740  11.403  21.855 0.0000000000
109032  53.752  11.579  21.681 0.0000000000
109982  53.930  11.977  20.098 0.0000000000
110892  52.893  13.158  16.712 0.0000000000
110873  52.408  12.845  18.117 0.0000000000
110893  51.923  13.294  16.550 0.0000000000
110885  51.086  13.107  17.251 0.0000000000
110904  51.809  13.506  15.656 0.0000000000
110917  51.773  13.780  14.685 0.0000000000
111858  53.309  14.449  11.076 0.0000000000
111847  52.913  15.149  11.342 0.0000000000
111859  52.583  14.865  10.720 0.0000000000
110950  51.696  14.299  10.195 0.0000000000
110962  52.146  13.518  9.987 0.0000000000
106110  48.596  8.098  18.485 0.0000000000
106115  48.638  8.118  17.458 0.0000000000
108070  48.180  10.394  14.419 0.0000000000
107115  48.719  9.829  15.041 0.0000000000
108087  48.719  10.865  13.819 0.0000000000
108069  49.238  10.340  14.487 0.0000000000
107231  51.373  9.671  2.653 0.0000000000
106261  52.272  9.181  1.941 0.0000000000
108198  52.131  10.339  1.303 0.0000000000
108188  52.164  10.597  1.825 0.0000000000
109180  52.129  11.445  4.144 0.0000000000
109199  51.769  11.539  2.077 0.0000000000
107243  50.588  9.777  0.749 0.0000000000
109212  50.855  11.426  1.503 0.0000000000
108201  50.144  10.646  1.159 0.0000000000
109213  49.667  11.480  1.672 0.0000000000
107245  48.715  9.574  1.609 0.0000000000
106265  48.353  8.621  1.721 0.0000000000
103248  48.713  5.854  1.583 0.0000000000
103249  48.081  6.050  1.928 0.0000000000
106078  38.742  8.148  22.209 0.0000000000
106077  39.790  7.798  22.181 0.0000000000
102229  40.370  4.286  21.830 0.0000000000
101361  40.673  3.827  21.330 0.0000000000
100427  41.267  2.869  19.762 0.0000000000
100446  40.742  2.322  18.599 0.0000000000
108024  55.474  10.611  21.741 0.0000000000
109050  55.393  11.320  20.038 0.0000000000
109999  54.918  12.038  18.339 0.0000000000
109061  54.872  11.736  18.250 0.0000000000
104145  47.260  6.751  8.832 0.0000000000
105152  47.283  7.333  9.285 0.0000000000
105173  47.832  7.023  7.588 0.0000000000
104181  48.169  6.359  4.841 0.0000000000
105190  47.887  6.695  6.033 0.0000000000
104180  48.549  6.757  4.383 0.0000000000
105198  48.687  7.565  4.834 0.0000000000
104188  49.097  6.848  3.737 0.0000000000
102319  51.092  4.301  3.992 0.0000000000
102330  51.835  4.766  3.580 0.0000000000
103219  51.620  5.581  3.204 0.0000000000
103233  51.486  6.346  2.877 0.0000000000
104198  52.140  6.883  2.490 0.0000000000
105219  51.897  7.726  2.361 0.0000000000
104197  52.858  6.578  2.268 0.0000000000
103243  53.043  5.638  1.786 0.0000000000
105230  53.208  6.843  1.567 0.0000000000
104209  53.035  6.464  1.353 0.0000000000
103244  52.571  5.732  1.364 0.0000000000
103245  51.718  5.702  1.113 0.0000000000
108954  45.621  11.950  25.511 0.0000000000
108978  46.388  11.657  24.711 0.0000000000
108999  47.024  11.294  24.040 0.0000000000
108004  47.891  10.637  23.673 0.0000000000
108012  47.533  10.038  22.906 0.0000000000
108025  45.140  9.837  22.013 0.0000000000
108014  45.463  10.363  22.315 0.0000000000
107050  45.442  9.361  22.054 0.0000000000
104077  46.676  6.309  21.577 0.0000000000
106070  46.707  8.164  22.428 0.0000000000
104062  47.431  6.550  22.095 0.0000000000
105060  48.200  7.229  22.294 0.0000000000
104075  48.106  6.721  21.543 0.0000000000
105085  47.695  7.525  19.874 0.0000000000
105082  47.295  7.151  20.319 0.0000000000
105100  45.693  7.227  16.862 0.0000000000
105099  46.576  7.402  17.153 0.0000000000
106130  45.530  8.661  15.568 0.0000000000
107118  45.757  9.459  14.694 0.0000000000
106138  45.174  9.065  14.832 0.0000000000
105067  41.301  6.961  22.468 0.0000000000
104068  41.886  6.181  22.598 0.0000000000
101371  43.131  3.987  18.886 0.0000000000
102225  43.134  4.584  20.813 0.0000000000
102236  43.532  4.491  19.377 0.0000000000
102235  43.946  4.862  18.917 0.0000000000
102239  43.954  4.992  18.532 0.0000000000
102257  42.726  4.220  13.870 0.0000000000
102253  42.105  4.402  14.443 0.0000000000
103144  42.375  4.873  14.304 0.0000000000
104106  42.964  6.534  14.594 0.0000000000
104107  42.524  6.183  15.184 0.0000000000
104103  42.943  6.760  15.631 0.0000000000
104099  43.436  6.295  16.722 0.0000000000
105107  43.352  7.334  15.128 0.0000000000
105105  43.688  7.284  15.992 0.0000000000
105116  43.509  7.314  14.230 0.0000000000
105134  44.866  6.797  12.140 0.0000000000
105126  44.624  7.365  12.597 0.0000000000
105133  45.283  7.276  11.823 0.0000000000
106157  45.382  8.250  12.117 0.0000000000
105144  45.803  7.256  10.992 0.0000000000
105143  46.313  7.284  10.399 0.0000000000
104139  45.927  6.499  10.555 0.0000000000
102289  46.583  4.337  8.640 0.0000000000
103183  46.739  5.370  8.800 0.0000000000
102296  47.107  4.243  7.184 0.0000000000
101451  47.336  3.346  6.801 0.0000000000
100560  46.447  2.441  8.691 0.0000000000
100571  47.325  2.456  7.247 0.0000000000
100584  48.892  2.130  6.036 0.0000000000
109027  37.696  10.948  22.651 0.0000000000
107053  36.309  9.112  22.668 0.0000000000
107052  37.069  9.122  22.421 0.0000000000
106080  36.695  8.267  22.645 0.0000000000
105071  37.056  7.142  22.748 0.0000000000
105072  36.189  7.687  22.881 0.0000000000
109976  49.536  11.980  21.300 0.0000000000
109971  50.483  12.114  22.211 0.0000000000
109972  49.232  12.754  22.475 0.0000000000
110855  49.138  13.284  22.923 0.0000000000
109973  48.551  13.001  22.284 0.0000000000
110857  47.967  13.835  22.355 0.0000000000
109987  47.877  12.597  20.737 0.0000000000
110888  47.574  13.803  17.520 0.0000000000
111775  47.155  15.067  16.007 0.0000000000
111789  47.420  14.943  15.024 0.0000000000
111834  48.046  14.571  12.782 0.0000000000
111818  47.345  14.599  13.506 0.0000000000
111848  46.821  14.713  11.954 0.0000000000
112788  46.618  14.962  11.162 0.0000000000
112769  50.579  15.438  11.857 0.0000000000
113685  50.269  16.247  10.701 0.0000000000
113714  48.206  16.002  8.895 0.0000000000
113703  47.874  16.219  9.212 0.0000000000
113704  46.935  16.287  9.110 0.0000000000
113716  46.340  16.042  8.395 0.0000000000
112833  45.186  16.009  7.669 0.0000000000
112832  45.734  15.769  7.704 0.0000000000
111887  46.138  14.426  6.314 0.0000000000
108928  47.615  11.815  26.595 0.0000000000
107023  50.184  9.490  23.831 0.0000000000
107993  50.110  10.048  24.618 0.0000000000
107011  51.441  9.563  24.834 0.0000000000
107032  51.593  8.972  23.124 0.0000000000
106102  50.214  8.755  18.641 0.0000000000
106084  50.265  8.472  21.099 0.0000000000
106097  50.367  8.843  19.928 0.0000000000
107085  52.474  9.884  18.862 0.0000000000
107075  51.734  9.436  20.243 0.0000000000
107074  52.755  9.571  20.606 0.0000000000
107059  52.872  9.394  21.507 0.0000000000
107079  53.451  9.835  20.140 0.0000000000
108036  53.964  10.002  20.165 0.0000000000
108040  53.826  10.241  19.461 0.0000000000
108051  53.755  10.753  16.029 0.0000000000
109066  53.994  11.507  15.621 0.0000000000
109076  53.744  11.223  13.957 0.0000000000
106182  47.787  8.334  9.355 0.0000000000
107157  47.506  9.142  10.094 0.0000000000
107167  47.986  9.079  9.558 0.0000000000
107165  49.295  9.700  8.831 0.0000000000
108130  48.932  9.954  9.402 0.0000000000
108116  49.517  10.782  9.923 0.0000000000
109132  49.814  11.226  10.291 0.0000000000
107200  50.888  9.906  4.993 0.0000000000
107194  51.231  9.782  6.017 0.0000000000
108137  51.902  10.617  8.452 0.0000000000
108128  51.133  10.764  9.125 0.0000000000
109131  50.940  11.501  10.396 0.0000000000
109102  51.946  11.522  12.111 0.0000000000
109130  51.967  11.558  10.429 0.0000000000
109143  52.973  11.725  9.392 0.0000000000
109114  53.584  11.959  11.151 0.0000000000
110049  54.235  12.770  11.531 0.0000000000
110070  53.436  12.337  9.996 0.0000000000
110083  52.416  12.322  8.684 0.0000000000
110097  51.242  12.322  7.582 0.0000000000
110150  51.916  12.501  3.858 0.0000000000
110137  51.864  12.519  4.810 0.0000000000
110140  48.736  12.576  4.025 0.0000000000
110111  50.065  12.498  6.265 0.0000000000
110127  47.757  12.824  4.944 0.0000000000
108172  46.276  11.059  4.073 0.0000000000
109182  46.265  11.908  4.369 0.0000000000
104201  46.803  6.706  2.537 0.0000000000
103237  45.799  6.297  3.218 0.0000000000
113674  44.197  16.122  14.259 0.0000000000
112745  45.040  15.853  14.385 0.0000000000
109037  42.648  11.164  22.028 0.0000000000
109038  41.812  11.114  21.935 0.0000000000
107064  42.316  9.418  21.502 0.0000000000
106074  42.630  7.786  22.223 0.0000000000
109991  54.312  12.279  19.342 0.0000000000
110001  53.718  12.573  18.751 0.0000000000
110871  53.900  12.757  18.300 0.0000000000
110903  52.757  13.225  15.808 0.0000000000
110926  52.830  13.825  13.828 0.0000000000
110933  53.815  13.559  13.022 0.0000000000
110947  53.854  13.697  11.169 0.0000000000
107104  47.319  9.276  15.538 0.0000000000
106128  47.927  8.769  16.096 0.0000000000
108071  47.142  10.285  14.330 0.0000000000
108088  47.583  10.818  13.451 0.0000000000
106271  52.557  8.660  0.926 0.0000000000
107242  52.341  9.461  1.686 0.0000000000
107252  52.189  9.444  0.702 0.0000000000
108199  51.875  10.405  1.047 0.0000000000
109211  51.686  10.881  1.345 0.0000000000
107254  51.219  9.636  0.483 0.0000000000
106262  50.852  9.272  0.494 0.0000000000
106263  50.344  8.797  0.707 0.0000000000
106264  49.282  8.684  1.278 0.0000000000
105233  49.798  7.716  0.848 0.0000000000
103247  49.624  5.700  1.281 0.0000000000
105070  38.201  7.167  22.557 0.0000000000
103105  39.317  5.412  22.646 0.0000000000
107991  55.382  10.391  24.513 0.0000000000
107028  55.388  9.944  24.250 0.0000000000
107056  55.392  10.043  22.424 0.0000000000
107071  55.311  10.175  21.599 0.0000000000
104160  47.417  6.166  7.146 0.0000000000
103204  47.817  5.509  5.459 0.0000000000
103210  48.469  5.689  4.494 0.0000000000
108979  45.444  11.859  24.613 0.0000000000
105063  45.088  7.232  22.561 0.0000000000
106071  45.509  8.340  22.294 0.0000000000
104081  46.647  6.762  20.520 0.0000000000
105086  46.928  7.270  19.642 0.0000000000
105095  45.926  6.783  17.578 0.0000000000
102227  41.797  4.265  21.406 0.0000000000
102217  42.300  4.652  21.889 0.0000000000
101372  42.566  3.551  19.203 0.0000000000
101376  42.610  3.860  18.363 0.0000000000
102244  42.732  4.495  17.759 0.0000000000
102260  43.877  4.406  12.695 0.0000000000
102256  43.295  4.604  13.354 0.0000000000
103151  43.654  5.372  13.169 0.0000000000
104121  44.049  6.021  12.929 0.0000000000
104120  44.518  6.283  12.396 0.0000000000
104131  44.991  6.288  11.782 0.0000000000
103168  46.089  5.993  10.280 0.0000000000
103169  45.719  5.529  10.627 0.0000000000
102282  46.321  4.615  9.250 0.0000000000
101443  46.648  3.399  8.336 0.0000000000
99598  47.450  1.110  7.816 0.0000000000
99610  48.926  0.967  7.104 0.0000000000
109994  51.036  12.073  19.357 0.0000000000
109047  50.732  11.597  20.529 0.0000000000
109053  50.496  11.737  19.907 0.0000000000
109985  49.497  11.821  20.172 0.0000000000
109996  49.090  12.166  19.505 0.0000000000
109997  48.204  12.510  19.673 0.0000000000
110006  48.748  12.563  18.852 0.0000000000
111762  48.184  14.050  16.877 0.0000000000
111788  48.288  14.516  15.241 0.0000000000
111833  48.932  14.626  12.735 0.0000000000
112818  50.805  15.951  9.782 0.0000000000
113700  50.604  16.307  10.051 0.0000000000
112819  49.772  15.739  9.428 0.0000000000
112820  48.801  15.569  9.044 0.0000000000
112830  47.872  15.419  8.595 0.0000000000
112831  46.747  15.284  7.948 0.0000000000
111877  47.583  14.502  8.267 0.0000000000
110983  47.067  13.541  6.707 0.0000000000
107995  48.047  11.122  24.617 0.0000000000
108003  49.174  10.070  23.861 0.0000000000
108002  49.776  9.723  23.871 0.0000000000
107033  50.448  9.024  23.368 0.0000000000
106118  50.289  8.820  16.322 0.0000000000
107087  50.926  9.140  18.049 0.0000000000
107091  50.966  8.983  17.137 0.0000000000
107090  51.662  9.482  17.540 0.0000000000
107089  52.441  9.899  17.993 0.0000000000
108046  53.233  10.215  18.551 0.0000000000
107098  52.370  9.727  16.276 0.0000000000
108055  52.753  10.067  15.406 0.0000000000
106201  48.826  8.207  7.442 0.0000000000
107166  48.492  9.129  9.095 0.0000000000
106200  49.317  8.813  7.757 0.0000000000
106209  49.509  8.675  6.927 0.0000000000
107186  50.072  9.224  7.322 0.0000000000
108161  51.682  10.362  5.295 0.0000000000
107193  51.752  10.121  6.251 0.0000000000
108153  52.144  10.432  6.395 0.0000000000
108127  52.082  11.008  9.188 0.0000000000
109144  52.377  11.435  9.692 0.0000000000
108136  52.601  11.098  8.757 0.0000000000
110082  52.959  11.999  8.773 0.0000000000
110095  52.654  11.826  8.005 0.0000000000
110109  51.991  12.196  6.774 0.0000000000
110162  49.737  12.071  2.254 0.0000000000
110152  49.832  12.501  3.151 0.0000000000
110141  47.424  12.514  4.110 0.0000000000
109191  46.687  11.480  3.803 0.0000000000
107980  52.043  9.892  25.991 0.0000000000
112809  44.044  15.465  10.529 0.0000000000
112824  44.479  15.896  9.692 0.0000000000
109021  43.978  11.565  22.822 0.0000000000
108026  44.648  10.141  21.974 0.0000000000
107063  43.291  9.518  21.578 0.0000000000
107062  44.208  9.520  21.772 0.0000000000
106087  44.703  8.786  22.050 0.0000000000
103110  45.066  5.811  22.237 0.0000000000
103119  44.878  5.819  20.461 0.0000000000
101394  41.542  3.051  14.786 0.0000000000
101400  42.775  3.233  13.630 0.0000000000
101406  43.816  3.455  12.532 0.0000000000
101417  44.727  3.478  11.355 0.0000000000
101427  45.021  3.233  10.856 0.0000000000
101426  45.435  3.490  10.357 0.0000000000
109016  52.973  11.581  22.411 0.0000000000
109045  52.444  11.733  20.774 0.0000000000
109992  53.318  12.288  19.461 0.0000000000
109993  52.107  12.067  19.629 0.0000000000
110874  51.381  12.823  18.016 0.0000000000
110905  50.732  13.697  15.550 0.0000000000
111799  50.395  14.099  14.403 0.0000000000
110918  50.896  13.885  14.807 0.0000000000
111814  51.449  14.421  13.471 0.0000000000
112768  51.564  15.563  11.760 0.0000000000
111830  52.524  14.908  12.393 0.0000000000
112767  52.243  15.534  11.467 0.0000000000
112801  51.470  15.885  10.389 0.0000000000
111861  51.254  14.797  9.994 0.0000000000
110964  50.006  13.917  9.622 0.0000000000
105079  49.020  7.451  21.370 0.0000000000
106085  49.596  7.923  21.612 0.0000000000
106098  49.268  7.984  20.544 0.0000000000
106109  49.426  8.392  18.064 0.0000000000
106114  49.514  8.419  17.089 0.0000000000
107103  48.293  9.308  15.545 0.0000000000
106127  48.872  8.880  15.950 0.0000000000
106119  49.675  8.767  16.260 0.0000000000
107101  49.966  9.233  15.649 0.0000000000
108068  50.326  10.270  14.525 0.0000000000
109089  50.234  11.283  13.094 0.0000000000
106249  50.475  8.727  2.946 0.0000000000
106235  50.155  9.112  3.456 0.0000000000
108179  51.285  10.414  3.507 0.0000000000
108170  52.097  11.029  4.732 0.0000000000
109179  52.310  11.704  4.600 0.0000000000
110136  52.306  12.077  5.184 0.0000000000
109187  52.267  12.101  4.055 0.0000000000
110161  50.888  12.313  2.416 0.0000000000
109200  51.108  11.963  1.857 0.0000000000
109214  48.883  11.350  1.947 0.0000000000
107246  47.979  9.513  2.040 0.0000000000
105234  48.787  7.680  1.380 0.0000000000
104215  47.646  6.730  2.134 0.0000000000
108031  39.881  10.025  21.406 0.0000000000
107066  40.479  9.274  21.530 0.0000000000
106092  40.199  8.470  21.810 0.0000000000
104069  40.847  6.198  22.658 0.0000000000
104070  39.809  6.205  22.657 0.0000000000
102219  40.786  4.781  22.284 0.0000000000
102228  41.108  4.313  21.758 0.0000000000
101367  41.392  3.534  20.577 0.0000000000
100453  41.072  2.908  17.368 0.0000000000
109014  54.864  11.212  22.884 0.0000000000
108001  55.432  10.383  23.698 0.0000000000
109030  55.373  11.016  22.225 0.0000000000
109981  54.858  11.873  20.054 0.0000000000
110000  54.425  12.475  18.460 0.0000000000
110010  54.377  12.215  17.518 0.0000000000
106164  46.350  8.323  10.993 0.0000000000
107158  46.938  9.089  10.664 0.0000000000
106174  46.888  8.271  10.315 0.0000000000
105172  48.289  7.736  7.942 0.0000000000
105181  47.877  6.822  6.640 0.0000000000
105180  48.327  7.539  7.000 0.0000000000
106237  49.056  7.971  4.374 0.0000000000
106250  49.854  8.173  3.304 0.0000000000
102320  49.962  4.530  4.067 0.0000000000
102332  49.946  5.327  3.670 0.0000000000
103220  50.551  6.026  3.220 0.0000000000
104186  50.605  6.731  2.995 0.0000000000
104200  50.532  7.242  2.887 0.0000000000
105220  50.971  7.870  2.610 0.0000000000
106247  52.315  8.201  2.148 0.0000000000
105217  53.146  7.007  1.847 0.0000000000
104211  51.293  6.518  0.714 0.0000000000
102356  51.100  4.730  1.394 0.0000000000
106068  48.549  8.144  22.477 0.0000000000
108980  44.448  12.003  24.567 0.0000000000
109019  45.785  11.169  22.966 0.0000000000
108013  46.750  10.447  22.876 0.0000000000
107048  47.351  9.234  22.511 0.0000000000
105080  48.570  7.293  20.890 0.0000000000
106111  47.885  7.831  18.762 0.0000000000
106116  47.899  7.776  17.865 0.0000000000
105098  47.219  7.539  17.563 0.0000000000
107105  46.416  9.207  15.400 0.0000000000
108073  45.754  9.804  14.113 0.0000000000
107138  45.473  9.222  12.680 0.0000000000
106075  41.681  7.721  22.169 0.0000000000
105066  42.283  6.987  22.424 0.0000000000
104067  42.912  6.255  22.515 0.0000000000
103113  42.738  4.794  21.850 0.0000000000
103112  43.389  4.972  21.585 0.0000000000
103101  43.602  5.662  22.335 0.0000000000
103116  44.214  5.344  20.996 0.0000000000
103120  44.101  5.188  19.775 0.0000000000
103124  44.450  5.389  18.648 0.0000000000
103137  41.703  4.897  16.207 0.0000000000
103136  42.153  5.539  16.373 0.0000000000
103132  42.745  5.365  17.104 0.0000000000
103131  43.401  5.591  17.335 0.0000000000
103127  44.365  5.453  17.984 0.0000000000
104094  44.555  6.116  17.436 0.0000000000
105101  44.761  7.036  16.724 0.0000000000
106124  44.656  7.576  16.306 0.0000000000
106131  44.391  7.946  15.719 0.0000000000
105115  43.984  7.370  13.425 0.0000000000
106150  43.852  8.039  14.022 0.0000000000
106139  44.514  8.660  14.569 0.0000000000
107129  44.869  9.022  13.612 0.0000000000
107148  45.736  8.693  11.890 0.0000000000
106175  46.263  7.841  10.831 0.0000000000
105153  46.807  7.269  9.842 0.0000000000
104153  47.033  6.161  8.718 0.0000000000
103182  47.050  5.807  8.394 0.0000000000
102311  47.715  4.374  5.696 0.0000000000
101470  48.092  3.539  5.545 0.0000000000
101436  45.819  3.258  9.758 0.0000000000
101435  46.251  3.547  9.144 0.0000000000
99612  47.268  1.746  7.709 0.0000000000
101452  47.007  3.358  7.590 0.0000000000
100598  47.983  3.072  5.896 0.0000000000
108017  40.053  10.649  21.760 0.0000000000
108032  39.184  9.880  21.542 0.0000000000
107068  38.851  9.167  21.706 0.0000000000
108020  37.321  10.142  22.302 0.0000000000
105073  35.765  7.993  23.002 0.0000000000
105055  36.252  6.919  23.033 0.0000000000
104056  36.346  6.170  23.135 0.0000000000
110861  46.991  13.732  21.446 0.0000000000
110867  47.275  12.851  20.015 0.0000000000
110864  46.528  13.518  20.661 0.0000000000
112718  46.073  15.519  15.583 0.0000000000
112744  46.096  15.215  14.106 0.0000000000
111802  47.316  14.734  14.301 0.0000000000
111819  46.573  14.736  13.424 0.0000000000
112773  45.796  14.758  12.744 0.0000000000
112789  45.604  14.918  11.414 0.0000000000
112808  45.022  15.418  10.496 0.0000000000
112823  45.460  15.915  9.653 0.0000000000
111815  50.234  14.460  13.506 0.0000000000
112770  49.563  15.175  11.905 0.0000000000
112786  49.046  15.529  11.251 0.0000000000
113692  49.235  16.376  10.069 0.0000000000
112805  48.560  15.834  10.510 0.0000000000
112806  47.291  15.744  10.232 0.0000000000
112822  46.450  16.015  9.633 0.0000000000
113706  44.909  16.300  8.959 0.0000000000
113726  44.782  16.123  7.748 0.0000000000
112841  45.945  15.100  6.967 0.0000000000
107983  48.998  11.136  25.806 0.0000000000
107970  50.147  11.169  26.653 0.0000000000
107981  51.172  10.065  25.656 0.0000000000
107010  52.240  9.564  25.250 0.0000000000
106066  50.326  8.421  21.996 0.0000000000
106058  51.052  8.770  22.319 0.0000000000
107076  51.134  9.318  19.768 0.0000000000
107060  51.856  9.291  21.174 0.0000000000
107044  52.896  9.230  22.473 0.0000000000
107031  52.981  9.229  23.480 0.0000000000
107020  53.156  9.323  24.479 0.0000000000
107043  53.994  9.431  22.787 0.0000000000
107072  54.804  9.891  21.154 0.0000000000
108039  54.987  10.898  19.412 0.0000000000
108049  53.216  10.353  17.584 0.0000000000
108045  54.239  10.844  18.352 0.0000000000
109058  54.794  11.417  18.382 0.0000000000
109064  54.125  11.534  16.714 0.0000000000
110014  53.877  12.194  15.286 0.0000000000
107146  47.170  9.767  10.956 0.0000000000
108098  47.405  10.847  12.384 0.0000000000
109120  47.991  11.209  12.154 0.0000000000
107156  48.265  9.701  9.768 0.0000000000
108107  48.390  10.880  10.858 0.0000000000
109105  48.585  11.340  12.573 0.0000000000
109090  49.187  11.259  13.198 0.0000000000
109104  49.469  11.479  12.350 0.0000000000
107201  50.222  9.329  5.534 0.0000000000
107173  50.540  9.638  7.651 0.0000000000
108149  51.052  9.880  7.569 0.0000000000
108138  50.746  10.130  8.268 0.0000000000
109117  50.455  11.608  11.067 0.0000000000
109103  50.641  11.535  12.053 0.0000000000
109088  51.402  11.244  12.977 0.0000000000
109087  52.505  11.224  12.934 0.0000000000
108083  52.819  10.999  13.496 0.0000000000
109086  53.432  11.302  13.224 0.0000000000
109085  54.075  11.769  13.592 0.0000000000
110040  54.367  12.906  12.446 0.0000000000
110060  53.211  13.117  10.238 0.0000000000
110071  52.960  12.596  9.674 0.0000000000
110072  51.819  12.892  9.411 0.0000000000
110085  50.356  12.513  8.481 0.0000000000
110123  51.908  12.357  5.770 0.0000000000
110124  51.065  12.598  5.456 0.0000000000
110099  49.048  12.480  7.142 0.0000000000
110995  47.014  13.322  5.753 0.0000000000
111016  46.617  12.991  4.774 0.0000000000
100437  41.438  2.670  19.052 0.0000000000
100462  40.959  2.874  16.947 0.0000000000
100597  48.466  2.869  5.689 0.0000000000
101366  42.323  3.707  20.050 0.0000000000
101373  41.889  3.194  19.570 0.0000000000
101375  43.067  4.144  18.460 0.0000000000
101380  42.360  3.972  17.912 0.0000000000
101393  42.134  3.405  14.217 0.0000000000
102226  42.616  4.502  21.275 0.0000000000
102231  43.293  4.433  20.139 0.0000000000
102233  42.176  4.054  20.750 0.0000000000
102237  42.993  3.972  19.692 0.0000000000
102240  43.482  4.598  18.383 0.0000000000
102241  43.004  4.229  18.227 0.0000000000
102245  42.185  4.084  17.683 0.0000000000
102247  42.348  4.808  17.245 0.0000000000
102304  47.368  4.108  6.441 0.0000000000
102335  44.777  5.134  3.990 0.0000000000
103099  44.951  6.110  22.498 0.0000000000
103100  44.448  5.927  22.469 0.0000000000
103103  41.358  5.425  22.531 0.0000000000
103104  40.325  5.450  22.571 0.0000000000
103121  43.628  4.728  19.949 0.0000000000
103128  43.785  5.317  17.773 0.0000000000
103129  43.202  5.126  17.608 0.0000000000
103133  42.126  5.012  16.846 0.0000000000
103139  42.552  5.897  14.700 0.0000000000
103141  41.592  4.624  15.586 0.0000000000
103176  45.839  4.970  10.205 0.0000000000
103191  46.821  4.804  8.326 0.0000000000
103211  47.997  5.993  5.014 0.0000000000
103222  48.792  6.305  4.014 0.0000000000
103223  46.134  5.005  3.339 0.0000000000
104057  35.783  6.532  23.270 0.0000000000
104061  48.037  6.669  21.841 0.0000000000
104063  46.494  6.484  22.293 0.0000000000
104065  44.686  6.503  22.578 0.0000000000
104071  38.689  6.172  22.717 0.0000000000
104076  47.578  6.649  21.304 0.0000000000
104078  45.850  5.921  21.957 0.0000000000
104090  44.791  5.698  18.061 0.0000000000
104093  45.352  6.377  17.614 0.0000000000
104095  43.802  5.837  17.338 0.0000000000
104100  42.680  5.867  16.570 0.0000000000
104146  46.803  6.421  9.333 0.0000000000
104167  47.626  6.145  6.191 0.0000000000
104173  48.234  6.914  5.044 0.0000000000
104187  49.908  6.868  3.226 0.0000000000
104214  48.387  6.758  1.675 0.0000000000
105059  48.779  7.770  22.271 0.0000000000
105061  47.153  7.170  22.542 0.0000000000
105077  48.172  6.861  21.232 0.0000000000
105081  47.870  7.094  20.680 0.0000000000
105084  48.237  7.525  20.320 0.0000000000
105089  47.349  7.602  19.086 0.0000000000
105090  46.647  7.187  18.683 0.0000000000
105091  46.199  6.774  18.203 0.0000000000
105102  44.071  6.960  16.557 0.0000000000
105104  44.297  7.404  16.303 0.0000000000
105125  45.080  7.797  12.310 0.0000000000
105162  48.172  7.920  8.432 0.0000000000
105207  48.970  7.580  4.066 0.0000000000
105221  50.147  7.748  3.021 0.0000000000
105245  50.466  8.037  0.477 0.0000000000
106059  50.467  8.713  22.701 0.0000000000
106065  51.053  8.819  21.597 0.0000000000
106091  41.083  8.473  21.802 0.0000000000
106096  51.023  9.215  20.202 0.0000000000
106099  48.634  7.665  20.365 0.0000000000
106105  47.842  7.732  19.327 0.0000000000
106113  50.270  8.709  16.762 0.0000000000
106122  46.234  7.957  16.462 0.0000000000
106126  49.426  9.006  15.834 0.0000000000
106132  43.768  7.678  15.444 0.0000000000
106158  44.937  8.307  12.650 0.0000000000
106181  48.288  8.625  8.984 0.0000000000
106190  49.146  8.966  8.208 0.0000000000
106192  48.093  8.023  8.725 0.0000000000
106210  48.855  8.137  6.460 0.0000000000
106251  47.592  8.574  2.214 0.0000000000
106999  52.635  9.767  26.012 0.0000000000
107006  55.221  10.242  25.382 0.0000000000
107017  55.303  10.082  25.006 0.0000000000
107018  54.944  9.689  24.918 0.0000000000
107019  54.170  9.432  24.708 0.0000000000
107036  47.969  9.706  22.886 0.0000000000
107041  55.409  9.939  23.353 0.0000000000
107057  54.848  9.715  22.124 0.0000000000
107061  44.898  9.427  21.952 0.0000000000
107067  39.662  9.209  21.564 0.0000000000
107073  53.830  9.699  20.790 0.0000000000
107080  52.737  9.771  19.683 0.0000000000
107081  51.760  9.588  19.351 0.0000000000
107082  50.977  9.243  19.033 0.0000000000
107093  52.420  9.826  17.075 0.0000000000
107094  51.673  9.383  16.670 0.0000000000
107095  50.883  9.011  16.315 0.0000000000
107096  50.334  8.950  16.011 0.0000000000
107114  49.681  9.774  15.082 0.0000000000
107119  45.089  9.206  14.324 0.0000000000
107139  44.883  8.744  13.049 0.0000000000
107174  49.742  9.450  8.128 0.0000000000
107184  51.651  9.988  6.609 0.0000000000
107208  50.683  9.975  4.086 0.0000000000
107209  50.056  9.414  4.562 0.0000000000
107218  50.138  9.407  3.829 0.0000000000
107229  52.308  9.999  1.594 0.0000000000
107978  55.269  10.431  25.117 0.0000000000
107992  50.892  9.717  24.834 0.0000000000
108005  47.011  10.966  23.536 0.0000000000
108015  44.427  10.919  22.302 0.0000000000
108016  43.804  11.219  22.337 0.0000000000
108018  39.352  10.602  21.876 0.0000000000
108034  55.370  10.675  20.585 0.0000000000
108044  54.872  11.198  18.760 0.0000000000
108054  53.661  10.865  14.991 0.0000000000
108065  53.712  11.028  14.388 0.0000000000
108072  46.253  10.012  14.242 0.0000000000
108090  45.834  9.930  13.563 0.0000000000
108108  47.699  10.712  11.431 0.0000000000
108109  46.855  10.188  11.816 0.0000000000
108117  48.936  10.591  10.097 0.0000000000
108126  52.570  11.293  9.237 0.0000000000
108129  49.861  10.480  9.364 0.0000000000
108154  51.853  10.281  5.934 0.0000000000
108169  52.357  11.242  5.338 0.0000000000
108178  51.814  11.078  3.811 0.0000000000
108180  47.405  11.068  2.930 0.0000000000
108190  51.272  10.178  2.976 0.0000000000
108191  48.486  11.069  2.092 0.0000000000
108202  48.901  10.629  1.655 0.0000000000
108209  52.165  10.023  0.918 0.0000000000
108210  51.855  10.006  0.654 0.0000000000
108211  51.550  9.909  0.553 0.0000000000
108951  48.343  11.448  25.952 0.0000000000
108976  48.014  11.341  25.206 0.0000000000
108995  54.957  11.221  23.865 0.0000000000
109001  45.199  11.663  23.697 0.0000000000
109020  44.897  11.382  22.842 0.0000000000
109033  52.706  11.644  21.553 0.0000000000
109034  51.786  11.651  21.405 0.0000000000
109035  50.879  11.652  21.344 0.0000000000
109042  55.335  11.363  20.906 0.0000000000
109044  53.390  11.775  20.845 0.0000000000
109048  50.035  11.632  20.480 0.0000000000
109051  55.295  11.441  19.513 0.0000000000
109052  51.199  11.768  19.950 0.0000000000
109054  49.988  11.722  19.954 0.0000000000
109057  55.095  11.557  18.823 0.0000000000
109062  54.482  11.552  17.755 0.0000000000
109106  47.958  11.156  12.773 0.0000000000
109119  48.624  11.344  11.631 0.0000000000
109142  53.387  12.137  9.722 0.0000000000
109189  47.973  11.814  2.938 0.0000000000
109201  49.109  11.730  2.100 0.0000000000
109210  51.925  10.611  1.286 0.0000000000
109966  49.479  13.133  23.063 0.0000000000
109975  50.253  11.839  21.500 0.0000000000
109977  48.406  12.679  21.641 0.0000000000
109978  47.786  12.903  21.388 0.0000000000
109984  52.274  11.797  20.238 0.0000000000
109989  55.305  11.583  19.671 0.0000000000
109990  55.166  11.995  19.247 0.0000000000
109995  50.045  12.015  19.422 0.0000000000
110002  52.774  12.559  18.814 0.0000000000
110142  46.380  12.724  4.671 0.0000000000
110168  50.598  12.021  1.888 0.0000000000
110859  48.249  13.153  22.173 0.0000000000
110860  47.742  13.480  21.941 0.0000000000
110872  53.327  12.824  18.215 0.0000000000
110875  50.312  12.814  17.958 0.0000000000
110882  53.916  12.849  17.810 0.0000000000
110884  52.129  13.085  17.369 0.0000000000
110895  49.724  13.642  16.389 0.0000000000
110927  51.983  14.086  13.897 0.0000000000
110934  53.081  14.199  12.986 0.0000000000
110949  52.333  14.146  10.439 0.0000000000
110961  52.796  13.401  10.217 0.0000000000
110963  51.123  13.880  9.900 0.0000000000
110984  46.567  13.916  6.260 0.0000000000
111007  46.872  13.179  5.060 0.0000000000
111017  46.347  13.084  4.828 0.0000000000
111774  48.361  14.346  16.144 0.0000000000
111786  50.233  13.867  15.147 0.0000000000
111787  49.346  14.069  15.296 0.0000000000
111798  51.310  14.018  14.233 0.0000000000
111803  46.785  14.829  14.020 0.0000000000
111817  48.166  14.471  13.580 0.0000000000
111832  49.953  14.812  12.672 0.0000000000
111835  47.258  14.629  12.583 0.0000000000
111837  45.821  14.710  12.419 0.0000000000
111846  53.577  14.500  11.731 0.0000000000
111849  46.124  14.689  11.950 0.0000000000
111850  45.680  14.716  12.084 0.0000000000
111860  51.741  15.122  10.284 0.0000000000
111867  51.157  15.389  9.922 0.0000000000
111869  49.437  14.867  9.306 0.0000000000
111870  48.478  14.686  8.870 0.0000000000
111878  46.897  14.354  7.508 0.0000000000
111886  46.483  14.403  6.828 0.0000000000
112717  46.689  15.317  15.267 0.0000000000
112743  46.718  15.007  14.351 0.0000000000
112757  45.839  14.892  13.218 0.0000000000
112771  48.577  14.886  12.027 0.0000000000
112772  47.933  14.721  12.200 0.0000000000
112774  45.309  14.818  12.493 0.0000000000
112782  52.237  15.595  10.870 0.0000000000
112783  51.661  16.040  11.013 0.0000000000
112784  50.982  15.991  11.204 0.0000000000
112802  51.009  16.179  10.104 0.0000000000
112803  50.024  16.228  10.675 0.0000000000
112804  49.558  16.086  10.613 0.0000000000
112817  51.309  15.667  10.073 0.0000000000
112821  47.047  16.133  9.622 0.0000000000
113675  43.760  16.202  14.232 0.0000000000
113684  50.628  16.237  10.731 0.0000000000
113689  51.316  16.143  10.613 0.0000000000
113690  50.928  16.247  10.403 0.0000000000
113691  50.176  16.364  10.352 0.0000000000
113694  47.490  16.201  9.580 0.0000000000
113701  49.946  16.267  9.800 0.0000000000
113717  45.322  16.174  8.209 0.0000000000
113718  44.413  16.287  8.259 0.0000000000
113727  44.116  16.098  7.655 0.0000000000
113728  43.317  15.901  7.759 0.0000000000
