#!ascii label  , from subject mmSR20151113 vox2ras=TkReg
1264
119985  44.710  24.960  12.429 0.0000000000
122974  48.523  27.488  11.750 0.0000000000
117437  52.498  21.572  23.130 0.0000000000
119893  40.810  24.467  17.209 0.0000000000
116687  44.778  20.730  20.133 0.0000000000
119193  41.435  23.839  4.890 0.0000000000
124387  44.113  30.115  14.833 0.0000000000
124429  43.231  30.566  8.199 0.0000000000
116621  50.084  20.477  26.502 0.0000000000
109946  53.805  12.306  25.576 0.0000000000
120029  48.968  24.542  9.758 0.0000000000
119052  50.670  23.710  17.275 0.0000000000
122211  51.314  27.183  18.636 0.0000000000
121480  50.088  25.797  24.595 0.0000000000
128442  47.360  36.043  10.293 0.0000000000
120895  46.347  25.464  3.718 0.0000000000
113594  49.077  16.018  23.301 0.0000000000
119930  42.979  24.833  15.367 0.0000000000
118267  43.481  22.437  18.628 0.0000000000
119055  45.250  23.322  17.020 0.0000000000
120049  42.361  24.850  8.468 0.0000000000
120814  39.956  25.230  11.102 0.0000000000
124403  41.135  30.548  12.318 0.0000000000
115857  48.696  19.535  26.480 0.0000000000
111682  51.338  14.112  28.272 0.0000000000
108914  49.138  11.949  27.421 0.0000000000
130550  47.704  39.817  8.141 0.0000000000
121583  49.681  25.859  10.299 0.0000000000
120780  51.159  25.320  13.455 0.0000000000
122945  50.465  28.601  14.748 0.0000000000
121501  45.673  26.359  23.528 0.0000000000
121516  48.195  25.858  22.036 0.0000000000
121471  47.307  26.591  25.758 0.0000000000
122141  48.638  27.631  28.188 0.0000000000
122299  45.598  27.073  9.175 0.0000000000
122332  44.716  27.722  5.272 0.0000000000
121609  47.132  25.815  7.060 0.0000000000
120085  47.746  24.126  5.952 0.0000000000
119012  52.645  23.117  20.093 0.0000000000
117445  50.787  20.942  21.240 0.0000000000
115137  52.024  18.642  22.948 0.0000000000
115921  42.881  19.214  20.304 0.0000000000
113603  44.431  16.463  21.169 0.0000000000
122379  43.674  27.425  2.440 0.0000000000
121638  40.588  26.759  4.907 0.0000000000
123685  46.530  28.862  13.344 0.0000000000
123647  48.576  29.570  16.099 0.0000000000
128412  40.933  36.000  12.938 0.0000000000
126953  43.253  34.050  9.246 0.0000000000
122987  42.994  28.604  10.723 0.0000000000
117398  51.231  21.164  25.958 0.0000000000
114351  52.534  17.523  25.500 0.0000000000
112629  52.854  15.818  28.005 0.0000000000
107965  54.841  10.690  26.371 0.0000000000
120017  46.951  24.451  10.415 0.0000000000
119101  47.999  23.682  14.644 0.0000000000
119963  50.619  23.901  13.175 0.0000000000
120738  51.512  25.250  17.661 0.0000000000
120728  52.059  24.865  21.187 0.0000000000
122226  49.328  27.679  18.653 0.0000000000
121513  50.739  26.420  21.639 0.0000000000
119861  51.429  24.496  24.500 0.0000000000
119814  50.661  25.182  26.933 0.0000000000
119817  48.871  24.467  27.730 0.0000000000
130537  46.290  39.264  10.044 0.0000000000
126975  48.008  34.515  7.201 0.0000000000
124456  46.741  30.638  4.951 0.0000000000
123063  45.597  28.432  2.722 0.0000000000
119222  44.770  24.160  2.756 0.0000000000
119175  44.607  23.856  6.235 0.0000000000
118242  48.217  22.757  19.484 0.0000000000
115146  47.086  18.517  21.992 0.0000000000
111746  46.415  14.497  21.458 0.0000000000
110845  51.176  13.824  24.892 0.0000000000
119950  43.849  24.885  14.445 0.0000000000
119908  43.933  24.319  16.043 0.0000000000
119928  44.863  24.404  15.322 0.0000000000
120020  43.961  24.932  10.355 0.0000000000
120826  40.876  25.316  10.197 0.0000000000
120798  42.346  25.547  12.385 0.0000000000
120783  41.440  25.647  13.352 0.0000000000
115099  47.061  18.635  26.241 0.0000000000
112632  48.922  15.417  27.444 0.0000000000
112633  47.791  15.335  27.318 0.0000000000
112702  44.127  15.329  17.558 0.0000000000
121577  49.367  26.528  10.670 0.0000000000
122267  50.058  26.812  12.144 0.0000000000
122257  49.555  27.694  12.821 0.0000000000
122179  45.424  27.677  24.657 0.0000000000
121484  46.543  26.418  24.792 0.0000000000
122288  46.529  27.192  9.957 0.0000000000
121602  46.604  26.263  7.680 0.0000000000
122297  47.588  26.503  9.085 0.0000000000
121599  48.413  25.554  8.543 0.0000000000
118221  52.709  22.482  21.665 0.0000000000
116672  52.825  20.742  21.407 0.0000000000
116659  52.854  20.305  22.815 0.0000000000
119037  39.919  23.627  18.539 0.0000000000
118269  41.148  22.796  18.826 0.0000000000
117469  44.653  21.287  19.592 0.0000000000
116689  42.898  20.291  20.122 0.0000000000
116679  44.153  20.010  20.507 0.0000000000
114389  43.293  17.385  20.649 0.0000000000
115151  44.560  18.364  21.284 0.0000000000
120896  42.259  25.280  3.336 0.0000000000
121665  42.157  26.564  3.218 0.0000000000
120875  40.505  25.143  5.217 0.0000000000
120742  39.839  25.328  16.077 0.0000000000
119895  39.254  24.712  17.522 0.0000000000
123673  45.055  29.333  13.806 0.0000000000
124385  45.941  30.165  14.826 0.0000000000
124364  44.974  30.448  15.836 0.0000000000
124393  42.529  29.560  13.791 0.0000000000
123697  42.248  29.416  11.733 0.0000000000
123695  43.948  28.780  12.455 0.0000000000
122967  44.987  28.503  12.411 0.0000000000
116620  50.865  20.315  26.275 0.0000000000
115094  51.900  18.275  26.934 0.0000000000
115087  51.400  17.918  27.265 0.0000000000
108911  51.987  11.609  27.837 0.0000000000
108900  53.418  12.223  28.297 0.0000000000
107008  54.246  9.672  25.624 0.0000000000
120016  48.037  24.436  10.501 0.0000000000
119981  49.160  24.075  12.537 0.0000000000
119997  50.081  24.275  11.693 0.0000000000
122240  51.312  26.957  16.256 0.0000000000
120750  51.351  25.746  15.017 0.0000000000
121537  51.513  26.341  18.200 0.0000000000
120736  51.756  25.504  18.710 0.0000000000
121530  51.562  26.409  19.146 0.0000000000
122236  47.593  27.948  17.897 0.0000000000
123636  48.912  29.029  16.884 0.0000000000
122215  48.053  26.851  19.277 0.0000000000
121497  49.534  25.877  23.727 0.0000000000
121514  49.930  26.385  21.772 0.0000000000
121496  50.305  25.942  23.642 0.0000000000
121495  50.948  25.725  23.585 0.0000000000
121479  50.666  25.596  24.530 0.0000000000
119843  51.191  24.619  25.380 0.0000000000
121449  50.276  25.811  26.233 0.0000000000
122134  48.330  28.527  29.245 0.0000000000
121418  49.052  27.280  29.256 0.0000000000
129144  48.300  37.523  11.770 0.0000000000
129146  48.500  37.280  10.707 0.0000000000
127687  47.745  35.781  9.678 0.0000000000
125713  43.464  32.284  8.567 0.0000000000
126965  44.427  34.107  8.561 0.0000000000
125109  43.951  31.280  7.605 0.0000000000
121635  45.600  26.492  4.390 0.0000000000
123028  45.355  28.985  4.808 0.0000000000
123057  45.769  28.409  3.741 0.0000000000
124466  46.846  30.425  4.134 0.0000000000
122369  45.745  27.379  2.850 0.0000000000
120925  45.098  26.107  2.312 0.0000000000
120117  45.991  24.909  2.877 0.0000000000
119172  47.754  23.680  7.062 0.0000000000
119189  45.751  23.552  5.566 0.0000000000
119152  47.383  23.622  8.027 0.0000000000
120046  45.750  23.958  8.507 0.0000000000
119070  49.224  23.222  16.630 0.0000000000
118285  48.208  22.983  17.224 0.0000000000
119033  49.358  23.422  18.282 0.0000000000
115899  49.986  18.982  22.310 0.0000000000
115907  48.460  19.492  21.801 0.0000000000
114380  47.900  17.387  22.404 0.0000000000
113599  46.983  16.359  22.225 0.0000000000
112681  47.346  15.501  22.322 0.0000000000
111724  53.148  14.712  26.377 0.0000000000
112663  52.007  15.561  25.359 0.0000000000
109947  52.416  13.008  25.143 0.0000000000
119892  41.602  24.475  16.843 0.0000000000
119035  41.828  23.414  18.133 0.0000000000
119057  43.331  23.641  17.296 0.0000000000
118280  44.425  22.920  17.778 0.0000000000
117485  45.274  21.743  19.106 0.0000000000
120064  41.220  23.896  7.191 0.0000000000
120752  40.723  25.395  15.304 0.0000000000
116622  49.203  20.511  26.512 0.0000000000
113539  50.636  16.361  27.686 0.0000000000
113540  49.553  16.410  27.410 0.0000000000
110811  50.015  13.457  27.852 0.0000000000
120834  49.557  25.161  9.841 0.0000000000
120013  50.489  24.798  11.337 0.0000000000
121575  50.292  25.868  11.332 0.0000000000
122248  50.605  27.504  13.950 0.0000000000
122938  50.710  28.586  16.747 0.0000000000
121518  45.876  25.981  21.388 0.0000000000
120731  47.149  25.802  21.374 0.0000000000
120719  47.043  25.628  22.781 0.0000000000
121499  47.830  25.754  24.129 0.0000000000
121470  48.326  26.300  25.860 0.0000000000
121451  49.208  26.585  26.935 0.0000000000
122154  47.853  27.504  27.362 0.0000000000
122142  47.883  28.374  28.154 0.0000000000
124273  47.463  30.450  28.739 0.0000000000
128417  46.119  36.495  11.639 0.0000000000
123009  43.727  28.204  7.332 0.0000000000
123739  43.961  28.856  6.622 0.0000000000
122317  44.788  26.912  7.210 0.0000000000
121618  45.980  25.942  6.129 0.0000000000
120882  46.634  25.266  4.344 0.0000000000
120094  46.861  24.452  4.506 0.0000000000
120862  47.894  24.738  6.361 0.0000000000
120853  48.443  24.701  7.858 0.0000000000
119014  51.973  23.376  19.137 0.0000000000
118229  50.406  22.304  20.388 0.0000000000
117464  52.251  21.816  20.217 0.0000000000
115904  51.325  19.693  22.034 0.0000000000
114377  50.499  17.937  23.017 0.0000000000
108996  54.186  11.418  23.583 0.0000000000
109963  52.401  11.928  23.478 0.0000000000
115923  41.008  19.229  19.901 0.0000000000
118247  42.446  21.946  19.296 0.0000000000
116690  41.810  20.232  19.944 0.0000000000
114393  41.869  17.412  19.795 0.0000000000
113609  42.309  16.895  19.845 0.0000000000
112692  43.077  15.829  19.624 0.0000000000
111754  44.499  14.591  18.832 0.0000000000
123776  44.425  29.509  2.494 0.0000000000
123771  43.166  29.457  3.612 0.0000000000
122965  47.408  28.367  12.792 0.0000000000
123669  48.498  29.227  14.035 0.0000000000
124383  47.329  29.817  14.771 0.0000000000
123638  46.603  29.176  16.895 0.0000000000
122924  46.033  27.987  17.962 0.0000000000
121534  45.342  26.632  19.744 0.0000000000
121510  44.838  26.670  22.454 0.0000000000
127662  41.560  35.515  11.613 0.0000000000
126291  42.578  33.336  9.569 0.0000000000
125100  42.930  31.372  8.780 0.0000000000
123718  42.916  29.363  8.678 0.0000000000
122993  43.926  27.742  9.478 0.0000000000
122279  46.151  27.561  10.840 0.0000000000
117412  52.111  21.038  24.984 0.0000000000
115888  52.678  19.259  24.779 0.0000000000
115852  52.410  18.984  25.981 0.0000000000
113549  53.279  15.739  26.889 0.0000000000
110830  53.919  13.696  27.027 0.0000000000
111680  52.892  14.297  28.611 0.0000000000
109905  54.173  12.767  27.613 0.0000000000
109945  54.501  11.702  25.765 0.0000000000
120001  45.850  24.725  11.384 0.0000000000
119967  45.877  24.659  13.422 0.0000000000
119965  48.010  24.159  13.432 0.0000000000
119112  49.134  23.692  13.800 0.0000000000
119084  50.817  23.636  15.892 0.0000000000
119979  50.979  24.485  12.788 0.0000000000
119944  51.390  24.340  15.023 0.0000000000
119051  51.240  23.991  17.130 0.0000000000
119879  52.189  23.964  18.837 0.0000000000
119874  52.427  24.115  20.610 0.0000000000
119008  52.316  23.314  22.095 0.0000000000
123654  49.498  29.655  15.467 0.0000000000
122939  50.168  29.067  16.775 0.0000000000
122225  50.202  27.903  18.515 0.0000000000
121531  48.532  26.410  20.342 0.0000000000
122204  50.101  26.984  20.122 0.0000000000
122203  50.803  27.197  19.829 0.0000000000
121512  51.411  26.232  21.278 0.0000000000
120716  51.639  25.002  22.721 0.0000000000
119002  51.798  23.218  23.888 0.0000000000
118196  51.519  22.769  25.076 0.0000000000
118180  50.941  22.608  25.929 0.0000000000
118181  50.101  22.492  26.482 0.0000000000
121438  49.637  26.785  27.866 0.0000000000
119806  50.021  25.399  28.198 0.0000000000
118182  49.259  22.472  26.597 0.0000000000
117401  48.755  21.477  26.494 0.0000000000
130544  47.376  39.745  8.981 0.0000000000
128473  47.973  36.711  8.186 0.0000000000
126998  47.805  34.220  5.188 0.0000000000
124447  44.865  30.494  6.387 0.0000000000
126308  47.034  33.537  7.141 0.0000000000
126320  47.647  33.229  6.530 0.0000000000
125749  48.087  32.562  4.808 0.0000000000
125149  46.932  31.495  2.841 0.0000000000
123072  45.136  28.410  2.409 0.0000000000
120913  43.774  25.439  2.351 0.0000000000
119202  42.393  23.910  3.979 0.0000000000
119208  46.395  23.919  4.111 0.0000000000
119200  44.536  23.665  4.310 0.0000000000
119177  42.496  23.791  5.862 0.0000000000
120074  43.469  24.214  6.820 0.0000000000
120033  44.766  24.466  9.463 0.0000000000
119072  46.828  23.238  16.209 0.0000000000
118278  46.512  22.658  17.647 0.0000000000
117467  46.554  21.579  19.731 0.0000000000
118230  49.388  22.400  20.341 0.0000000000
116675  47.548  20.743  20.991 0.0000000000
115912  45.980  19.659  21.299 0.0000000000
114385  45.762  17.394  21.804 0.0000000000
112684  45.786  15.488  21.511 0.0000000000
114369  52.143  17.661  24.506 0.0000000000
113589  50.812  16.186  24.452 0.0000000000
112672  49.814  15.079  23.972 0.0000000000
109964  51.522  12.141  23.203 0.0000000000
110853  48.821  14.140  23.148 0.0000000000
109930  47.808  12.086  27.191 0.0000000000
107982  49.831  10.891  25.940 0.0000000000
119969  43.770  25.113  13.534 0.0000000000
119949  44.848  24.662  14.400 0.0000000000
120810  43.955  25.138  11.665 0.0000000000
120811  43.290  25.289  11.385 0.0000000000
120797  43.360  25.337  12.431 0.0000000000
120781  43.311  25.313  13.205 0.0000000000
113552  47.307  17.014  26.734 0.0000000000
122277  48.640  27.066  10.963 0.0000000000
122268  49.501  27.209  11.945 0.0000000000
122269  48.845  27.403  11.783 0.0000000000
122278  47.319  27.379  10.832 0.0000000000
122287  47.769  26.805  9.799 0.0000000000
122286  48.478  26.687  10.098 0.0000000000
118219  52.395  22.463  22.639 0.0000000000
117440  52.809  21.615  22.144 0.0000000000
116657  52.668  20.708  23.463 0.0000000000
119060  40.462  24.032  17.906 0.0000000000
118270  40.141  22.945  19.024 0.0000000000
119036  40.829  23.486  18.335 0.0000000000
116688  43.932  20.628  20.094 0.0000000000
115914  44.341  19.264  20.914 0.0000000000
116678  44.942  20.145  20.690 0.0000000000
120096  41.560  24.628  4.244 0.0000000000
120884  41.360  25.188  4.290 0.0000000000
120088  40.662  24.560  5.163 0.0000000000
119912  40.119  24.894  16.853 0.0000000000
119894  39.957  24.417  17.609 0.0000000000
119061  39.766  24.099  18.155 0.0000000000
123665  44.625  29.742  14.378 0.0000000000
124386  45.047  30.274  14.803 0.0000000000
124376  44.568  30.474  15.342 0.0000000000
123675  43.166  29.355  13.669 0.0000000000
123674  44.141  29.258  13.761 0.0000000000
123687  44.524  28.909  13.023 0.0000000000
115855  50.504  19.499  26.642 0.0000000000
115095  51.009  18.679  27.073 0.0000000000
107967  53.668  10.356  27.002 0.0000000000
120030  47.961  24.216  9.538 0.0000000000
120015  49.037  24.484  10.666 0.0000000000
122234  51.341  27.084  16.803 0.0000000000
122223  51.374  27.209  17.724 0.0000000000
122237  47.262  27.796  18.043 0.0000000000
121538  47.437  26.795  19.198 0.0000000000
121481  49.371  25.813  24.735 0.0000000000
121467  50.446  25.622  25.427 0.0000000000
121468  49.915  25.856  25.545 0.0000000000
122845  47.825  29.094  29.683 0.0000000000
128406  47.494  36.955  12.375 0.0000000000
129136  47.825  37.487  12.511 0.0000000000
128415  48.112  36.844  11.890 0.0000000000
128427  48.307  36.766  11.148 0.0000000000
125099  43.480  31.510  8.230 0.0000000000
125723  43.900  32.005  7.996 0.0000000000
124438  43.731  30.501  7.490 0.0000000000
121649  46.037  26.226  3.585 0.0000000000
121650  45.770  26.993  3.755 0.0000000000
122358  45.845  27.162  3.314 0.0000000000
121662  45.937  26.402  2.947 0.0000000000
120911  45.608  25.633  2.605 0.0000000000
120910  46.165  25.525  3.165 0.0000000000
120043  48.610  24.465  8.869 0.0000000000
119161  47.751  23.696  7.715 0.0000000000
120044  47.864  23.880  8.414 0.0000000000
119069  50.265  23.511  16.529 0.0000000000
119053  49.783  23.481  17.383 0.0000000000
119032  50.330  23.564  18.161 0.0000000000
113596  49.181  17.033  23.008 0.0000000000
115141  48.471  17.957  22.417 0.0000000000
113597  48.615  16.481  22.907 0.0000000000
113598  47.683  16.358  22.520 0.0000000000
112680  48.045  15.483  22.784 0.0000000000
110837  53.122  13.662  26.119 0.0000000000
119910  42.196  24.671  16.182 0.0000000000
119077  42.322  24.288  16.818 0.0000000000
119909  43.067  24.482  16.086 0.0000000000
119074  45.069  23.806  16.368 0.0000000000
119056  44.256  23.480  17.187 0.0000000000
118266  44.604  22.419  18.434 0.0000000000
118279  45.583  22.815  17.567 0.0000000000
120063  42.312  24.467  7.478 0.0000000000
120065  40.615  23.608  7.540 0.0000000000
120050  41.087  24.544  8.439 0.0000000000
120813  41.046  25.632  11.234 0.0000000000
120827  39.871  24.598  10.077 0.0000000000
120765  42.436  25.385  14.222 0.0000000000
120766  41.621  25.494  14.393 0.0000000000
120751  41.549  25.319  15.180 0.0000000000
119932  41.245  25.197  15.743 0.0000000000
115097  49.153  18.506  26.851 0.0000000000
114332  49.239  17.402  27.115 0.0000000000
110812  48.918  13.412  27.644 0.0000000000
111691  49.486  14.396  27.653 0.0000000000
109908  49.505  12.599  27.660 0.0000000000
108912  50.943  11.827  27.625 0.0000000000
108913  50.011  11.942  27.507 0.0000000000
131240  47.103  41.363  8.595 0.0000000000
132643  46.335  42.935  8.593 0.0000000000
120835  49.080  25.075  9.233 0.0000000000
120823  50.007  25.209  10.407 0.0000000000
121582  50.115  25.688  10.775 0.0000000000
122256  50.106  27.365  12.917 0.0000000000
122244  50.925  27.625  14.945 0.0000000000
122941  50.708  28.543  15.732 0.0000000000
121509  45.525  26.075  22.262 0.0000000000
120726  46.126  25.752  21.957 0.0000000000
120713  46.043  25.930  23.201 0.0000000000
121500  46.855  25.921  24.047 0.0000000000
121483  47.543  26.070  24.942 0.0000000000
121482  48.515  25.891  24.902 0.0000000000
121452  48.093  26.855  26.686 0.0000000000
121453  47.144  27.217  26.435 0.0000000000
122143  47.243  28.670  27.554 0.0000000000
122854  47.453  29.269  28.002 0.0000000000
122853  47.908  29.316  28.845 0.0000000000
123559  47.543  30.056  28.461 0.0000000000
122308  44.490  27.317  8.376 0.0000000000
122325  44.083  27.570  6.973 0.0000000000
121610  46.182  26.224  7.072 0.0000000000
121617  46.715  25.747  6.433 0.0000000000
120874  46.392  25.556  5.202 0.0000000000
120864  46.776  25.488  5.791 0.0000000000
120873  47.238  25.058  5.139 0.0000000000
120855  47.768  25.303  6.796 0.0000000000
121592  48.760  25.759  9.194 0.0000000000
120845  48.404  25.165  8.018 0.0000000000
120844  48.740  25.006  8.473 0.0000000000
118238  52.209  22.477  19.883 0.0000000000
115902  52.573  19.760  22.298 0.0000000000
116664  51.890  20.320  21.473 0.0000000000
115897  51.643  19.095  22.509 0.0000000000
115898  50.796  19.040  22.459 0.0000000000
115138  51.176  18.306  22.956 0.0000000000
115924  39.967  19.301  19.746 0.0000000000
116691  40.764  20.237  19.919 0.0000000000
118268  42.342  22.744  18.594 0.0000000000
115922  42.034  19.252  20.032 0.0000000000
115156  42.278  18.306  20.156 0.0000000000
114390  42.592  17.442  20.212 0.0000000000
113607  43.705  16.438  20.701 0.0000000000
112686  44.160  15.875  20.719 0.0000000000
112691  43.786  15.308  19.925 0.0000000000
112690  44.593  14.878  20.195 0.0000000000
123073  44.441  28.257  2.396 0.0000000000
123074  43.990  28.123  2.435 0.0000000000
121652  41.375  26.727  4.075 0.0000000000
122360  42.436  27.400  3.304 0.0000000000
123059  42.164  27.805  3.946 0.0000000000
123046  41.696  27.796  4.455 0.0000000000
122954  47.675  28.810  13.435 0.0000000000
123671  46.840  29.310  13.963 0.0000000000
124362  46.874  29.973  15.692 0.0000000000
122217  44.949  27.030  19.121 0.0000000000
121519  44.987  26.372  21.457 0.0000000000
128421  41.761  35.989  12.007 0.0000000000
126281  41.989  33.315  10.034 0.0000000000
125704  42.577  32.486  9.473 0.0000000000
125714  42.865  32.132  9.072 0.0000000000
123703  42.723  28.931  11.359 0.0000000000
122988  42.462  29.043  10.228 0.0000000000
123711  42.479  29.535  9.581 0.0000000000
122994  42.997  28.506  9.562 0.0000000000
123002  43.456  28.137  8.418 0.0000000000
122966  46.103  28.367  12.513 0.0000000000
122977  45.354  27.899  11.466 0.0000000000
122976  46.724  27.802  11.735 0.0000000000
116633  51.788  20.804  25.596 0.0000000000
116632  52.273  20.020  25.362 0.0000000000
116618  52.198  19.483  25.874 0.0000000000
113537  52.639  16.452  27.411 0.0000000000
114336  52.500  17.579  26.559 0.0000000000
113536  53.208  15.860  27.175 0.0000000000
112644  53.504  15.312  27.196 0.0000000000
111710  53.763  14.563  27.576 0.0000000000
112630  51.098  15.440  27.923 0.0000000000
112624  51.899  15.355  28.254 0.0000000000
111681  52.052  14.419  28.493 0.0000000000
107955  54.491  11.098  27.159 0.0000000000
108899  53.774  12.269  28.218 0.0000000000
108908  54.372  11.512  27.254 0.0000000000
109904  54.329  11.949  27.142 0.0000000000
108948  54.925  11.154  25.704 0.0000000000
108973  54.985  11.201  24.767 0.0000000000
108972  55.232  10.768  24.925 0.0000000000
119983  46.971  24.610  12.424 0.0000000000
120000  46.962  24.593  11.414 0.0000000000
119123  49.508  23.842  13.057 0.0000000000
119964  48.835  23.898  13.318 0.0000000000
119111  50.160  23.640  13.929 0.0000000000
119099  50.025  23.342  14.851 0.0000000000
119110  50.772  23.647  14.332 0.0000000000
120795  50.874  25.375  12.441 0.0000000000
119996  50.683  24.668  11.988 0.0000000000
120740  51.447  25.357  16.548 0.0000000000
120749  51.443  25.337  15.539 0.0000000000
119926  51.403  24.543  15.908 0.0000000000
119083  51.268  23.991  16.186 0.0000000000
119891  51.517  24.376  17.616 0.0000000000
119880  51.866  24.481  18.495 0.0000000000
120734  51.980  25.526  19.658 0.0000000000
120733  52.170  24.922  20.332 0.0000000000
119872  52.239  24.100  21.594 0.0000000000
123660  48.631  29.588  14.600 0.0000000000
123659  49.345  29.402  14.595 0.0000000000
122922  48.937  28.056  18.002 0.0000000000
122931  49.302  28.586  17.457 0.0000000000
122921  49.730  28.279  18.021 0.0000000000
122920  50.392  28.340  17.963 0.0000000000
120730  47.578  25.776  21.740 0.0000000000
121525  48.058  25.996  21.056 0.0000000000
121523  50.122  26.612  20.878 0.0000000000
121522  50.839  26.792  20.686 0.0000000000
120709  51.378  25.162  23.587 0.0000000000
121504  51.264  25.824  22.482 0.0000000000
119867  51.621  24.411  23.586 0.0000000000
119866  51.786  24.064  23.169 0.0000000000
119003  51.604  23.627  24.387 0.0000000000
119825  50.917  24.844  26.185 0.0000000000
118966  50.850  23.978  26.027 0.0000000000
118967  50.334  23.541  26.506 0.0000000000
122153  48.763  27.141  27.535 0.0000000000
122140  49.238  27.170  28.167 0.0000000000
119807  49.297  25.218  28.427 0.0000000000
120655  49.666  25.958  28.894 0.0000000000
119816  49.739  24.665  27.824 0.0000000000
118968  49.689  23.391  26.806 0.0000000000
118960  49.402  24.066  27.283 0.0000000000
130538  45.489  39.364  10.302 0.0000000000
131225  44.367  39.919  10.001 0.0000000000
131234  44.768  40.318  9.640 0.0000000000
130545  46.595  39.843  9.436 0.0000000000
128458  48.237  36.477  9.013 0.0000000000
129154  48.420  37.188  9.709 0.0000000000
127717  48.056  35.721  8.007 0.0000000000
127729  47.833  35.455  6.604 0.0000000000
126987  48.043  34.332  6.176 0.0000000000
123016  44.398  28.514  5.852 0.0000000000
123738  44.599  29.800  6.185 0.0000000000
123752  44.948  29.175  5.389 0.0000000000
123750  46.282  30.188  4.820 0.0000000000
124457  46.183  30.725  5.581 0.0000000000
125129  46.726  31.141  5.580 0.0000000000
126321  47.082  32.861  6.536 0.0000000000
126976  47.462  34.327  7.634 0.0000000000
125732  47.481  32.452  6.015 0.0000000000
124474  46.673  30.367  3.448 0.0000000000
124473  47.280  30.993  3.820 0.0000000000
124480  47.012  30.983  3.245 0.0000000000
125142  47.444  31.643  3.475 0.0000000000
124481  46.430  30.471  2.828 0.0000000000
124487  46.015  30.134  2.584 0.0000000000
123071  45.521  28.966  2.558 0.0000000000
120912  44.757  25.386  2.284 0.0000000000
120926  44.412  26.203  2.203 0.0000000000
120119  44.124  24.511  2.610 0.0000000000
120105  43.226  24.332  3.029 0.0000000000
120104  43.724  24.020  2.978 0.0000000000
120086  47.324  24.227  5.261 0.0000000000
119198  46.661  23.703  4.868 0.0000000000
119174  45.694  23.653  6.774 0.0000000000
119190  44.610  23.642  5.279 0.0000000000
119191  43.490  23.707  5.086 0.0000000000
119176  43.518  23.912  5.957 0.0000000000
120073  44.458  24.127  7.107 0.0000000000
120032  45.832  24.279  9.447 0.0000000000
120018  45.875  24.575  10.370 0.0000000000
120019  44.897  24.692  10.329 0.0000000000
119947  46.976  24.239  14.214 0.0000000000
119103  46.295  24.137  14.843 0.0000000000
119088  46.951  23.570  15.502 0.0000000000
118276  47.976  22.989  18.090 0.0000000000
118277  47.309  22.740  17.791 0.0000000000
118263  47.221  22.579  18.608 0.0000000000
118244  46.523  21.975  19.076 0.0000000000
117466  47.166  21.729  19.976 0.0000000000
117453  50.596  21.633  20.850 0.0000000000
117446  49.822  21.040  21.292 0.0000000000
115908  47.547  19.384  21.698 0.0000000000
116668  48.085  20.322  21.359 0.0000000000
116669  47.151  20.112  21.316 0.0000000000
116676  46.876  20.672  20.843 0.0000000000
115909  46.587  19.315  21.580 0.0000000000
115910  45.847  19.021  21.554 0.0000000000
115147  46.219  18.347  21.830 0.0000000000
112682  46.608  15.516  21.948 0.0000000000
111747  45.587  14.739  21.010 0.0000000000
111750  45.236  14.344  20.160 0.0000000000
110865  45.947  13.736  20.068 0.0000000000
115127  52.568  18.415  24.684 0.0000000000
113571  52.232  16.575  25.228 0.0000000000
111732  51.564  14.695  25.222 0.0000000000
113572  51.749  16.146  25.001 0.0000000000
111733  50.695  14.682  24.666 0.0000000000
112671  50.269  15.571  24.230 0.0000000000
111734  50.045  14.638  24.153 0.0000000000
109017  51.939  11.718  22.287 0.0000000000
109018  51.238  11.795  21.947 0.0000000000
119951  42.889  25.165  14.557 0.0000000000
119929  43.905  24.623  15.294 0.0000000000
119907  44.621  24.155  16.044 0.0000000000
120035  42.824  24.973  9.123 0.0000000000
120846  41.425  24.929  8.843 0.0000000000
120836  42.658  25.187  9.760 0.0000000000
120825  41.942  25.465  10.384 0.0000000000
120799  41.249  25.707  12.296 0.0000000000
120782  42.513  25.471  13.419 0.0000000000
115098  48.111  18.605  26.477 0.0000000000
114338  48.382  17.682  26.784 0.0000000000
113551  47.890  17.253  26.752 0.0000000000
111692  48.378  14.373  27.510 0.0000000000
121584  49.013  26.345  10.021 0.0000000000
121576  49.839  26.361  11.088 0.0000000000
122276  49.373  26.805  11.151 0.0000000000
122951  50.115  28.229  13.907 0.0000000000
122190  45.377  27.053  24.164 0.0000000000
121485  45.804  26.924  24.684 0.0000000000
122169  46.450  27.594  26.075 0.0000000000
122307  45.813  26.633  8.027 0.0000000000
122298  46.858  26.657  8.869 0.0000000000
121601  47.207  26.098  8.006 0.0000000000
121608  47.693  25.576  7.427 0.0000000000
121593  48.104  26.191  8.979 0.0000000000
118224  52.915  22.396  20.843 0.0000000000
118226  52.887  21.517  20.612 0.0000000000
117442  53.057  21.156  21.506 0.0000000000
116662  52.889  20.387  22.029 0.0000000000
115895  52.607  19.271  22.941 0.0000000000
117487  43.933  22.041  19.058 0.0000000000
118246  43.232  21.829  19.308 0.0000000000
117470  43.697  21.346  19.616 0.0000000000
116680  43.475  19.892  20.369 0.0000000000
115915  43.596  19.187  20.601 0.0000000000
115153  43.061  18.313  20.477 0.0000000000
115152  43.785  18.331  20.876 0.0000000000
114388  44.046  17.394  21.133 0.0000000000
120928  43.165  26.118  2.469 0.0000000000
122380  43.207  27.044  2.508 0.0000000000
120915  42.309  26.078  3.044 0.0000000000
120898  41.310  26.176  4.079 0.0000000000
120886  40.488  26.177  4.980 0.0000000000
120743  38.818  25.460  15.964 0.0000000000
119913  39.079  25.174  16.841 0.0000000000
119882  38.658  24.463  18.159 0.0000000000
119038  39.081  23.929  18.608 0.0000000000
123686  45.532  28.878  13.192 0.0000000000
123663  46.371  29.744  14.429 0.0000000000
123664  45.506  29.803  14.397 0.0000000000
124375  45.475  30.376  15.306 0.0000000000
123690  41.942  29.734  12.537 0.0000000000
123698  41.599  30.059  11.756 0.0000000000
123689  42.791  29.358  12.697 0.0000000000
123696  43.214  28.923  12.076 0.0000000000
122979  43.230  28.697  11.487 0.0000000000
122978  44.031  28.449  11.719 0.0000000000
116619  51.659  20.024  25.990 0.0000000000
115854  51.313  19.307  26.519 0.0000000000
115086  51.758  17.875  27.205 0.0000000000
113531  52.495  15.971  28.059 0.0000000000
109897  51.855  12.631  28.387 0.0000000000
108901  52.669  12.141  28.314 0.0000000000
108910  53.034  11.620  27.997 0.0000000000
107956  54.067  10.875  27.410 0.0000000000
106996  54.702  10.290  26.403 0.0000000000
119999  48.068  24.498  11.471 0.0000000000
119998  49.124  24.373  11.564 0.0000000000
119980  50.266  23.974  12.537 0.0000000000
121548  51.204  26.592  15.117 0.0000000000
120764  51.283  25.667  14.365 0.0000000000
121547  51.370  26.151  15.540 0.0000000000
121543  51.399  26.290  16.250 0.0000000000
120729  51.929  25.689  20.759 0.0000000000
123637  47.790  29.066  16.899 0.0000000000
122932  48.223  28.349  17.581 0.0000000000
121507  48.731  25.803  22.847 0.0000000000
121515  48.995  26.162  21.877 0.0000000000
121506  49.719  26.127  22.752 0.0000000000
121505  50.546  26.164  22.657 0.0000000000
120699  51.154  25.206  24.527 0.0000000000
120689  50.913  25.270  25.405 0.0000000000
120674  50.660  25.438  26.207 0.0000000000
120662  50.407  25.746  26.888 0.0000000000
122133  48.661  27.950  28.876 0.0000000000
122132  49.099  27.459  28.778 0.0000000000
122117  48.907  27.640  29.133 0.0000000000
120648  49.053  26.582  29.301 0.0000000000
129844  46.355  38.821  11.462 0.0000000000
129843  47.253  38.506  11.635 0.0000000000
129854  46.948  38.695  10.602 0.0000000000
129853  48.007  37.951  10.983 0.0000000000
129147  48.435  37.475  11.254 0.0000000000
128441  48.206  36.304  10.087 0.0000000000
127701  48.019  35.761  9.128 0.0000000000
126290  43.176  33.399  9.141 0.0000000000
126966  43.858  34.044  8.846 0.0000000000
126301  43.779  33.379  8.683 0.0000000000
125712  44.217  32.722  8.072 0.0000000000
121636  45.102  27.262  4.721 0.0000000000
123044  45.254  28.464  4.691 0.0000000000
122343  45.481  27.468  4.174 0.0000000000
123043  45.585  28.425  4.231 0.0000000000
123761  46.278  29.890  4.433 0.0000000000
124455  47.352  31.160  4.938 0.0000000000
123769  46.263  29.647  3.698 0.0000000000
123056  45.823  28.415  3.349 0.0000000000
122370  45.370  27.408  2.526 0.0000000000
121663  45.491  26.601  2.561 0.0000000000
120118  45.258  24.647  2.604 0.0000000000
119187  47.628  23.702  6.407 0.0000000000
119188  46.983  23.515  5.843 0.0000000000
119173  47.002  23.421  6.823 0.0000000000
119163  46.293  23.594  7.565 0.0000000000
120072  44.986  24.016  7.364 0.0000000000
119153  46.702  23.614  8.044 0.0000000000
120031  46.902  24.159  9.452 0.0000000000
119086  48.965  23.171  15.694 0.0000000000
118294  48.029  23.051  16.162 0.0000000000
118293  48.389  23.036  16.482 0.0000000000
119054  48.831  23.272  17.654 0.0000000000
119017  48.878  23.268  19.042 0.0000000000
116666  50.073  20.282  21.624 0.0000000000
116667  49.090  20.288  21.550 0.0000000000
115906  49.395  19.442  21.975 0.0000000000
115145  48.076  18.520  22.137 0.0000000000
114383  47.447  17.977  22.214 0.0000000000
114384  46.838  17.423  22.138 0.0000000000
114381  47.337  16.888  22.330 0.0000000000
111743  47.050  14.829  22.018 0.0000000000
112662  52.711  15.551  25.970 0.0000000000
111725  52.437  14.667  25.784 0.0000000000
110838  52.054  13.840  25.391 0.0000000000
109948  51.693  13.366  24.956 0.0000000000
119059  41.474  24.027  17.543 0.0000000000
118282  42.673  23.357  17.875 0.0000000000
118281  43.410  23.089  17.886 0.0000000000
119076  43.184  24.112  16.739 0.0000000000
117486  44.624  21.872  19.052 0.0000000000
117468  45.633  21.387  19.607 0.0000000000
119178  41.392  23.691  6.175 0.0000000000
119179  40.527  23.825  5.983 0.0000000000
119154  40.073  23.274  7.971 0.0000000000
120037  40.100  24.274  9.249 0.0000000000
120784  40.344  25.681  13.237 0.0000000000
120767  40.538  25.612  14.285 0.0000000000
119911  41.236  24.857  16.379 0.0000000000
124394  41.732  29.930  13.521 0.0000000000
124388  42.892  29.834  14.577 0.0000000000
115856  49.642  19.545  26.662 0.0000000000
115096  50.129  18.735  27.048 0.0000000000
115089  49.856  17.993  27.220 0.0000000000
114331  50.174  17.241  27.397 0.0000000000
111690  50.638  14.421  27.913 0.0000000000
112631  50.069  15.406  27.634 0.0000000000
110810  50.930  13.503  28.150 0.0000000000
109906  51.352  12.150  27.994 0.0000000000
108924  51.272  11.226  27.237 0.0000000000
120028  49.605  24.779  10.229 0.0000000000
120809  50.627  25.337  11.615 0.0000000000
121557  50.725  26.378  13.137 0.0000000000
121566  50.411  26.209  12.134 0.0000000000
121550  51.039  26.535  14.125 0.0000000000
122241  51.073  27.546  16.092 0.0000000000
122235  51.141  27.912  17.203 0.0000000000
121533  46.524  26.497  19.662 0.0000000000
121526  46.774  25.996  20.723 0.0000000000
120724  47.620  25.661  22.310 0.0000000000
120712  46.476  25.815  23.301 0.0000000000
120711  47.345  25.673  23.448 0.0000000000
120710  48.036  25.621  23.525 0.0000000000
121498  48.663  25.741  23.868 0.0000000000
121469  49.233  26.051  25.768 0.0000000000
123530  47.163  29.442  29.960 0.0000000000
128429  46.778  36.258  10.955 0.0000000000
123728  43.644  29.563  7.346 0.0000000000
123017  44.010  28.104  6.569 0.0000000000
122324  44.377  27.370  6.160 0.0000000000
122316  45.541  26.547  7.306 0.0000000000
121619  45.066  26.497  6.169 0.0000000000
121627  44.929  26.823  5.302 0.0000000000
121626  45.570  26.073  5.293 0.0000000000
120883  46.065  25.770  4.631 0.0000000000
120102  46.387  24.660  3.577 0.0000000000
120872  47.663  24.679  5.689 0.0000000000
120854  48.186  24.944  7.282 0.0000000000
120071  47.990  24.192  6.705 0.0000000000
120059  48.217  24.142  7.532 0.0000000000
120058  48.474  24.392  8.165 0.0000000000
119031  51.358  23.814  18.138 0.0000000000
119015  50.871  23.322  19.001 0.0000000000
118239  51.298  22.652  19.796 0.0000000000
118228  51.212  22.077  20.409 0.0000000000
117452  51.632  21.446  20.669 0.0000000000
117451  52.498  21.327  20.589 0.0000000000
117444  51.498  20.771  21.158 0.0000000000
116665  51.010  20.291  21.608 0.0000000000
115905  50.422  19.630  22.012 0.0000000000
115139  50.232  18.372  22.690 0.0000000000
113593  49.562  16.573  23.409 0.0000000000
109954  53.613  11.949  24.665 0.0000000000
108997  53.142  11.624  23.382 0.0000000000
115158  40.281  18.231  19.306 0.0000000000
118248  41.408  22.037  19.360 0.0000000000
117472  41.595  21.170  19.763 0.0000000000
117471  42.609  21.173  19.736 0.0000000000
115157  41.358  18.265  19.822 0.0000000000
114394  40.991  17.402  19.079 0.0000000000
113616  41.294  16.860  18.686 0.0000000000
113608  42.899  16.435  20.010 0.0000000000
112697  43.813  15.027  18.508 0.0000000000
123066  43.534  28.109  2.677 0.0000000000
123777  43.806  29.532  2.816 0.0000000000
119180  39.891  24.054  6.344 0.0000000000
120876  40.126  25.578  5.554 0.0000000000
122975  47.901  27.661  11.758 0.0000000000
122964  48.646  27.884  12.477 0.0000000000
122953  48.239  28.708  13.376 0.0000000000
123661  47.872  29.632  14.575 0.0000000000
124372  48.058  29.810  15.202 0.0000000000
124384  46.784  29.969  14.821 0.0000000000
124373  47.444  29.929  15.103 0.0000000000
123648  47.344  29.612  16.225 0.0000000000
122923  46.512  27.958  17.963 0.0000000000
122216  45.941  26.987  18.985 0.0000000000
121527  45.646  26.267  20.560 0.0000000000
127675  42.515  35.162  10.434 0.0000000000
127676  41.696  34.674  10.727 0.0000000000
126944  42.063  34.099  10.069 0.0000000000
126954  42.629  34.013  9.620 0.0000000000
125703  43.073  32.838  9.086 0.0000000000
124410  41.725  30.147  11.014 0.0000000000
124423  42.501  30.688  9.252 0.0000000000
123719  42.730  30.169  8.860 0.0000000000
122300  44.667  27.474  9.357 0.0000000000
122986  44.227  27.847  10.531 0.0000000000
122289  45.310  27.506  10.180 0.0000000000
117434  52.315  21.331  24.094 0.0000000000
116653  52.560  20.249  24.379 0.0000000000
115867  52.485  19.243  25.549 0.0000000000
115107  52.621  18.500  25.636 0.0000000000
115093  52.355  18.505  26.318 0.0000000000
113550  52.849  16.337  26.430 0.0000000000
112645  53.255  15.409  26.651 0.0000000000
110831  53.506  14.210  26.642 0.0000000000
110836  53.766  13.042  26.446 0.0000000000
114330  51.105  17.226  27.532 0.0000000000
113538  51.786  16.307  27.920 0.0000000000
112623  52.679  15.266  28.353 0.0000000000
109896  52.943  12.773  28.626 0.0000000000
110800  53.247  13.555  28.643 0.0000000000
111688  53.656  14.407  28.202 0.0000000000
110809  54.006  13.703  27.976 0.0000000000
109928  54.175  12.610  26.753 0.0000000000
108974  54.272  11.560  24.593 0.0000000000
119984  45.843  24.724  12.414 0.0000000000
119966  46.978  24.490  13.408 0.0000000000
119946  47.663  24.010  14.217 0.0000000000
119982  48.075  24.395  12.458 0.0000000000
119113  48.329  23.889  13.878 0.0000000000
119100  49.040  23.413  14.713 0.0000000000
119085  50.067  23.318  15.730 0.0000000000
120014  49.971  24.638  10.859 0.0000000000
119962  51.219  24.105  13.694 0.0000000000
120763  51.424  25.032  14.671 0.0000000000
119961  51.361  24.412  14.320 0.0000000000
119945  51.253  23.920  14.424 0.0000000000
119097  51.280  23.919  15.569 0.0000000000
119068  50.949  23.774  16.562 0.0000000000
119030  51.953  23.870  18.579 0.0000000000
119877  52.106  24.972  19.039 0.0000000000
119876  52.298  24.302  19.474 0.0000000000
119010  52.610  23.262  21.119 0.0000000000
122952  49.310  28.497  13.545 0.0000000000
122946  49.899  28.895  14.345 0.0000000000
123658  50.020  29.363  14.900 0.0000000000
123646  49.690  29.362  16.319 0.0000000000
123645  50.422  29.129  16.261 0.0000000000
122929  50.680  28.387  17.584 0.0000000000
122224  50.934  28.011  18.146 0.0000000000
121532  47.781  26.403  19.930 0.0000000000
122214  48.986  26.924  19.677 0.0000000000
121524  49.223  26.410  20.817 0.0000000000
122205  49.640  26.741  20.358 0.0000000000
122213  50.040  27.466  19.336 0.0000000000
122212  50.769  27.525  18.994 0.0000000000
122202  51.258  27.076  19.389 0.0000000000
121521  51.524  26.563  20.149 0.0000000000
120723  51.725  25.450  21.764 0.0000000000
120715  51.795  24.628  22.561 0.0000000000
119005  51.980  23.359  23.109 0.0000000000
118216  52.068  22.406  23.731 0.0000000000
118217  51.745  22.822  24.395 0.0000000000
117413  51.562  21.735  25.409 0.0000000000
118983  51.303  23.704  25.282 0.0000000000
117399  50.510  21.437  26.320 0.0000000000
121450  49.867  26.129  26.458 0.0000000000
121436  50.193  26.021  26.769 0.0000000000
120663  50.317  25.623  27.588 0.0000000000
121428  49.562  26.782  28.658 0.0000000000
120654  50.064  26.138  28.239 0.0000000000
119815  50.346  24.892  27.521 0.0000000000
118959  50.046  24.175  27.159 0.0000000000
117400  49.682  21.486  26.509 0.0000000000
116623  48.237  20.503  26.374 0.0000000000
129871  47.953  38.872  8.788 0.0000000000
129864  47.670  38.539  9.769 0.0000000000
129870  48.221  38.004  9.334 0.0000000000
129876  48.060  38.119  8.581 0.0000000000
128474  47.673  36.985  7.537 0.0000000000
127744  47.807  34.814  5.849 0.0000000000
127012  47.871  33.740  4.670 0.0000000000
128444  45.993  36.024  10.183 0.0000000000
127703  46.556  35.282  8.967 0.0000000000
123727  44.142  29.975  6.808 0.0000000000
124437  44.325  30.542  6.905 0.0000000000
123737  45.214  30.130  5.762 0.0000000000
126977  46.654  34.210  7.795 0.0000000000
127688  46.937  35.727  9.649 0.0000000000
127702  47.402  35.419  9.001 0.0000000000
126961  47.749  35.070  8.252 0.0000000000
126306  48.132  33.949  6.999 0.0000000000
125127  47.737  31.672  4.983 0.0000000000
125731  48.014  32.982  5.942 0.0000000000
126319  48.057  33.728  6.519 0.0000000000
125748  48.226  33.027  5.218 0.0000000000
126336  47.898  33.283  4.338 0.0000000000
125762  47.333  32.406  3.099 0.0000000000
122378  44.504  27.507  2.320 0.0000000000
122377  45.015  27.464  2.339 0.0000000000
121673  44.607  26.919  2.236 0.0000000000
120927  43.543  26.119  2.329 0.0000000000
120121  42.790  25.115  2.956 0.0000000000
120106  42.481  24.727  3.385 0.0000000000
119203  41.767  24.079  4.187 0.0000000000
120103  45.846  24.291  2.980 0.0000000000
119209  45.578  23.859  3.606 0.0000000000
119199  45.652  23.616  4.581 0.0000000000
119201  43.407  23.733  4.168 0.0000000000
119192  42.404  23.670  5.008 0.0000000000
120076  41.852  23.888  6.427 0.0000000000
120075  42.447  24.101  6.581 0.0000000000
120062  43.440  24.503  7.692 0.0000000000
120060  45.300  23.959  7.772 0.0000000000
120047  44.566  24.323  8.610 0.0000000000
120048  43.551  24.646  8.538 0.0000000000
120034  43.617  24.804  9.482 0.0000000000
120002  44.793  24.894  11.331 0.0000000000
119948  45.916  24.431  14.414 0.0000000000
119089  46.011  23.864  15.519 0.0000000000
119073  46.028  23.489  16.237 0.0000000000
119071  47.382  23.071  16.329 0.0000000000
118287  46.642  22.926  16.876 0.0000000000
118264  46.493  22.373  18.408 0.0000000000
118245  45.899  21.904  18.886 0.0000000000
117458  46.013  21.120  20.172 0.0000000000
118240  50.181  22.883  19.738 0.0000000000
118241  49.139  22.901  19.686 0.0000000000
118231  48.414  22.323  20.194 0.0000000000
117447  48.865  21.069  21.168 0.0000000000
117448  48.126  21.086  20.959 0.0000000000
117456  47.619  21.479  20.513 0.0000000000
117457  46.670  21.186  20.340 0.0000000000
116677  45.922  20.411  20.781 0.0000000000
115913  45.235  19.356  21.233 0.0000000000
115148  45.374  18.327  21.600 0.0000000000
114386  44.864  17.392  21.500 0.0000000000
113601  46.184  16.433  21.914 0.0000000000
113602  45.263  16.411  21.552 0.0000000000
112685  44.816  15.402  20.853 0.0000000000
116656  52.783  19.926  23.623 0.0000000000
115130  52.594  19.016  23.730 0.0000000000
114372  52.002  18.022  23.879 0.0000000000
114370  51.783  17.283  24.442 0.0000000000
114373  51.558  17.594  23.984 0.0000000000
113592  50.466  16.659  23.976 0.0000000000
112676  49.921  16.093  23.834 0.0000000000
112677  49.486  15.512  23.642 0.0000000000
109955  52.679  12.154  24.288 0.0000000000
109956  51.220  12.935  24.334 0.0000000000
109971  50.483  12.114  22.211 0.0000000000
109965  50.188  12.865  23.341 0.0000000000
109957  50.417  13.207  23.925 0.0000000000
110847  49.810  14.173  23.915 0.0000000000
111739  49.046  14.670  23.401 0.0000000000
112678  48.746  15.471  23.203 0.0000000000
111741  48.439  14.622  22.973 0.0000000000
111742  47.753  14.436  22.397 0.0000000000
110813  47.865  13.423  27.514 0.0000000000
109909  48.380  12.441  27.449 0.0000000000
108950  49.031  11.344  26.332 0.0000000000
108926  49.558  11.485  26.880 0.0000000000
106997  54.317  10.005  26.420 0.0000000000
107007  55.015  10.029  25.805 0.0000000000
107957  53.313  10.967  27.580 0.0000000000
107958  52.649  11.138  27.634 0.0000000000
107966  54.431  10.502  26.872 0.0000000000
107979  55.102  10.521  25.609 0.0000000000
108909  53.992  11.777  27.839 0.0000000000
108923  54.632  11.358  26.717 0.0000000000
108925  50.439  11.425  27.100 0.0000000000
108927  48.474  11.752  26.957 0.0000000000
108947  55.168  10.704  25.327 0.0000000000
108949  54.544  11.556  25.311 0.0000000000
108975  53.584  11.711  24.131 0.0000000000
108994  55.322  10.802  24.161 0.0000000000
108998  52.364  11.776  22.967 0.0000000000
109015  53.990  11.407  22.620 0.0000000000
109895  53.768  12.832  28.351 0.0000000000
109898  51.265  13.044  28.294 0.0000000000
109907  50.718  12.619  27.958 0.0000000000
109927  54.484  11.845  26.331 0.0000000000
109929  48.190  12.030  27.277 0.0000000000
109970  51.266  11.954  22.420 0.0000000000
110799  53.666  13.739  28.403 0.0000000000
110801  52.452  13.524  28.648 0.0000000000
110802  51.633  13.524  28.461 0.0000000000
110846  50.301  13.778  24.197 0.0000000000
110851  50.071  13.377  23.736 0.0000000000
110852  49.446  13.731  23.456 0.0000000000
110856  48.492  13.616  22.654 0.0000000000
111679  53.396  14.158  28.509 0.0000000000
111689  51.432  14.747  28.162 0.0000000000
111711  53.633  14.693  26.915 0.0000000000
111738  49.570  14.622  23.782 0.0000000000
111745  47.178  14.192  21.873 0.0000000000
111749  45.928  14.161  20.696 0.0000000000
111751  44.618  14.596  19.670 0.0000000000
112622  53.263  14.742  28.410 0.0000000000
112628  53.308  15.366  27.865 0.0000000000
112670  51.184  15.677  24.863 0.0000000000
113532  52.249  15.759  28.213 0.0000000000
113541  48.277  16.572  27.056 0.0000000000
113587  51.935  17.076  24.680 0.0000000000
113588  51.431  16.733  24.543 0.0000000000
113591  51.041  17.186  24.046 0.0000000000
113614  42.717  16.050  19.473 0.0000000000
114328  52.351  17.280  27.099 0.0000000000
114329  51.929  17.398  27.343 0.0000000000
114337  52.236  17.662  27.036 0.0000000000
114339  47.569  17.802  26.566 0.0000000000
114374  50.759  17.550  23.497 0.0000000000
114375  50.116  17.123  23.516 0.0000000000
114378  49.790  17.560  23.015 0.0000000000
114379  48.840  17.472  22.677 0.0000000000
115088  50.620  17.981  27.300 0.0000000000
115126  52.625  18.965  24.126 0.0000000000
115131  52.345  18.643  23.662 0.0000000000
115132  51.794  18.172  23.452 0.0000000000
115133  51.361  17.905  23.453 0.0000000000
115136  52.400  18.891  22.985 0.0000000000
115140  49.170  18.413  22.410 0.0000000000
115144  48.744  18.975  22.091 0.0000000000
115853  51.991  19.104  26.294 0.0000000000
115858  47.705  19.558  26.240 0.0000000000
115887  52.677  19.249  24.201 0.0000000000
115891  52.677  19.332  23.766 0.0000000000
115892  52.617  19.167  23.438 0.0000000000
115894  52.767  19.610  23.183 0.0000000000
115896  52.268  19.210  22.604 0.0000000000
115901  52.771  19.849  22.633 0.0000000000
115903  52.089  19.673  22.035 0.0000000000
116652  52.694  19.568  24.150 0.0000000000
116660  52.786  20.990  22.728 0.0000000000
116663  52.509  20.268  21.692 0.0000000000
116670  46.470  20.062  21.195 0.0000000000
116673  52.517  20.740  21.093 0.0000000000
116674  52.043  20.854  20.883 0.0000000000
116686  45.434  20.790  20.284 0.0000000000
117439  52.949  20.871  22.209 0.0000000000
117443  53.016  21.860  21.360 0.0000000000
117450  52.965  21.110  20.888 0.0000000000
117454  49.606  21.750  20.856 0.0000000000
117455  48.639  21.734  20.728 0.0000000000
117465  51.789  22.068  20.130 0.0000000000
118195  51.877  22.022  24.666 0.0000000000
118223  53.073  21.662  20.849 0.0000000000
118227  52.772  22.012  20.323 0.0000000000
118232  47.697  22.178  19.969 0.0000000000
118243  47.300  22.270  19.402 0.0000000000
118262  47.897  22.888  18.862 0.0000000000
118265  45.570  22.286  18.457 0.0000000000
118286  47.497  22.870  16.894 0.0000000000
118288  46.068  23.152  16.779 0.0000000000
118958  50.547  24.449  26.763 0.0000000000
119006  51.742  23.767  23.655 0.0000000000
119016  49.807  23.326  19.013 0.0000000000
119018  48.354  23.108  18.994 0.0000000000
119034  48.529  23.227  18.488 0.0000000000
119058  42.464  23.824  17.415 0.0000000000
119067  51.286  23.997  16.629 0.0000000000
119075  44.059  23.960  16.646 0.0000000000
119087  47.890  23.306  15.593 0.0000000000
119090  45.238  24.115  15.710 0.0000000000
119098  50.898  23.591  15.062 0.0000000000
119102  46.970  23.903  14.823 0.0000000000
119122  49.982  23.744  13.253 0.0000000000
119151  47.714  23.670  8.007 0.0000000000
119162  47.207  23.497  7.520 0.0000000000
119164  41.009  23.609  6.884 0.0000000000
119194  40.833  23.987  5.154 0.0000000000
119210  44.350  23.846  3.282 0.0000000000
119211  43.295  23.920  3.435 0.0000000000
119212  42.802  24.168  3.399 0.0000000000
119221  45.236  24.004  2.917 0.0000000000
119869  51.954  24.131  22.507 0.0000000000
119870  51.742  24.484  22.919 0.0000000000
119881  39.356  24.365  18.037 0.0000000000
119906  51.406  24.477  16.785 0.0000000000
119927  45.655  24.210  15.180 0.0000000000
119931  42.037  25.088  15.504 0.0000000000
119952  42.112  25.325  14.804 0.0000000000
119968  44.796  24.842  13.444 0.0000000000
119970  42.990  25.304  13.807 0.0000000000
119986  43.856  25.178  12.754 0.0000000000
120003  44.179  24.991  11.017 0.0000000000
120021  39.689  24.214  9.845 0.0000000000
120036  40.636  24.592  8.957 0.0000000000
120045  46.762  23.838  8.641 0.0000000000
120051  40.237  23.613  8.170 0.0000000000
120061  44.407  24.306  7.842 0.0000000000
120077  40.233  24.203  5.836 0.0000000000
120078  39.976  24.686  5.966 0.0000000000
120087  41.066  24.172  4.808 0.0000000000
120089  40.320  24.967  5.481 0.0000000000
120095  42.002  24.282  3.896 0.0000000000
120097  41.124  24.957  4.588 0.0000000000
120107  42.025  25.072  3.647 0.0000000000
120120  43.166  24.942  2.785 0.0000000000
120717  48.363  25.648  23.278 0.0000000000
120718  47.909  25.567  22.932 0.0000000000
120720  46.181  25.795  22.727 0.0000000000
120722  51.887  24.732  22.060 0.0000000000
120725  46.864  25.645  22.026 0.0000000000
120741  40.643  25.183  16.124 0.0000000000
120779  51.345  24.869  14.051 0.0000000000
120796  44.138  25.129  12.128 0.0000000000
120812  42.155  25.550  11.359 0.0000000000
120822  50.361  25.242  10.979 0.0000000000
120824  42.958  25.242  10.455 0.0000000000
120837  41.843  25.195  9.399 0.0000000000
120838  40.768  24.855  9.243 0.0000000000
120839  40.240  24.611  9.509 0.0000000000
120847  41.084  24.825  8.820 0.0000000000
120863  47.407  25.274  6.131 0.0000000000
120885  40.896  25.533  4.640 0.0000000000
120897  41.787  25.657  3.635 0.0000000000
120914  42.780  25.666  2.775 0.0000000000
121419  48.500  27.195  29.701 0.0000000000
121427  49.893  26.526  28.098 0.0000000000
121437  50.092  26.299  27.390 0.0000000000
121454  46.673  27.463  26.221 0.0000000000
121472  46.415  27.119  25.628 0.0000000000
121508  48.127  25.708  22.504 0.0000000000
121517  46.532  25.828  21.478 0.0000000000
121541  51.443  26.280  17.210 0.0000000000
121544  51.300  26.739  15.850 0.0000000000
121567  50.085  26.501  11.682 0.0000000000
121585  48.452  26.413  9.600 0.0000000000
121591  49.281  25.647  9.672 0.0000000000
121594  47.569  26.273  8.614 0.0000000000
121600  47.936  25.658  8.134 0.0000000000
121611  45.482  26.429  6.798 0.0000000000
121634  46.196  25.810  4.091 0.0000000000
121637  40.915  26.432  4.486 0.0000000000
121651  41.655  26.467  3.680 0.0000000000
121664  42.615  26.416  2.793 0.0000000000
121672  45.030  26.770  2.282 0.0000000000
121674  43.989  26.772  2.217 0.0000000000
121675  43.203  26.581  2.473 0.0000000000
122118  48.576  27.770  29.378 0.0000000000
122152  49.270  26.951  27.671 0.0000000000
122227  47.943  27.461  18.498 0.0000000000
122280  45.500  27.636  10.829 0.0000000000
122290  44.537  27.597  9.902 0.0000000000
122306  46.635  26.443  8.161 0.0000000000
122309  43.824  27.722  7.939 0.0000000000
122318  44.088  27.492  7.582 0.0000000000
122333  40.838  27.451  5.062 0.0000000000
122344  45.146  27.966  4.669 0.0000000000
122345  41.551  27.317  4.214 0.0000000000
122346  41.098  27.134  4.514 0.0000000000
122359  45.724  27.792  3.676 0.0000000000
122361  41.902  27.173  3.706 0.0000000000
122362  41.433  26.993  4.075 0.0000000000
122371  43.348  27.535  2.624 0.0000000000
122372  42.798  27.232  2.863 0.0000000000
122373  42.247  26.968  3.200 0.0000000000
122829  47.425  28.709  30.121 0.0000000000
122919  50.667  28.313  17.918 0.0000000000
122930  50.132  28.752  17.423 0.0000000000
122933  46.930  28.279  17.644 0.0000000000
122963  49.265  27.795  12.736 0.0000000000
122968  44.371  28.652  12.414 0.0000000000
122985  45.105  27.686  10.772 0.0000000000
122995  42.622  28.857  9.998 0.0000000000
123001  44.095  27.613  8.930 0.0000000000
123029  44.922  28.477  5.089 0.0000000000
123042  45.925  29.032  3.935 0.0000000000
123047  41.148  27.685  4.966 0.0000000000
123058  42.645  27.963  3.433 0.0000000000
123064  45.284  27.907  2.500 0.0000000000
123065  44.217  28.813  2.485 0.0000000000
123067  43.062  27.928  2.973 0.0000000000
123545  47.470  30.039  29.237 0.0000000000
123635  49.672  29.002  16.972 0.0000000000
123653  50.302  29.325  15.579 0.0000000000
123655  48.646  29.806  15.208 0.0000000000
123656  48.168  29.782  14.947 0.0000000000
123662  47.159  29.640  14.456 0.0000000000
123666  43.804  29.588  14.342 0.0000000000
123668  48.988  29.235  14.211 0.0000000000
123670  47.679  29.237  13.914 0.0000000000
123672  45.979  29.372  13.867 0.0000000000
123676  42.446  29.585  13.238 0.0000000000
123684  47.249  28.909  13.533 0.0000000000
123688  43.647  29.120  12.946 0.0000000000
123710  42.712  29.111  9.232 0.0000000000
123751  45.685  29.966  5.197 0.0000000000
123762  45.794  29.274  4.482 0.0000000000
123775  46.150  29.483  3.058 0.0000000000
123778  43.236  28.579  3.054 0.0000000000
123782  45.850  29.518  2.663 0.0000000000
123784  44.906  29.408  2.350 0.0000000000
124257  47.360  30.580  28.874 0.0000000000
124361  47.849  29.786  15.567 0.0000000000
124374  46.404  30.162  15.255 0.0000000000
124430  42.827  30.702  8.763 0.0000000000
124465  47.358  31.073  4.512 0.0000000000
124482  44.624  30.266  2.497 0.0000000000
125117  47.544  31.899  5.510 0.0000000000
125118  47.029  31.720  5.824 0.0000000000
125128  47.249  31.356  5.298 0.0000000000
125136  47.704  31.702  4.239 0.0000000000
125733  46.734  32.196  6.351 0.0000000000
125740  48.161  32.863  5.404 0.0000000000
125741  47.907  32.388  5.438 0.0000000000
125756  47.781  32.466  3.878 0.0000000000
126307  47.851  33.810  7.082 0.0000000000
126329  48.115  33.457  5.628 0.0000000000
126335  48.119  33.347  4.982 0.0000000000
126962  47.089  34.800  8.359 0.0000000000
127652  41.210  35.765  12.268 0.0000000000
127686  48.090  35.865  9.677 0.0000000000
127689  45.813  35.807  9.769 0.0000000000
127692  42.755  34.494  9.783 0.0000000000
128405  47.889  37.053  12.341 0.0000000000
128411  41.500  36.145  12.542 0.0000000000
128414  48.396  36.857  11.543 0.0000000000
128416  47.179  36.556  11.775 0.0000000000
128428  47.725  36.386  11.069 0.0000000000
128443  46.452  36.019  10.231 0.0000000000
128485  47.829  36.280  7.429 0.0000000000
129143  48.509  37.088  11.440 0.0000000000
129167  48.206  37.346  8.828 0.0000000000
129181  47.868  37.606  8.049 0.0000000000
129834  46.776  38.821  12.158 0.0000000000
129842  47.894  38.153  12.081 0.0000000000
129852  48.360  37.698  10.658 0.0000000000
129855  46.064  38.988  10.693 0.0000000000
129863  48.286  37.795  10.210 0.0000000000
129865  46.981  39.166  9.710 0.0000000000
130532  45.397  39.178  11.155 0.0000000000
130546  45.700  39.792  9.724 0.0000000000
130547  45.093  39.706  9.955 0.0000000000
131226  43.874  40.063  10.145 0.0000000000
131231  47.331  40.371  8.791 0.0000000000
131239  47.422  40.698  8.454 0.0000000000
131939  46.802  42.116  8.539 0.0000000000
