#!ascii label  , from subject mmSR20151113 vox2ras=TkReg
981
51862  30.382  -43.808  53.036 0.0000000000
65323  48.943  -31.869  38.885 0.0000000000
65424  58.583  -31.652  34.518 0.0000000000
52035  51.398  -43.177  42.292 0.0000000000
45987  37.166  -49.097  50.716 0.0000000000
43497  33.848  -49.967  53.808 0.0000000000
68771  54.857  -29.313  38.391 0.0000000000
61059  53.735  -35.072  41.228 0.0000000000
51947  49.020  -43.572  46.621 0.0000000000
45982  42.188  -49.073  49.666 0.0000000000
74384  60.695  -23.939  26.831 0.0000000000
69972  59.535  -27.831  31.752 0.0000000000
58830  45.791  -37.380  43.883 0.0000000000
60026  48.952  -36.744  40.001 0.0000000000
49634  33.667  -45.676  51.995 0.0000000000
50711  32.427  -45.487  54.237 0.0000000000
66470  51.588  -30.801  38.882 0.0000000000
65301  54.298  -31.923  41.248 0.0000000000
65281  51.910  -32.167  42.273 0.0000000000
43635  46.987  -50.172  43.657 0.0000000000
42328  38.076  -50.576  51.786 0.0000000000
45985  39.653  -48.783  50.163 0.0000000000
41170  39.743  -52.067  49.960 0.0000000000
74375  59.771  -23.718  27.997 0.0000000000
70053  60.999  -27.571  27.422 0.0000000000
72283  60.493  -25.928  29.425 0.0000000000
68801  57.676  -28.769  35.065 0.0000000000
69956  57.319  -27.781  32.315 0.0000000000
67643  59.166  -29.529  33.280 0.0000000000
64431  59.308  -32.119  30.056 0.0000000000
63281  57.707  -33.874  31.276 0.0000000000
53129  50.926  -42.697  45.527 0.0000000000
55345  48.035  -40.367  45.778 0.0000000000
56479  49.887  -39.271  43.842 0.0000000000
59986  47.449  -36.568  42.293 0.0000000000
56541  49.457  -39.467  40.410 0.0000000000
57704  51.603  -38.705  39.687 0.0000000000
53223  51.446  -42.640  39.147 0.0000000000
45927  35.831  -48.858  53.310 0.0000000000
67627  55.058  -29.568  35.093 0.0000000000
66485  57.463  -30.301  37.420 0.0000000000
64275  56.383  -31.740  38.899 0.0000000000
62144  54.180  -34.115  39.147 0.0000000000
48526  45.365  -46.802  48.023 0.0000000000
48542  47.541  -46.723  47.520 0.0000000000
47336  49.050  -47.076  44.636 0.0000000000
48609  50.828  -46.597  42.161 0.0000000000
49786  50.722  -46.002  39.114 0.0000000000
48512  42.978  -47.343  48.420 0.0000000000
44772  43.873  -49.646  48.543 0.0000000000
74421  61.003  -24.211  25.354 0.0000000000
72266  59.075  -25.698  30.609 0.0000000000
68853  60.362  -28.570  30.019 0.0000000000
64460  56.820  -32.746  27.743 0.0000000000
63140  49.052  -33.001  41.878 0.0000000000
60002  52.514  -36.137  41.137 0.0000000000
56555  54.448  -39.181  39.197 0.0000000000
51852  31.191  -44.515  53.685 0.0000000000
50725  31.680  -44.495  53.634 0.0000000000
49580  31.790  -45.839  54.486 0.0000000000
66471  50.571  -31.276  38.453 0.0000000000
66431  51.960  -30.808  40.764 0.0000000000
66419  50.064  -31.265  41.025 0.0000000000
42346  38.850  -51.125  51.248 0.0000000000
74376  59.205  -23.498  28.052 0.0000000000
72299  60.553  -25.176  28.752 0.0000000000
73346  59.310  -24.610  29.456 0.0000000000
67626  58.530  -29.580  35.239 0.0000000000
68799  58.933  -28.997  34.922 0.0000000000
66528  58.875  -31.104  34.004 0.0000000000
65454  58.798  -31.801  32.736 0.0000000000
52001  51.711  -43.153  43.970 0.0000000000
55355  50.777  -40.545  45.025 0.0000000000
54316  50.864  -41.433  42.954 0.0000000000
56506  49.285  -39.243  42.182 0.0000000000
54335  50.275  -41.290  41.774 0.0000000000
54363  49.976  -41.085  40.309 0.0000000000
53206  50.606  -42.506  40.524 0.0000000000
48466  34.878  -47.148  52.907 0.0000000000
43483  34.570  -49.564  53.817 0.0000000000
43511  35.854  -50.410  53.043 0.0000000000
67620  53.464  -30.053  36.883 0.0000000000
67639  52.632  -30.506  34.932 0.0000000000
67608  54.861  -29.420  36.959 0.0000000000
68789  56.204  -29.129  36.680 0.0000000000
68769  56.299  -29.587  38.442 0.0000000000
65340  57.206  -30.843  38.090 0.0000000000
67588  55.653  -29.968  39.346 0.0000000000
63152  53.873  -33.500  41.434 0.0000000000
63168  54.485  -33.266  40.538 0.0000000000
62138  54.231  -34.450  39.979 0.0000000000
61101  53.924  -35.481  38.946 0.0000000000
60039  54.295  -36.525  39.686 0.0000000000
46021  45.475  -48.368  47.819 0.0000000000
48525  46.412  -46.558  47.865 0.0000000000
46041  46.304  -48.494  46.931 0.0000000000
46107  48.179  -48.150  44.255 0.0000000000
48595  50.492  -46.333  43.454 0.0000000000
45984  40.765  -48.812  50.198 0.0000000000
47269  41.661  -47.917  49.053 0.0000000000
47268  42.576  -47.914  48.953 0.0000000000
47267  43.337  -48.132  48.944 0.0000000000
44741  42.748  -49.405  49.410 0.0000000000
75407  59.498  -22.311  26.780 0.0000000000
74404  60.890  -24.067  26.129 0.0000000000
68920  60.674  -28.284  27.613 0.0000000000
69954  58.467  -27.818  32.773 0.0000000000
69974  56.952  -27.433  31.459 0.0000000000
71149  57.809  -26.650  31.306 0.0000000000
72268  57.447  -25.863  30.212 0.0000000000
71147  59.416  -26.747  31.206 0.0000000000
71158  59.798  -26.618  30.771 0.0000000000
68834  60.016  -28.408  31.021 0.0000000000
63330  56.909  -33.586  28.877 0.0000000000
63328  58.536  -32.934  28.950 0.0000000000
50791  47.908  -44.543  46.888 0.0000000000
53112  48.592  -42.475  45.905 0.0000000000
56471  46.415  -38.975  44.337 0.0000000000
56480  46.464  -39.714  44.275 0.0000000000
58894  48.341  -37.395  40.652 0.0000000000
61066  46.725  -35.642  41.521 0.0000000000
62131  47.771  -35.445  40.747 0.0000000000
63156  47.733  -33.856  41.398 0.0000000000
61064  49.624  -34.889  40.950 0.0000000000
62113  50.907  -34.629  41.737 0.0000000000
61084  50.695  -35.944  40.590 0.0000000000
55451  52.820  -41.101  38.869 0.0000000000
56537  53.633  -39.245  39.745 0.0000000000
55470  53.782  -40.562  37.543 0.0000000000
56592  53.430  -39.699  36.742 0.0000000000
50734  33.144  -45.117  52.888 0.0000000000
47194  33.312  -47.479  54.839 0.0000000000
43515  33.053  -50.168  53.005 0.0000000000
45919  32.479  -47.924  54.725 0.0000000000
67611  53.151  -29.987  38.370 0.0000000000
68741  54.597  -30.249  40.126 0.0000000000
67575  52.714  -30.440  40.577 0.0000000000
66404  53.115  -31.416  41.606 0.0000000000
62093  53.053  -34.051  41.963 0.0000000000
45951  37.956  -48.959  51.971 0.0000000000
45986  38.288  -48.973  50.567 0.0000000000
45950  38.829  -49.344  51.551 0.0000000000
43524  40.158  -49.816  50.856 0.0000000000
43557  40.974  -50.503  50.297 0.0000000000
43571  41.989  -50.674  49.506 0.0000000000
41190  40.773  -52.351  49.105 0.0000000000
74385  60.162  -23.435  27.279 0.0000000000
73369  61.093  -24.764  26.922 0.0000000000
73356  60.826  -25.009  27.938 0.0000000000
72298  60.878  -25.877  28.530 0.0000000000
68875  60.864  -27.899  28.635 0.0000000000
68822  55.667  -29.062  33.317 0.0000000000
68813  57.609  -28.373  33.969 0.0000000000
69937  58.455  -28.344  33.645 0.0000000000
68827  59.286  -28.741  32.640 0.0000000000
67661  59.775  -29.489  31.105 0.0000000000
65453  59.024  -31.260  32.271 0.0000000000
63280  58.282  -33.348  30.956 0.0000000000
51945  49.980  -43.308  46.595 0.0000000000
54252  48.652  -41.523  46.013 0.0000000000
55336  49.529  -40.806  45.955 0.0000000000
57615  48.824  -38.919  45.350 0.0000000000
58812  47.729  -37.672  44.955 0.0000000000
59958  46.269  -36.627  43.903 0.0000000000
58844  48.648  -37.539  43.380 0.0000000000
57672  48.736  -38.269  41.794 0.0000000000
58911  49.107  -37.785  39.923 0.0000000000
58909  50.740  -37.890  39.714 0.0000000000
56540  50.250  -39.651  39.620 0.0000000000
55432  50.905  -40.672  39.385 0.0000000000
52126  52.341  -43.018  37.990 0.0000000000
48487  34.194  -46.561  51.421 0.0000000000
47239  35.172  -47.783  51.795 0.0000000000
45952  36.924  -48.829  52.199 0.0000000000
44694  37.054  -49.481  52.706 0.0000000000
42348  36.914  -51.581  51.452 0.0000000000
68802  56.643  -29.021  35.559 0.0000000000
68788  57.166  -29.268  36.531 0.0000000000
65388  57.979  -31.059  36.292 0.0000000000
64313  57.404  -31.929  37.109 0.0000000000
64293  56.963  -31.954  37.941 0.0000000000
64277  55.247  -32.746  38.495 0.0000000000
65311  55.623  -31.363  39.982 0.0000000000
64264  55.401  -32.552  39.244 0.0000000000
49663  45.008  -46.137  47.442 0.0000000000
49661  46.445  -45.820  47.622 0.0000000000
49660  47.262  -45.747  47.714 0.0000000000
49658  48.483  -45.346  47.492 0.0000000000
46063  47.147  -48.359  45.924 0.0000000000
48568  48.490  -47.030  45.805 0.0000000000
49687  49.467  -45.442  46.426 0.0000000000
49715  50.680  -45.391  44.514 0.0000000000
49727  51.290  -45.086  43.539 0.0000000000
49740  51.560  -44.953  42.165 0.0000000000
49754  51.295  -45.168  40.852 0.0000000000
48648  50.593  -46.861  40.298 0.0000000000
48527  44.564  -46.754  47.944 0.0000000000
47265  44.681  -47.874  48.538 0.0000000000
44788  44.780  -49.609  47.649 0.0000000000
42374  42.765  -50.880  48.490 0.0000000000
41226  42.950  -52.012  46.886 0.0000000000
76529  60.018  -21.820  25.337 0.0000000000
73347  58.614  -24.515  29.382 0.0000000000
73329  60.011  -25.605  29.965 0.0000000000
70010  60.635  -27.491  29.486 0.0000000000
67704  60.507  -29.532  28.781 0.0000000000
66557  59.774  -30.408  30.286 0.0000000000
65540  59.384  -31.761  28.487 0.0000000000
65559  58.221  -31.491  27.832 0.0000000000
54266  47.968  -41.563  45.592 0.0000000000
65303  47.751  -31.793  40.923 0.0000000000
66421  48.554  -31.602  40.784 0.0000000000
64221  50.445  -32.494  42.169 0.0000000000
62112  51.979  -34.797  41.856 0.0000000000
60000  53.354  -35.985  41.115 0.0000000000
58892  51.991  -37.594  40.267 0.0000000000
58890  53.536  -37.402  40.583 0.0000000000
60020  54.141  -36.708  40.296 0.0000000000
57718  54.532  -37.940  38.515 0.0000000000
50918  51.298  -44.385  39.152 0.0000000000
50947  51.374  -44.340  37.804 0.0000000000
51853  30.495  -44.304  53.463 0.0000000000
51861  31.299  -43.963  53.348 0.0000000000
66472  49.669  -31.666  38.504 0.0000000000
66451  50.697  -31.090  39.631 0.0000000000
66433  49.894  -31.253  40.360 0.0000000000
74366  59.612  -24.154  28.709 0.0000000000
74367  58.988  -24.031  28.848 0.0000000000
66517  58.754  -30.392  34.736 0.0000000000
65438  58.695  -31.846  33.540 0.0000000000
64377  58.240  -32.553  33.939 0.0000000000
52016  51.718  -43.002  43.188 0.0000000000
54315  51.300  -41.912  43.365 0.0000000000
53176  51.350  -42.359  42.932 0.0000000000
55404  50.262  -40.717  42.574 0.0000000000
53177  50.951  -42.225  42.175 0.0000000000
53191  50.671  -42.301  41.380 0.0000000000
52036  50.999  -42.762  41.787 0.0000000000
44685  33.904  -48.850  54.497 0.0000000000
45916  34.216  -48.436  54.292 0.0000000000
44696  34.310  -49.488  53.969 0.0000000000
42314  34.227  -50.919  52.752 0.0000000000
67599  54.137  -29.472  38.135 0.0000000000
67609  54.137  -29.653  37.316 0.0000000000
68779  54.719  -29.340  37.691 0.0000000000
68778  55.486  -29.203  37.546 0.0000000000
68770  55.600  -29.349  38.479 0.0000000000
68759  56.001  -29.686  38.924 0.0000000000
68760  55.530  -29.747  39.202 0.0000000000
62109  53.692  -34.339  41.423 0.0000000000
62128  54.044  -34.402  40.930 0.0000000000
61100  54.118  -35.533  39.642 0.0000000000
61081  54.029  -35.627  40.511 0.0000000000
44787  45.347  -49.373  47.169 0.0000000000
46020  46.167  -48.129  47.417 0.0000000000
44804  46.039  -49.144  46.570 0.0000000000
45963  41.499  -49.197  50.081 0.0000000000
47252  40.834  -48.365  49.624 0.0000000000
47251  41.650  -48.417  49.583 0.0000000000
47250  42.340  -48.551  49.389 0.0000000000
47249  42.732  -48.645  49.264 0.0000000000
75406  59.935  -22.263  26.494 0.0000000000
74405  60.506  -23.227  26.338 0.0000000000
71130  58.942  -27.360  32.061 0.0000000000
71131  58.376  -27.152  32.063 0.0000000000
71148  58.797  -26.611  31.544 0.0000000000
69971  59.946  -27.698  31.111 0.0000000000
62253  55.575  -34.481  28.602 0.0000000000
63331  56.218  -33.790  28.337 0.0000000000
51948  48.597  -43.962  46.547 0.0000000000
51967  48.407  -43.602  46.062 0.0000000000
51966  48.814  -43.242  46.283 0.0000000000
57633  46.095  -38.260  44.148 0.0000000000
57645  45.433  -38.237  43.424 0.0000000000
60027  47.872  -36.400  40.661 0.0000000000
61086  48.299  -35.838  40.457 0.0000000000
62130  48.381  -35.097  40.728 0.0000000000
61085  49.419  -35.567  40.483 0.0000000000
60025  50.118  -36.534  40.075 0.0000000000
54399  53.182  -41.674  37.757 0.0000000000
55450  53.405  -40.958  38.470 0.0000000000
54415  53.160  -41.331  37.189 0.0000000000
55484  53.017  -40.645  36.670 0.0000000000
50724  32.382  -44.830  53.608 0.0000000000
50735  32.530  -44.543  52.708 0.0000000000
50710  32.883  -45.777  54.261 0.0000000000
49589  33.300  -46.205  54.305 0.0000000000
49578  32.946  -46.327  54.631 0.0000000000
47195  32.629  -47.359  54.883 0.0000000000
49579  32.377  -46.034  54.563 0.0000000000
66488  51.572  -30.857  37.749 0.0000000000
66499  51.523  -30.852  36.702 0.0000000000
66487  52.599  -30.330  38.141 0.0000000000
67591  52.936  -30.116  39.798 0.0000000000
66469  52.381  -30.430  39.344 0.0000000000
66406  51.800  -31.465  41.720 0.0000000000
66416  52.273  -31.224  41.442 0.0000000000
65290  52.480  -32.047  42.109 0.0000000000
64227  53.024  -32.671  42.088 0.0000000000
64228  52.364  -32.694  42.361 0.0000000000
44707  37.993  -49.708  52.109 0.0000000000
45936  38.345  -49.516  51.888 0.0000000000
43526  38.612  -50.099  51.685 0.0000000000
42363  39.370  -51.559  50.606 0.0000000000
42326  39.646  -50.352  51.097 0.0000000000
42345  39.799  -50.721  50.851 0.0000000000
43540  40.554  -50.106  50.631 0.0000000000
42362  40.224  -51.346  50.335 0.0000000000
42361  41.017  -51.027  50.024 0.0000000000
74386  59.606  -23.211  27.527 0.0000000000
75391  59.700  -22.748  27.075 0.0000000000
73370  60.622  -24.289  27.456 0.0000000000
73357  60.250  -24.350  28.256 0.0000000000
72282  60.747  -26.135  28.974 0.0000000000
70032  61.029  -27.307  28.305 0.0000000000
71173  60.813  -26.662  28.889 0.0000000000
68814  56.781  -28.745  34.313 0.0000000000
69910  57.981  -28.593  34.863 0.0000000000
67634  58.971  -29.539  34.301 0.0000000000
69923  58.893  -28.797  34.093 0.0000000000
68819  59.042  -28.852  33.647 0.0000000000
69953  58.915  -28.218  32.934 0.0000000000
67652  59.411  -29.556  32.198 0.0000000000
66537  59.166  -30.399  32.749 0.0000000000
63269  58.133  -33.335  31.922 0.0000000000
64417  58.547  -32.735  31.466 0.0000000000
63315  57.125  -33.952  29.897 0.0000000000
62238  56.533  -34.300  30.199 0.0000000000
51965  50.543  -43.238  46.002 0.0000000000
54234  49.913  -41.912  46.066 0.0000000000
53109  50.694  -41.958  45.551 0.0000000000
56468  50.389  -39.849  44.801 0.0000000000
56456  49.811  -39.731  45.506 0.0000000000
58810  49.141  -38.552  44.973 0.0000000000
57616  48.087  -38.572  45.248 0.0000000000
58811  48.565  -37.946  44.952 0.0000000000
58827  48.630  -37.531  44.223 0.0000000000
57643  49.367  -38.593  43.697 0.0000000000
56523  49.324  -39.498  41.390 0.0000000000
56507  49.098  -38.893  41.716 0.0000000000
56524  49.045  -38.847  41.119 0.0000000000
57707  48.999  -38.388  40.341 0.0000000000
57706  49.618  -38.693  39.791 0.0000000000
54362  50.481  -41.601  39.837 0.0000000000
54361  51.446  -41.714  39.201 0.0000000000
54380  51.861  -41.965  38.932 0.0000000000
53246  51.939  -42.626  38.652 0.0000000000
49644  33.397  -45.498  51.069 0.0000000000
49651  33.244  -45.902  50.049 0.0000000000
48488  33.802  -45.958  51.258 0.0000000000
47219  35.136  -47.597  53.086 0.0000000000
48477  34.862  -47.146  52.463 0.0000000000
47228  35.498  -47.923  52.656 0.0000000000
45953  36.006  -48.403  52.344 0.0000000000
45939  36.143  -48.627  52.829 0.0000000000
45938  37.076  -49.054  52.674 0.0000000000
45926  36.639  -49.169  53.037 0.0000000000
67628  54.234  -29.933  35.390 0.0000000000
67637  54.347  -29.862  34.378 0.0000000000
67607  57.254  -29.638  37.265 0.0000000000
67617  57.451  -29.569  36.690 0.0000000000
66495  57.797  -30.270  36.635 0.0000000000
65389  57.726  -31.553  36.666 0.0000000000
66496  57.683  -30.919  36.903 0.0000000000
65341  56.822  -31.280  38.525 0.0000000000
64276  56.052  -32.267  38.671 0.0000000000
64294  56.078  -32.433  37.715 0.0000000000
67557  54.415  -30.420  40.375 0.0000000000
67556  54.953  -30.483  40.264 0.0000000000
65300  54.926  -31.586  40.636 0.0000000000
63177  54.677  -33.290  39.419 0.0000000000
63176  55.096  -32.628  39.947 0.0000000000
63184  54.239  -33.519  38.241 0.0000000000
49662  45.557  -46.103  47.601 0.0000000000
47284  47.215  -46.910  47.578 0.0000000000
48524  47.396  -46.403  47.688 0.0000000000
49659  48.079  -45.706  47.629 0.0000000000
48541  48.111  -46.347  47.311 0.0000000000
46086  46.819  -48.936  45.591 0.0000000000
44842  46.967  -49.580  44.472 0.0000000000
47354  48.703  -47.701  44.093 0.0000000000
47337  48.363  -47.483  45.091 0.0000000000
48567  49.057  -46.541  45.638 0.0000000000
49701  49.976  -45.864  45.304 0.0000000000
49700  50.185  -45.030  45.775 0.0000000000
47369  50.296  -47.114  42.501 0.0000000000
49728  50.875  -45.621  43.696 0.0000000000
48608  51.187  -45.832  42.715 0.0000000000
48627  51.252  -45.966  41.534 0.0000000000
48628  50.822  -46.746  41.106 0.0000000000
45966  38.749  -48.969  51.199 0.0000000000
46003  38.647  -48.937  49.624 0.0000000000
47287  42.334  -47.578  48.528 0.0000000000
48529  42.701  -47.081  47.846 0.0000000000
48528  43.630  -46.871  47.961 0.0000000000
48543  44.349  -46.424  47.403 0.0000000000
45980  43.595  -48.579  48.962 0.0000000000
47266  44.173  -47.927  48.737 0.0000000000
44752  44.004  -49.169  48.668 0.0000000000
46022  44.636  -48.804  48.312 0.0000000000
44771  44.349  -49.635  48.133 0.0000000000
42375  42.005  -51.334  48.967 0.0000000000
42404  43.443  -51.341  46.925 0.0000000000
75422  60.322  -22.458  25.725 0.0000000000
74422  60.691  -23.399  25.469 0.0000000000
74437  61.005  -24.362  24.926 0.0000000000
72310  61.204  -25.746  27.537 0.0000000000
68821  56.916  -28.353  33.055 0.0000000000
68829  55.814  -28.722  32.104 0.0000000000
68828  56.567  -28.111  31.856 0.0000000000
72267  58.211  -25.707  30.504 0.0000000000
72284  57.741  -25.373  29.944 0.0000000000
73332  58.272  -25.057  29.882 0.0000000000
73348  57.770  -24.828  29.349 0.0000000000
73331  58.877  -25.087  30.038 0.0000000000
73330  59.518  -25.308  30.032 0.0000000000
69990  60.242  -27.619  30.528 0.0000000000
71157  60.240  -26.644  30.244 0.0000000000
68876  60.676  -28.593  29.097 0.0000000000
67689  60.412  -29.314  29.452 0.0000000000
65495  59.390  -31.353  30.616 0.0000000000
64449  57.607  -32.919  28.392 0.0000000000
64448  58.789  -32.496  28.641 0.0000000000
64459  57.915  -32.255  27.996 0.0000000000
64458  58.553  -32.014  28.035 0.0000000000
55356  47.436  -40.827  45.261 0.0000000000
61014  46.999  -36.234  43.647 0.0000000000
62117  46.431  -35.044  41.439 0.0000000000
63155  48.713  -33.648  41.637 0.0000000000
64232  47.575  -32.559  41.444 0.0000000000
65295  48.147  -32.045  41.440 0.0000000000
65302  48.717  -31.742  41.180 0.0000000000
65294  49.266  -31.958  41.569 0.0000000000
63139  50.040  -33.128  42.196 0.0000000000
61062  51.598  -35.638  41.196 0.0000000000
62111  52.814  -34.795  41.811 0.0000000000
58893  51.226  -37.466  39.993 0.0000000000
57691  52.105  -38.283  39.976 0.0000000000
56536  54.144  -38.916  39.775 0.0000000000
57689  53.588  -38.343  40.284 0.0000000000
57701  54.276  -38.319  39.979 0.0000000000
58889  54.059  -37.392  40.386 0.0000000000
57717  54.626  -38.178  39.229 0.0000000000
58907  54.433  -37.444  39.833 0.0000000000
57735  54.639  -38.630  38.515 0.0000000000
57757  53.719  -39.041  36.938 0.0000000000
48659  50.797  -46.042  39.452 0.0000000000
49771  51.084  -45.121  39.883 0.0000000000
49785  51.040  -45.391  39.109 0.0000000000
51860  31.991  -44.282  53.254 0.0000000000
50703  31.935  -45.512  54.372 0.0000000000
50712  31.686  -44.966  54.030 0.0000000000
50704  31.488  -45.399  54.136 0.0000000000
66450  51.656  -30.792  39.942 0.0000000000
66432  50.861  -31.035  40.551 0.0000000000
66407  51.065  -31.506  41.621 0.0000000000
42347  37.860  -51.359  51.406 0.0000000000
41153  38.442  -51.791  50.776 0.0000000000
41171  38.911  -52.228  50.140 0.0000000000
73345  60.049  -24.921  29.339 0.0000000000
68800  58.317  -28.912  35.010 0.0000000000
67635  58.796  -29.588  34.816 0.0000000000
66516  58.947  -30.052  34.317 0.0000000000
66527  59.031  -30.306  33.845 0.0000000000
65437  58.983  -31.149  33.225 0.0000000000
64400  58.469  -32.563  32.649 0.0000000000
51984  51.332  -43.090  44.861 0.0000000000
53128  51.124  -42.167  45.140 0.0000000000
53144  51.439  -42.307  44.426 0.0000000000
55368  50.807  -40.564  44.210 0.0000000000
56478  50.353  -39.841  43.998 0.0000000000
56490  49.624  -39.427  42.969 0.0000000000
55383  50.022  -40.134  42.845 0.0000000000
55405  49.732  -40.179  42.020 0.0000000000
55419  49.629  -40.217  41.077 0.0000000000
55434  49.789  -40.450  40.479 0.0000000000
54348  49.862  -40.940  40.948 0.0000000000
52091  51.097  -43.186  39.603 0.0000000000
49633  34.104  -46.176  52.398 0.0000000000
48467  34.479  -46.813  53.310 0.0000000000
47207  34.753  -47.744  53.706 0.0000000000
45914  35.281  -48.938  53.642 0.0000000000
44682  35.621  -49.228  53.469 0.0000000000
43495  35.126  -49.965  53.568 0.0000000000
66507  52.296  -30.575  36.108 0.0000000000
67629  53.222  -30.269  35.802 0.0000000000
67619  54.184  -29.847  36.405 0.0000000000
67618  54.975  -29.548  36.065 0.0000000000
68803  55.741  -29.237  35.810 0.0000000000
68790  55.491  -29.226  36.644 0.0000000000
68777  56.325  -29.257  37.635 0.0000000000
68776  56.798  -29.482  37.725 0.0000000000
66467  57.123  -30.297  38.102 0.0000000000
67598  56.514  -29.878  38.566 0.0000000000
66468  56.668  -30.427  38.650 0.0000000000
65321  56.229  -31.208  39.371 0.0000000000
64241  54.728  -32.189  40.846 0.0000000000
64242  54.355  -32.697  41.138 0.0000000000
62139  54.077  -34.841  39.286 0.0000000000
60040  54.098  -36.124  39.197 0.0000000000
60055  54.273  -36.685  38.973 0.0000000000
47286  45.430  -47.484  48.132 0.0000000000
47285  46.520  -47.341  47.665 0.0000000000
46040  46.917  -48.051  46.648 0.0000000000
46108  47.757  -48.823  44.106 0.0000000000
47371  49.034  -47.792  43.481 0.0000000000
48596  49.859  -46.893  43.738 0.0000000000
47370  49.684  -47.451  43.120 0.0000000000
47391  49.832  -47.735  42.168 0.0000000000
47270  40.816  -47.996  48.915 0.0000000000
48511  43.579  -47.422  48.471 0.0000000000
45981  43.094  -48.726  49.150 0.0000000000
44753  43.394  -49.575  48.894 0.0000000000
76517  60.049  -21.605  25.863 0.0000000000
68919  60.989  -27.758  27.655 0.0000000000
69955  57.960  -27.525  32.555 0.0000000000
69973  57.638  -27.279  31.948 0.0000000000
71150  57.005  -26.953  30.992 0.0000000000
71160  56.745  -26.600  30.269 0.0000000000
71159  57.563  -26.172  30.603 0.0000000000
72256  58.670  -26.153  31.031 0.0000000000
72255  59.186  -26.269  30.975 0.0000000000
72265  59.660  -26.109  30.560 0.0000000000
71146  59.869  -27.144  30.967 0.0000000000
67660  60.076  -29.117  30.506 0.0000000000
63295  58.486  -33.298  30.072 0.0000000000
64441  59.069  -32.789  29.605 0.0000000000
63329  58.069  -33.080  28.967 0.0000000000
64450  57.002  -33.210  28.249 0.0000000000
56459  47.655  -39.329  45.342 0.0000000000
55346  47.309  -40.051  45.255 0.0000000000
56481  45.961  -39.277  43.672 0.0000000000
58870  47.793  -37.000  41.458 0.0000000000
59987  47.018  -36.195  41.946 0.0000000000
60003  47.358  -36.399  41.388 0.0000000000
61065  47.200  -35.691  41.053 0.0000000000
62116  47.474  -34.777  41.039 0.0000000000
63142  47.083  -33.316  41.341 0.0000000000
62115  48.481  -34.365  41.187 0.0000000000
62114  49.648  -34.259  41.522 0.0000000000
62097  49.882  -33.676  41.971 0.0000000000
61063  50.331  -35.113  41.047 0.0000000000
61083  51.421  -36.249  40.711 0.0000000000
56538  52.515  -39.512  39.591 0.0000000000
55430  53.179  -40.308  39.191 0.0000000000
56556  53.931  -40.050  39.096 0.0000000000
55449  54.248  -40.089  38.421 0.0000000000
56575  54.559  -39.336  38.135 0.0000000000
50744  33.120  -44.920  51.945 0.0000000000
49621  33.668  -45.778  53.015 0.0000000000
49606  33.715  -46.095  53.725 0.0000000000
45917  33.667  -48.209  54.627 0.0000000000
44686  33.529  -48.609  54.641 0.0000000000
43498  33.295  -49.897  53.675 0.0000000000
45918  33.097  -48.215  54.807 0.0000000000
45929  32.639  -48.571  54.381 0.0000000000
48443  31.998  -46.544  54.737 0.0000000000
66506  52.847  -30.322  36.639 0.0000000000
67610  53.365  -29.914  37.812 0.0000000000
67589  54.191  -29.487  38.935 0.0000000000
68761  54.797  -29.560  39.270 0.0000000000
68762  54.106  -29.705  39.569 0.0000000000
67574  53.553  -30.014  40.040 0.0000000000
67546  53.712  -30.894  41.065 0.0000000000
66430  52.362  -30.562  40.596 0.0000000000
67547  53.004  -30.958  41.307 0.0000000000
66403  53.771  -31.497  41.399 0.0000000000
64226  53.725  -32.662  41.660 0.0000000000
63135  53.378  -33.352  41.863 0.0000000000
62110  53.359  -34.644  41.606 0.0000000000
44824  45.644  -49.961  45.968 0.0000000000
45967  37.643  -48.930  51.435 0.0000000000
45965  39.825  -49.067  50.907 0.0000000000
42327  39.152  -50.479  51.360 0.0000000000
43525  39.682  -50.040  51.149 0.0000000000
45964  40.749  -49.280  50.498 0.0000000000
44730  40.915  -49.626  50.483 0.0000000000
44729  41.485  -49.508  50.157 0.0000000000
44742  42.092  -49.590  49.797 0.0000000000
43556  41.630  -50.204  49.992 0.0000000000
42376  41.257  -51.615  49.425 0.0000000000
41210  40.947  -52.847  48.501 0.0000000000
71189  61.171  -26.588  28.022 0.0000000000
68900  61.034  -27.902  27.995 0.0000000000
67718  60.590  -29.257  28.145 0.0000000000
68820  57.600  -28.138  33.408 0.0000000000
69925  57.842  -28.250  34.089 0.0000000000
69938  58.027  -28.074  33.409 0.0000000000
68835  59.641  -28.763  31.777 0.0000000000
66546  59.372  -30.577  31.515 0.0000000000
65472  59.107  -31.504  31.439 0.0000000000
65473  58.813  -32.038  31.915 0.0000000000
64432  58.821  -32.800  30.505 0.0000000000
63296  57.809  -33.733  30.439 0.0000000000
62252  56.383  -34.197  29.474 0.0000000000
51946  49.500  -43.466  46.642 0.0000000000
53111  49.010  -42.529  46.284 0.0000000000
54236  49.581  -42.344  46.252 0.0000000000
54251  49.371  -41.764  46.142 0.0000000000
55337  48.907  -40.666  46.066 0.0000000000
56441  50.122  -40.636  45.614 0.0000000000
56443  49.233  -39.932  45.889 0.0000000000
56458  48.348  -39.365  45.642 0.0000000000
57617  47.351  -38.460  45.058 0.0000000000
58829  46.642  -37.415  44.385 0.0000000000
59947  47.597  -37.123  44.631 0.0000000000
59956  48.182  -36.925  43.850 0.0000000000
59971  48.221  -37.031  43.153 0.0000000000
57655  49.175  -38.693  42.837 0.0000000000
57656  48.865  -38.098  42.656 0.0000000000
58869  48.229  -37.624  41.542 0.0000000000
60043  49.415  -37.444  39.797 0.0000000000
60042  49.915  -37.266  39.753 0.0000000000
58910  49.837  -37.970  39.638 0.0000000000
57705  50.528  -38.768  39.548 0.0000000000
56539  51.318  -39.678  39.411 0.0000000000
55433  50.037  -40.525  39.875 0.0000000000
55431  52.124  -40.680  39.186 0.0000000000
53244  52.885  -42.231  38.088 0.0000000000
45988  36.074  -48.957  50.680 0.0000000000
48478  34.550  -46.823  52.422 0.0000000000
45970  35.252  -48.085  51.301 0.0000000000
45969  35.675  -48.374  51.539 0.0000000000
45968  36.599  -48.794  51.553 0.0000000000
44708  37.552  -49.463  52.436 0.0000000000
43509  37.713  -50.117  52.214 0.0000000000
43510  36.748  -50.245  52.676 0.0000000000
42329  37.189  -51.054  51.972 0.0000000000
68815  55.779  -29.182  34.629 0.0000000000
68787  57.798  -29.119  35.672 0.0000000000
67616  57.906  -29.537  36.086 0.0000000000
66505  58.293  -30.362  35.806 0.0000000000
65408  58.253  -31.479  35.552 0.0000000000
64356  58.146  -32.162  35.103 0.0000000000
64335  58.108  -32.002  35.591 0.0000000000
64336  57.757  -32.163  36.017 0.0000000000
64314  56.931  -32.406  36.927 0.0000000000
65366  57.427  -31.372  37.485 0.0000000000
68751  55.174  -29.918  39.579 0.0000000000
66429  55.537  -30.639  39.923 0.0000000000
65322  55.929  -31.510  39.650 0.0000000000
64252  55.181  -32.146  40.341 0.0000000000
49676  45.633  -45.603  47.020 0.0000000000
50792  46.910  -44.921  47.095 0.0000000000
50778  47.293  -45.208  47.434 0.0000000000
50777  47.912  -45.062  47.483 0.0000000000
50790  48.513  -44.499  46.977 0.0000000000
50775  48.711  -45.114  47.379 0.0000000000
46064  46.602  -48.784  46.227 0.0000000000
47322  47.530  -47.678  46.360 0.0000000000
46084  47.813  -48.205  44.789 0.0000000000
47321  48.078  -47.335  46.007 0.0000000000
47303  47.923  -47.088  46.699 0.0000000000
48554  48.748  -46.138  46.773 0.0000000000
50789  49.214  -44.537  47.043 0.0000000000
50804  50.051  -44.244  46.419 0.0000000000
50821  50.828  -44.245  45.310 0.0000000000
48581  50.332  -46.067  44.298 0.0000000000
50838  51.034  -44.646  44.614 0.0000000000
50837  51.400  -44.121  44.366 0.0000000000
50855  51.788  -43.968  43.109 0.0000000000
50872  51.598  -44.026  42.106 0.0000000000
52053  51.336  -43.701  41.747 0.0000000000
48647  50.971  -46.044  40.196 0.0000000000
48660  50.402  -46.644  39.365 0.0000000000
47422  50.144  -47.322  40.031 0.0000000000
48661  49.812  -47.205  39.288 0.0000000000
46004  37.668  -49.238  49.843 0.0000000000
46002  39.469  -48.628  49.193 0.0000000000
48510  44.313  -47.445  48.435 0.0000000000
48509  44.774  -47.505  48.382 0.0000000000
45999  44.886  -48.165  48.390 0.0000000000
44770  44.910  -49.151  47.838 0.0000000000
43593  44.985  -49.885  46.996 0.0000000000
43555  42.302  -49.828  49.678 0.0000000000
43570  42.609  -50.260  49.252 0.0000000000
42388  43.106  -51.046  47.773 0.0000000000
43583  43.631  -50.228  48.276 0.0000000000
43595  43.644  -50.695  47.574 0.0000000000
75437  60.293  -22.686  24.752 0.0000000000
72264  60.149  -26.016  30.120 0.0000000000
71174  60.572  -26.654  29.541 0.0000000000
67705  60.280  -29.904  28.380 0.0000000000
66556  59.978  -29.973  30.007 0.0000000000
64440  59.535  -32.099  29.206 0.0000000000
65517  59.750  -31.125  29.613 0.0000000000
66567  60.080  -30.283  29.500 0.0000000000
66587  60.107  -30.426  28.814 0.0000000000
65558  59.013  -31.517  28.089 0.0000000000
65560  57.293  -31.631  27.645 0.0000000000
64233  46.430  -32.753  41.066 0.0000000000
66454  47.892  -31.827  39.723 0.0000000000
66435  48.137  -31.635  40.307 0.0000000000
66434  49.006  -31.507  40.304 0.0000000000
66420  49.257  -31.459  40.879 0.0000000000
66408  50.184  -31.583  41.435 0.0000000000
64220  51.082  -32.507  42.344 0.0000000000
62096  50.458  -33.843  42.099 0.0000000000
62095  51.414  -34.008  42.276 0.0000000000
63137  51.827  -33.159  42.507 0.0000000000
62094  52.337  -34.052  42.199 0.0000000000
61082  53.699  -35.682  41.037 0.0000000000
60041  50.631  -37.163  39.908 0.0000000000
60024  51.188  -36.780  40.296 0.0000000000
60023  52.113  -36.669  40.741 0.0000000000
57690  52.772  -38.378  40.228 0.0000000000
58891  52.856  -37.558  40.581 0.0000000000
60022  52.984  -36.730  40.906 0.0000000000
60021  53.589  -36.365  40.828 0.0000000000
58923  54.506  -37.336  39.098 0.0000000000
58924  54.122  -37.163  38.286 0.0000000000
56576  54.114  -39.524  37.416 0.0000000000
57736  54.054  -38.341  37.553 0.0000000000
50887  51.000  -43.723  40.844 0.0000000000
50904  51.054  -43.912  40.484 0.0000000000
52090  51.338  -43.500  39.206 0.0000000000
49800  51.120  -45.015  38.204 0.0000000000
50930  51.450  -44.346  38.390 0.0000000000
52109  51.853  -43.341  38.386 0.0000000000
52127  51.948  -43.479  37.725 0.0000000000
41211  40.395  -53.000  48.779 0.0000000000
42309  37.719  -50.399  52.066 0.0000000000
42310  37.362  -50.534  52.236 0.0000000000
42312  35.609  -50.947  52.708 0.0000000000
42344  40.549  -50.730  50.450 0.0000000000
42360  41.616  -50.962  49.629 0.0000000000
42389  42.463  -51.643  47.992 0.0000000000
42405  42.849  -51.697  47.345 0.0000000000
42420  43.718  -51.715  46.205 0.0000000000
43481  35.307  -49.484  53.577 0.0000000000
43482  34.854  -49.406  53.761 0.0000000000
43492  37.067  -49.982  52.669 0.0000000000
43493  36.877  -49.803  52.743 0.0000000000
43494  36.007  -49.801  53.223 0.0000000000
43496  34.384  -49.976  53.718 0.0000000000
43508  38.216  -49.948  51.911 0.0000000000
43513  34.326  -50.510  53.295 0.0000000000
43527  38.130  -50.231  51.874 0.0000000000
43539  41.188  -49.825  50.358 0.0000000000
43541  39.902  -50.261  50.916 0.0000000000
43582  44.163  -50.046  47.951 0.0000000000
43621  45.398  -50.537  45.449 0.0000000000
44683  35.024  -49.084  53.747 0.0000000000
44684  34.466  -49.105  54.086 0.0000000000
44693  37.521  -49.756  52.423 0.0000000000
44695  36.372  -49.376  53.130 0.0000000000
44697  34.051  -49.455  54.182 0.0000000000
44698  33.367  -49.170  54.353 0.0000000000
44706  38.545  -49.724  51.742 0.0000000000
44709  32.616  -49.322  53.632 0.0000000000
44718  40.439  -49.608  50.706 0.0000000000
44719  39.947  -49.636  50.990 0.0000000000
44720  39.273  -49.689  51.393 0.0000000000
44740  43.477  -48.938  48.980 0.0000000000
44786  45.878  -48.894  47.004 0.0000000000
44805  45.707  -49.630  46.367 0.0000000000
44822  46.811  -49.198  45.155 0.0000000000
45915  34.863  -48.700  53.797 0.0000000000
45928  35.036  -48.357  53.601 0.0000000000
45930  32.079  -48.052  54.303 0.0000000000
45937  38.222  -49.174  52.025 0.0000000000
45948  40.243  -49.437  50.803 0.0000000000
45949  39.824  -49.398  51.034 0.0000000000
45983  41.550  -48.909  49.940 0.0000000000
46000  44.155  -48.438  48.764 0.0000000000
46001  43.677  -48.351  48.911 0.0000000000
46042  45.847  -48.644  47.293 0.0000000000
46085  47.273  -48.719  45.073 0.0000000000
46148  49.182  -48.169  42.626 0.0000000000
47192  34.545  -48.168  54.016 0.0000000000
47196  32.020  -47.369  54.677 0.0000000000
47206  35.459  -48.314  53.257 0.0000000000
47218  35.572  -48.069  52.947 0.0000000000
47229  35.160  -47.536  52.482 0.0000000000
47230  34.909  -47.260  52.113 0.0000000000
47238  35.541  -47.989  52.199 0.0000000000
47304  47.323  -47.246  47.174 0.0000000000
47305  46.647  -47.838  47.196 0.0000000000
47338  47.682  -47.948  45.540 0.0000000000
47353  49.373  -47.247  43.921 0.0000000000
47390  50.397  -47.278  41.672 0.0000000000
47425  49.980  -47.244  39.578 0.0000000000
48441  33.470  -46.847  54.635 0.0000000000
48442  32.813  -46.720  54.827 0.0000000000
48453  34.719  -47.248  53.454 0.0000000000
48455  33.767  -46.711  54.350 0.0000000000
48499  33.763  -46.250  50.636 0.0000000000
48523  47.912  -46.153  47.678 0.0000000000
48540  48.559  -46.054  47.212 0.0000000000
48555  48.414  -46.747  46.404 0.0000000000
48582  49.818  -46.506  44.470 0.0000000000
48594  50.995  -45.717  43.337 0.0000000000
48670  50.076  -46.406  38.707 0.0000000000
49588  33.851  -46.462  54.085 0.0000000000
49590  32.759  -45.972  54.427 0.0000000000
49673  48.659  -45.616  47.280 0.0000000000
49674  48.320  -45.888  47.516 0.0000000000
49686  49.882  -44.886  46.387 0.0000000000
49714  51.113  -44.806  44.250 0.0000000000
49716  50.242  -45.985  44.676 0.0000000000
50723  33.111  -45.530  53.810 0.0000000000
50776  48.477  -45.022  47.411 0.0000000000
50788  49.676  -43.876  46.744 0.0000000000
50805  49.687  -44.784  46.653 0.0000000000
50820  51.165  -43.721  44.983 0.0000000000
50886  51.263  -44.187  41.217 0.0000000000
50903  51.097  -44.353  40.097 0.0000000000
50948  50.934  -44.406  37.469 0.0000000000
51872  32.015  -43.938  52.606 0.0000000000
51985  51.018  -43.406  45.386 0.0000000000
52054  50.979  -43.256  41.284 0.0000000000
52071  51.052  -43.710  39.909 0.0000000000
52072  50.881  -43.317  40.317 0.0000000000
52108  52.202  -43.066  38.168 0.0000000000
53092  50.087  -42.446  46.219 0.0000000000
53093  49.711  -42.732  46.412 0.0000000000
53094  49.391  -42.741  46.377 0.0000000000
53110  50.499  -42.374  45.844 0.0000000000
53157  51.538  -42.377  43.648 0.0000000000
53224  50.924  -42.549  39.687 0.0000000000
53245  52.527  -42.514  38.159 0.0000000000
53265  52.918  -42.186  37.922 0.0000000000
54235  49.743  -42.119  46.164 0.0000000000
54248  50.535  -41.562  45.517 0.0000000000
54249  50.244  -41.586  45.751 0.0000000000
54250  49.778  -41.514  45.983 0.0000000000
54264  50.778  -41.448  45.347 0.0000000000
54265  50.496  -41.330  45.488 0.0000000000
54278  51.167  -41.567  44.823 0.0000000000
54293  51.252  -41.484  43.958 0.0000000000
54294  50.890  -40.978  43.606 0.0000000000
54336  49.862  -40.664  41.432 0.0000000000
54347  50.227  -41.674  40.771 0.0000000000
54360  52.274  -41.516  38.929 0.0000000000
54378  52.978  -41.926  38.160 0.0000000000
54379  52.617  -41.823  38.579 0.0000000000
55334  50.181  -40.996  45.637 0.0000000000
55335  49.942  -40.925  45.805 0.0000000000
55343  50.737  -41.155  45.325 0.0000000000
55344  50.516  -40.987  45.435 0.0000000000
55354  50.917  -41.084  45.168 0.0000000000
55367  51.067  -41.013  44.668 0.0000000000
55382  50.473  -40.498  43.357 0.0000000000
55469  54.341  -39.938  37.864 0.0000000000
56442  49.783  -40.220  45.718 0.0000000000
56444  48.664  -39.892  45.925 0.0000000000
56455  50.236  -40.180  45.408 0.0000000000
56457  48.861  -39.428  45.774 0.0000000000
56469  50.081  -39.368  44.447 0.0000000000
56470  46.882  -39.322  44.889 0.0000000000
56489  50.074  -39.825  43.389 0.0000000000
56521  53.291  -38.778  40.110 0.0000000000
56522  52.973  -38.978  39.966 0.0000000000
56542  49.049  -38.719  40.667 0.0000000000
57597  49.508  -39.652  45.633 0.0000000000
57598  49.198  -39.385  45.637 0.0000000000
57613  50.036  -39.579  45.262 0.0000000000
57614  49.518  -39.211  45.291 0.0000000000
57630  50.015  -39.259  44.937 0.0000000000
57631  49.600  -38.859  44.562 0.0000000000
57632  46.739  -38.341  44.647 0.0000000000
57644  49.047  -38.127  43.285 0.0000000000
57671  49.036  -38.635  42.222 0.0000000000
57688  53.953  -37.909  40.418 0.0000000000
57692  48.671  -38.232  40.968 0.0000000000
57702  53.987  -38.764  40.023 0.0000000000
57703  52.433  -38.784  39.889 0.0000000000
58813  47.124  -37.767  44.846 0.0000000000
58826  49.130  -38.121  44.438 0.0000000000
58828  47.276  -37.249  44.669 0.0000000000
58843  49.030  -37.898  43.833 0.0000000000
58856  48.358  -37.507  42.475 0.0000000000
58857  47.950  -37.109  42.079 0.0000000000
58895  47.756  -36.821  40.973 0.0000000000
58908  51.545  -37.975  39.903 0.0000000000
59946  48.048  -37.169  44.569 0.0000000000
59957  47.268  -36.627  44.080 0.0000000000
59972  47.692  -36.668  43.235 0.0000000000
59985  47.978  -36.906  42.661 0.0000000000
60001  53.099  -36.069  41.190 0.0000000000
60004  46.921  -35.965  41.576 0.0000000000
61044  47.018  -36.143  42.377 0.0000000000
61060  53.302  -35.528  41.319 0.0000000000
61061  52.590  -35.522  41.490 0.0000000000
61087  47.732  -35.844  40.663 0.0000000000
62118  46.024  -34.508  41.476 0.0000000000
62129  49.095  -34.785  40.918 0.0000000000
63127  51.592  -32.860  42.543 0.0000000000
63128  51.301  -32.867  42.530 0.0000000000
63129  50.747  -32.848  42.402 0.0000000000
63134  53.644  -33.178  41.675 0.0000000000
63136  52.702  -33.338  42.245 0.0000000000
63138  50.948  -33.317  42.447 0.0000000000
63141  48.085  -33.076  41.644 0.0000000000
63153  53.466  -33.990  41.673 0.0000000000
63154  49.443  -33.523  41.896 0.0000000000
63157  46.789  -34.178  41.322 0.0000000000
63158  46.276  -34.377  41.405 0.0000000000
63167  54.867  -32.640  40.397 0.0000000000
63297  57.154  -34.150  30.678 0.0000000000
63313  58.540  -33.074  29.294 0.0000000000
63314  57.844  -33.452  29.616 0.0000000000
63345  56.579  -33.428  28.153 0.0000000000
64218  52.091  -32.375  42.346 0.0000000000
64219  51.661  -32.575  42.464 0.0000000000
64229  51.996  -32.678  42.488 0.0000000000
64230  49.603  -32.468  41.921 0.0000000000
64231  48.587  -32.461  41.699 0.0000000000
64253  54.729  -32.581  40.677 0.0000000000
64262  56.197  -31.660  39.279 0.0000000000
64263  55.854  -31.925  39.528 0.0000000000
64292  57.308  -31.802  37.519 0.0000000000
64416  58.974  -32.130  30.963 0.0000000000
64447  59.477  -32.001  28.730 0.0000000000
65280  52.153  -32.185  42.257 0.0000000000
65282  51.459  -32.154  42.223 0.0000000000
65283  50.913  -32.169  42.124 0.0000000000
65288  53.793  -31.990  41.604 0.0000000000
65289  53.332  -32.006  41.820 0.0000000000
65291  51.894  -31.798  42.056 0.0000000000
65292  51.250  -31.816  41.956 0.0000000000
65293  50.371  -31.971  41.852 0.0000000000
65296  47.269  -32.184  41.207 0.0000000000
65310  55.879  -30.954  39.761 0.0000000000
65367  57.176  -31.396  38.044 0.0000000000
65409  57.975  -31.618  36.149 0.0000000000
65516  59.944  -30.779  29.398 0.0000000000
65538  59.959  -30.833  29.157 0.0000000000
65539  59.746  -31.293  28.829 0.0000000000
65557  59.503  -31.167  28.385 0.0000000000
66405  52.449  -31.418  41.678 0.0000000000
66409  49.478  -31.619  41.226 0.0000000000
66414  55.148  -30.962  40.402 0.0000000000
66415  54.457  -31.048  40.806 0.0000000000
66417  51.854  -31.143  41.303 0.0000000000
66418  50.981  -31.200  41.186 0.0000000000
66428  55.953  -30.674  39.593 0.0000000000
66448  56.182  -30.458  39.258 0.0000000000
66449  52.357  -30.503  40.230 0.0000000000
66452  49.640  -31.494  39.437 0.0000000000
66453  48.634  -31.716  39.681 0.0000000000
66484  57.632  -30.104  36.993 0.0000000000
66486  52.957  -30.130  37.761 0.0000000000
66497  52.921  -30.198  37.374 0.0000000000
66498  52.291  -30.507  37.105 0.0000000000
66568  59.882  -30.632  29.764 0.0000000000
66588  59.876  -30.520  28.395 0.0000000000
66608  59.441  -30.571  28.036 0.0000000000
67548  52.599  -31.125  41.382 0.0000000000
67558  53.584  -30.423  40.629 0.0000000000
67559  52.583  -30.836  41.114 0.0000000000
67560  52.239  -30.878  41.038 0.0000000000
67571  55.777  -30.259  39.479 0.0000000000
67572  55.261  -30.116  39.715 0.0000000000
67573  54.844  -30.217  40.059 0.0000000000
67576  52.387  -30.715  40.910 0.0000000000
67587  56.115  -29.924  39.030 0.0000000000
67590  53.591  -29.798  39.355 0.0000000000
67597  56.932  -29.792  38.106 0.0000000000
67600  53.583  -29.735  38.603 0.0000000000
67601  53.064  -30.068  38.946 0.0000000000
67606  57.581  -29.853  36.865 0.0000000000
67625  58.731  -29.126  34.790 0.0000000000
67630  52.567  -30.511  35.520 0.0000000000
67675  60.165  -29.494  29.967 0.0000000000
67676  59.957  -29.691  30.369 0.0000000000
68742  54.361  -30.217  40.188 0.0000000000
68752  54.806  -30.024  39.844 0.0000000000
68753  54.230  -29.962  39.957 0.0000000000
68768  56.675  -29.583  38.101 0.0000000000
68811  58.883  -28.937  34.387 0.0000000000
68812  58.628  -28.801  34.695 0.0000000000
68901  60.809  -28.619  28.340 0.0000000000
69909  58.251  -28.581  34.700 0.0000000000
69924  58.528  -28.655  34.407 0.0000000000
69936  58.766  -28.638  33.864 0.0000000000
69939  57.621  -27.961  32.978 0.0000000000
70009  60.842  -27.354  28.805 0.0000000000
70052  61.150  -27.287  27.650 0.0000000000
71132  57.987  -27.106  32.008 0.0000000000
72254  59.410  -26.373  30.886 0.0000000000
