#!ascii label  , from subject mmSR20151113 vox2ras=TkReg
1255
62048  27.381  -34.215  47.593 0.0000000000
55266  38.827  -39.654  51.853 0.0000000000
79680  40.322  -18.420  27.964 0.0000000000
63182  34.312  -33.358  39.815 0.0000000000
58816  40.795  -37.281  45.038 0.0000000000
90741  51.762  -6.887  20.329 0.0000000000
73381  40.409  -23.790  29.101 0.0000000000
69998  35.011  -26.515  30.519 0.0000000000
55364  22.084  -40.468  44.972 0.0000000000
59891  34.502  -36.588  51.564 0.0000000000
55349  33.916  -40.046  45.926 0.0000000000
59978  29.575  -36.682  43.201 0.0000000000
86948  46.300  -11.804  23.502 0.0000000000
58745  29.919  -35.920  54.143 0.0000000000
56374  24.798  -37.520  51.809 0.0000000000
81914  46.667  -15.474  26.345 0.0000000000
53073  20.613  -42.257  49.588 0.0000000000
46035  16.922  -47.660  48.325 0.0000000000
69906  35.334  -27.466  36.785 0.0000000000
61034  37.082  -35.037  43.406 0.0000000000
55421  39.245  -40.629  40.795 0.0000000000
50877  36.367  -43.023  42.580 0.0000000000
68884  40.258  -26.362  30.193 0.0000000000
70044  37.053  -25.840  29.298 0.0000000000
69983  37.398  -25.859  31.860 0.0000000000
73366  43.499  -24.087  29.882 0.0000000000
61024  24.588  -35.373  44.585 0.0000000000
57651  23.138  -38.398  43.397 0.0000000000
58806  23.691  -36.825  46.782 0.0000000000
62016  31.059  -34.724  49.734 0.0000000000
59932  31.511  -36.098  46.714 0.0000000000
62058  28.567  -34.257  46.130 0.0000000000
61052  27.212  -34.892  41.800 0.0000000000
80818  40.360  -16.904  26.634 0.0000000000
78582  42.937  -19.109  29.361 0.0000000000
80816  42.696  -16.928  27.305 0.0000000000
81918  43.156  -15.323  25.439 0.0000000000
57513  24.428  -37.551  54.337 0.0000000000
56378  21.364  -39.399  51.390 0.0000000000
55255  21.820  -40.197  53.426 0.0000000000
45960  19.397  -47.379  53.199 0.0000000000
48506  18.775  -46.283  50.461 0.0000000000
44764  16.669  -48.329  49.870 0.0000000000
43567  13.964  -49.639  50.585 0.0000000000
42340  13.650  -50.212  52.408 0.0000000000
63130  38.637  -32.942  44.490 0.0000000000
59962  39.470  -36.582  44.368 0.0000000000
58874  38.491  -38.209  41.755 0.0000000000
56494  40.230  -39.374  43.341 0.0000000000
55388  32.429  -40.440  42.668 0.0000000000
53148  34.768  -42.209  44.095 0.0000000000
53214  33.544  -41.754  40.772 0.0000000000
52081  35.717  -43.143  40.491 0.0000000000
66475  34.666  -30.620  38.655 0.0000000000
68808  33.588  -28.716  35.730 0.0000000000
64327  32.736  -32.476  36.831 0.0000000000
94555  53.838  -3.558  18.638 0.0000000000
92600  51.660  -6.079  18.015 0.0000000000
76494  40.092  -21.306  29.049 0.0000000000
73384  37.442  -23.994  28.159 0.0000000000
76491  43.282  -21.108  29.496 0.0000000000
57541  35.821  -38.636  51.295 0.0000000000
54219  36.419  -40.454  48.897 0.0000000000
57575  33.602  -38.572  48.530 0.0000000000
57636  31.476  -38.268  44.595 0.0000000000
56513  30.743  -39.001  41.173 0.0000000000
86937  49.013  -11.239  25.973 0.0000000000
87954  49.113  -9.619  24.108 0.0000000000
88900  49.274  -8.791  21.717 0.0000000000
89823  50.025  -8.463  19.541 0.0000000000
59908  28.870  -35.422  51.127 0.0000000000
59919  25.586  -36.262  49.901 0.0000000000
57523  27.870  -36.732  53.287 0.0000000000
59884  33.217  -35.350  53.661 0.0000000000
83892  46.008  -13.977  24.775 0.0000000000
57577  21.760  -38.258  48.058 0.0000000000
53105  20.993  -41.637  47.637 0.0000000000
49709  19.514  -44.705  46.221 0.0000000000
51891  20.735  -43.358  51.760 0.0000000000
48551  18.706  -45.699  48.081 0.0000000000
41132  10.363  -52.357  54.492 0.0000000000
71101  37.467  -25.453  34.712 0.0000000000
64271  35.684  -31.520  40.685 0.0000000000
64237  37.550  -32.417  42.916 0.0000000000
62122  35.429  -34.446  41.786 0.0000000000
58876  37.658  -37.315  41.203 0.0000000000
56546  38.617  -39.672  39.904 0.0000000000
54386  39.107  -41.908  38.257 0.0000000000
51933  36.879  -41.934  47.529 0.0000000000
51988  39.077  -42.429  45.356 0.0000000000
53160  40.159  -41.150  43.893 0.0000000000
53181  39.129  -42.116  42.007 0.0000000000
52097  37.985  -42.806  39.389 0.0000000000
69949  34.626  -26.699  33.583 0.0000000000
68831  32.779  -28.360  31.970 0.0000000000
68842  39.806  -26.204  31.232 0.0000000000
68863  38.282  -26.182  30.697 0.0000000000
69982  38.445  -25.902  31.880 0.0000000000
68859  41.624  -26.331  30.497 0.0000000000
62070  25.951  -34.528  45.952 0.0000000000
59953  24.078  -36.105  45.133 0.0000000000
61004  25.415  -35.211  47.101 0.0000000000
62036  28.244  -34.287  48.481 0.0000000000
62034  30.537  -34.623  47.931 0.0000000000
62059  27.573  -34.090  46.465 0.0000000000
62077  26.755  -34.245  44.752 0.0000000000
79698  39.363  -17.854  27.084 0.0000000000
79679  41.373  -18.368  28.318 0.0000000000
79695  43.063  -17.654  27.951 0.0000000000
79696  41.993  -17.614  27.789 0.0000000000
80817  41.563  -16.834  27.090 0.0000000000
44726  18.166  -48.299  52.483 0.0000000000
45978  17.957  -48.118  51.616 0.0000000000
44738  16.815  -48.867  51.644 0.0000000000
44750  14.761  -48.991  50.286 0.0000000000
43551  15.144  -49.365  51.777 0.0000000000
42356  13.556  -50.119  51.529 0.0000000000
61008  39.544  -35.507  45.563 0.0000000000
59961  40.074  -36.939  44.491 0.0000000000
58847  39.991  -37.947  43.630 0.0000000000
57648  40.506  -38.558  43.748 0.0000000000
54196  39.145  -40.514  50.941 0.0000000000
55409  32.243  -40.630  41.427 0.0000000000
54340  32.880  -41.392  41.083 0.0000000000
54353  33.010  -41.513  40.161 0.0000000000
53234  34.071  -42.329  39.214 0.0000000000
64289  34.212  -32.304  39.161 0.0000000000
65376  33.627  -31.341  37.910 0.0000000000
90739  51.593  -7.364  20.525 0.0000000000
92579  52.826  -5.528  21.626 0.0000000000
92587  52.494  -5.602  20.807 0.0000000000
93553  52.554  -4.976  19.411 0.0000000000
91670  51.591  -6.654  18.935 0.0000000000
74397  40.727  -23.019  29.086 0.0000000000
75402  38.978  -22.325  28.507 0.0000000000
73382  39.395  -23.815  28.962 0.0000000000
70020  36.434  -26.169  29.979 0.0000000000
71199  36.421  -25.712  28.487 0.0000000000
70045  35.782  -26.297  28.714 0.0000000000
72316  41.937  -24.561  29.466 0.0000000000
74396  41.784  -22.962  29.283 0.0000000000
76492  42.282  -21.160  29.377 0.0000000000
56476  22.782  -39.252  44.664 0.0000000000
51996  21.016  -42.172  44.740 0.0000000000
58752  35.234  -37.262  51.939 0.0000000000
56387  34.740  -38.560  49.801 0.0000000000
58765  33.834  -37.332  50.099 0.0000000000
59942  30.698  -36.101  45.813 0.0000000000
58804  31.676  -37.135  46.126 0.0000000000
58834  30.520  -37.234  44.294 0.0000000000
56485  31.006  -38.580  42.949 0.0000000000
57662  29.949  -37.716  41.918 0.0000000000
60010  29.097  -36.401  41.979 0.0000000000
58927  37.286  -38.046  38.913 0.0000000000
86942  47.496  -11.789  24.792 0.0000000000
87950  49.156  -10.179  25.181 0.0000000000
86946  47.879  -10.761  24.111 0.0000000000
87965  48.266  -9.270  21.855 0.0000000000
88906  48.538  -9.031  20.707 0.0000000000
88909  49.817  -8.572  20.354 0.0000000000
59895  29.642  -35.783  53.079 0.0000000000
58759  28.510  -35.949  51.969 0.0000000000
58746  29.095  -36.158  53.761 0.0000000000
59874  31.783  -35.754  54.655 0.0000000000
59893  31.474  -35.005  52.730 0.0000000000
83880  47.693  -14.031  25.918 0.0000000000
82922  46.599  -14.916  25.651 0.0000000000
82926  43.031  -14.802  24.670 0.0000000000
57557  25.295  -37.101  51.032 0.0000000000
58790  23.296  -36.954  48.691 0.0000000000
57559  23.495  -37.407  50.541 0.0000000000
54214  20.396  -40.990  50.220 0.0000000000
55313  20.575  -40.136  49.554 0.0000000000
53088  20.794  -42.013  48.617 0.0000000000
50816  20.297  -43.392  47.030 0.0000000000
50800  20.315  -43.520  48.095 0.0000000000
51868  21.059  -43.584  53.648 0.0000000000
47282  18.125  -46.899  49.393 0.0000000000
47298  18.517  -46.400  49.141 0.0000000000
47299  17.953  -46.948  48.396 0.0000000000
47317  17.811  -46.720  47.131 0.0000000000
66456  36.259  -30.134  40.208 0.0000000000
62074  38.013  -34.569  44.336 0.0000000000
64223  38.075  -32.358  43.474 0.0000000000
63132  37.461  -33.644  43.589 0.0000000000
63162  36.784  -33.091  42.549 0.0000000000
62104  36.276  -34.880  42.700 0.0000000000
61069  36.570  -36.124  41.675 0.0000000000
59993  37.373  -36.572  42.232 0.0000000000
56511  39.190  -39.513  41.866 0.0000000000
57695  38.561  -38.938  40.863 0.0000000000
56545  38.947  -40.173  40.235 0.0000000000
55436  39.060  -40.732  39.418 0.0000000000
54367  39.116  -41.819  39.282 0.0000000000
54229  34.879  -40.274  47.616 0.0000000000
53067  36.594  -41.061  48.500 0.0000000000
53098  35.442  -41.331  46.690 0.0000000000
52021  35.473  -42.734  43.164 0.0000000000
51989  36.330  -42.471  44.970 0.0000000000
50843  37.640  -42.630  44.175 0.0000000000
53147  40.076  -41.712  44.653 0.0000000000
52019  38.642  -42.448  43.427 0.0000000000
52018  39.274  -42.080  42.932 0.0000000000
52041  37.850  -42.747  42.467 0.0000000000
52100  35.727  -43.382  39.479 0.0000000000
52079  37.280  -43.061  40.277 0.0000000000
69918  35.924  -26.402  35.906 0.0000000000
69948  35.856  -26.013  33.935 0.0000000000
69932  34.711  -26.939  34.868 0.0000000000
66523  32.651  -30.127  34.910 0.0000000000
68824  32.875  -28.492  33.147 0.0000000000
94572  54.177  -3.629  17.915 0.0000000000
70064  40.139  -25.568  29.472 0.0000000000
71210  38.717  -24.994  29.053 0.0000000000
70018  38.317  -26.112  29.818 0.0000000000
68887  37.620  -26.100  30.269 0.0000000000
69997  36.048  -26.169  30.895 0.0000000000
71195  42.911  -25.432  29.958 0.0000000000
71196  41.771  -25.365  29.594 0.0000000000
58851  23.691  -36.871  43.560 0.0000000000
58820  23.353  -37.686  44.974 0.0000000000
56464  22.615  -39.270  45.603 0.0000000000
60963  32.571  -35.414  50.637 0.0000000000
59914  32.429  -36.254  48.945 0.0000000000
60973  31.823  -35.258  49.198 0.0000000000
60994  30.343  -34.967  46.762 0.0000000000
61010  29.073  -35.233  44.974 0.0000000000
61035  28.561  -35.413  43.145 0.0000000000
62076  27.543  -34.520  44.195 0.0000000000
61037  26.332  -34.500  43.094 0.0000000000
85869  44.778  -12.314  22.554 0.0000000000
58735  29.410  -36.486  54.946 0.0000000000
79676  44.386  -18.256  28.793 0.0000000000
80814  44.600  -16.914  27.674 0.0000000000
80832  44.480  -16.417  26.874 0.0000000000
81916  45.165  -15.611  25.787 0.0000000000
81901  43.263  -15.904  26.119 0.0000000000
80835  41.270  -16.228  26.210 0.0000000000
56352  24.169  -37.930  53.043 0.0000000000
57549  22.864  -38.006  51.359 0.0000000000
56363  23.209  -38.332  52.401 0.0000000000
56365  21.287  -39.791  51.864 0.0000000000
54200  20.567  -41.340  51.333 0.0000000000
48494  20.341  -45.644  52.078 0.0000000000
47247  18.993  -47.032  51.878 0.0000000000
45996  18.099  -47.207  50.601 0.0000000000
46016  16.811  -48.059  49.234 0.0000000000
44783  15.138  -48.646  48.631 0.0000000000
62073  38.578  -34.527  44.923 0.0000000000
61032  38.710  -36.033  44.127 0.0000000000
59977  38.233  -36.728  43.124 0.0000000000
59976  38.743  -36.813  43.470 0.0000000000
57660  39.257  -38.646  42.697 0.0000000000
55408  39.524  -40.424  42.048 0.0000000000
54283  32.967  -40.456  43.980 0.0000000000
53134  34.515  -41.228  44.926 0.0000000000
54299  33.599  -41.618  43.254 0.0000000000
53182  33.852  -42.091  42.528 0.0000000000
52062  35.092  -42.658  41.846 0.0000000000
52060  36.343  -43.281  41.303 0.0000000000
52082  35.003  -42.728  40.703 0.0000000000
53233  34.494  -42.862  38.917 0.0000000000
67612  34.637  -29.419  37.903 0.0000000000
68795  34.202  -28.481  36.484 0.0000000000
67613  33.970  -29.532  37.098 0.0000000000
66502  33.136  -30.578  36.582 0.0000000000
94529  54.153  -3.079  20.327 0.0000000000
93565  52.591  -4.868  18.374 0.0000000000
77545  40.315  -20.237  28.980 0.0000000000
78586  38.602  -19.859  27.953 0.0000000000
76495  39.086  -21.419  28.559 0.0000000000
71211  37.760  -25.025  28.764 0.0000000000
72322  36.534  -24.980  27.498 0.0000000000
74393  44.679  -22.791  29.706 0.0000000000
75396  44.848  -21.953  29.639 0.0000000000
77541  44.481  -20.068  29.916 0.0000000000
77543  42.582  -20.165  29.396 0.0000000000
77544  41.511  -20.204  29.227 0.0000000000
55268  37.637  -39.408  51.706 0.0000000000
54198  37.649  -40.029  50.740 0.0000000000
55285  36.258  -39.439  50.769 0.0000000000
55312  35.081  -39.454  48.925 0.0000000000
55329  33.854  -39.553  47.265 0.0000000000
58786  32.658  -37.258  48.251 0.0000000000
57601  32.669  -38.407  46.647 0.0000000000
56474  32.608  -39.227  45.339 0.0000000000
55373  31.969  -39.700  43.136 0.0000000000
56512  31.281  -39.427  41.680 0.0000000000
56547  31.183  -39.739  39.802 0.0000000000
88890  50.656  -8.625  24.051 0.0000000000
87959  48.260  -9.687  23.011 0.0000000000
88896  49.396  -8.870  22.550 0.0000000000
88898  50.560  -8.365  22.285 0.0000000000
88903  50.544  -8.281  21.536 0.0000000000
89819  51.011  -8.020  20.616 0.0000000000
89822  50.837  -7.883  19.177 0.0000000000
90745  51.171  -7.324  18.613 0.0000000000
62026  27.916  -34.676  49.399 0.0000000000
60985  26.374  -35.178  49.063 0.0000000000
59917  27.075  -35.594  50.527 0.0000000000
57555  26.318  -36.585  51.322 0.0000000000
57545  25.777  -37.129  51.842 0.0000000000
57509  27.933  -36.807  54.203 0.0000000000
57525  26.003  -37.260  53.411 0.0000000000
58736  25.736  -36.729  54.547 0.0000000000
55240  38.436  -38.802  53.002 0.0000000000
56348  37.263  -38.725  52.789 0.0000000000
57521  36.327  -38.118  53.009 0.0000000000
58744  35.247  -36.863  53.098 0.0000000000
59872  33.928  -36.053  54.063 0.0000000000
59883  34.000  -35.683  53.091 0.0000000000
60956  31.817  -34.982  51.328 0.0000000000
62012  30.512  -34.874  50.870 0.0000000000
84800  50.070  -12.709  27.209 0.0000000000
85849  48.341  -12.356  25.907 0.0000000000
84822  45.897  -13.214  24.169 0.0000000000
82924  44.917  -15.077  25.203 0.0000000000
83893  45.321  -13.872  24.358 0.0000000000
84823  45.148  -13.205  23.690 0.0000000000
59927  24.495  -36.332  48.378 0.0000000000
58798  22.814  -37.550  47.276 0.0000000000
56450  22.263  -39.207  46.253 0.0000000000
57571  21.642  -38.285  49.967 0.0000000000
55331  21.228  -39.862  47.484 0.0000000000
53122  21.277  -41.368  45.979 0.0000000000
51979  20.643  -42.673  46.389 0.0000000000
50834  19.822  -44.235  45.435 0.0000000000
54168  21.019  -41.657  53.210 0.0000000000
51905  20.521  -43.279  50.793 0.0000000000
49655  19.827  -44.952  49.892 0.0000000000
50784  20.261  -43.751  49.086 0.0000000000
49684  19.026  -45.183  47.572 0.0000000000
42306  12.412  -51.115  54.260 0.0000000000
71121  38.762  -25.568  33.620 0.0000000000
68783  35.844  -28.226  38.459 0.0000000000
67602  35.606  -29.363  39.164 0.0000000000
65333  34.971  -31.476  39.897 0.0000000000
63181  34.693  -32.780  40.159 0.0000000000
64258  36.827  -31.677  41.669 0.0000000000
63172  35.691  -32.687  41.405 0.0000000000
62134  34.936  -34.380  41.139 0.0000000000
61091  35.635  -35.930  40.687 0.0000000000
60030  36.768  -36.887  40.521 0.0000000000
58914  37.464  -38.106  39.702 0.0000000000
58875  38.065  -37.599  41.610 0.0000000000
57696  38.165  -38.664  40.460 0.0000000000
56560  38.523  -39.512  38.719 0.0000000000
56559  38.871  -40.175  38.643 0.0000000000
54385  39.250  -41.419  37.890 0.0000000000
57619  41.559  -38.605  45.455 0.0000000000
53051  38.156  -40.959  49.488 0.0000000000
51913  38.651  -41.504  48.614 0.0000000000
51950  39.823  -41.870  47.514 0.0000000000
51973  35.629  -42.016  45.530 0.0000000000
50794  37.706  -42.406  46.589 0.0000000000
53114  40.365  -41.894  46.271 0.0000000000
53131  40.606  -41.337  45.270 0.0000000000
54281  40.817  -40.789  44.892 0.0000000000
56482  41.029  -39.466  44.140 0.0000000000
54318  40.192  -40.507  43.515 0.0000000000
54319  39.754  -40.876  42.977 0.0000000000
53193  39.260  -41.639  40.915 0.0000000000
52059  37.108  -43.047  41.528 0.0000000000
53211  38.555  -42.420  40.539 0.0000000000
53210  39.047  -42.010  40.134 0.0000000000
54368  38.831  -42.210  38.979 0.0000000000
69947  37.120  -25.685  33.341 0.0000000000
69966  35.462  -26.186  32.616 0.0000000000
69985  35.160  -26.304  31.554 0.0000000000
68816  34.052  -27.598  34.758 0.0000000000
69950  33.700  -27.430  33.379 0.0000000000
69986  34.037  -26.853  31.327 0.0000000000
90751  50.993  -7.145  17.788 0.0000000000
69980  40.451  -26.013  31.888 0.0000000000
69981  39.461  -25.959  31.856 0.0000000000
69963  39.089  -25.809  32.436 0.0000000000
68841  40.720  -26.263  31.191 0.0000000000
62060  26.610  -34.295  46.732 0.0000000000
61011  25.343  -35.058  46.247 0.0000000000
62050  25.797  -34.995  47.417 0.0000000000
62047  28.498  -34.103  47.305 0.0000000000
78596  38.692  -18.666  27.225 0.0000000000
78584  40.755  -19.195  28.767 0.0000000000
79697  40.802  -17.599  27.538 0.0000000000
43549  16.799  -49.154  52.244 0.0000000000
43564  16.401  -49.025  51.618 0.0000000000
43565  15.741  -49.083  51.272 0.0000000000
43550  16.003  -49.290  52.042 0.0000000000
59948  40.846  -36.988  45.472 0.0000000000
59949  40.223  -36.521  45.287 0.0000000000
58832  40.459  -37.562  44.389 0.0000000000
57635  40.918  -38.232  44.262 0.0000000000
55251  40.181  -39.510  52.172 0.0000000000
54181  39.424  -40.055  51.527 0.0000000000
55422  32.370  -40.940  40.059 0.0000000000
54369  32.816  -41.479  39.215 0.0000000000
64290  33.654  -32.760  38.492 0.0000000000
91665  52.410  -6.241  21.316 0.0000000000
91666  52.054  -6.298  20.574 0.0000000000
92588  52.186  -5.665  19.967 0.0000000000
91669  51.778  -6.423  19.743 0.0000000000
74398  39.709  -23.073  28.857 0.0000000000
70021  34.813  -26.921  29.327 0.0000000000
73380  41.430  -23.778  29.283 0.0000000000
55363  22.411  -39.926  44.966 0.0000000000
54288  22.168  -40.435  44.306 0.0000000000
54289  21.840  -40.959  44.588 0.0000000000
53153  21.447  -41.596  44.155 0.0000000000
53139  21.370  -41.499  45.102 0.0000000000
58757  34.605  -37.342  50.854 0.0000000000
58758  34.112  -36.915  50.755 0.0000000000
59964  29.624  -36.328  44.096 0.0000000000
59951  30.318  -36.585  44.779 0.0000000000
58835  30.075  -36.997  44.019 0.0000000000
58863  30.283  -37.537  43.239 0.0000000000
58864  29.843  -37.242  42.663 0.0000000000
58877  29.388  -36.986  41.618 0.0000000000
59994  29.327  -36.575  42.506 0.0000000000
86941  48.117  -11.219  25.044 0.0000000000
86947  47.124  -11.253  23.871 0.0000000000
88911  48.347  -9.058  19.716 0.0000000000
59887  29.775  -35.866  53.754 0.0000000000
59875  31.075  -35.901  54.781 0.0000000000
59886  30.579  -35.617  53.999 0.0000000000
80851  46.108  -15.910  26.724 0.0000000000
82915  47.149  -15.062  26.209 0.0000000000
82921  47.267  -14.602  25.945 0.0000000000
81915  45.975  -15.596  25.996 0.0000000000
57546  24.988  -37.367  51.450 0.0000000000
58772  24.073  -37.212  50.468 0.0000000000
57547  24.233  -37.490  51.319 0.0000000000
54213  20.491  -41.570  50.330 0.0000000000
54221  20.516  -41.270  49.528 0.0000000000
51939  20.575  -42.915  48.790 0.0000000000
46034  17.471  -47.334  48.619 0.0000000000
47300  17.402  -47.315  48.203 0.0000000000
47318  17.156  -47.312  47.478 0.0000000000
62085  37.496  -34.456  43.856 0.0000000000
62086  37.101  -34.199  43.465 0.0000000000
62103  36.659  -34.551  43.116 0.0000000000
61049  36.784  -35.765  42.525 0.0000000000
61048  37.439  -36.330  42.766 0.0000000000
56527  39.210  -40.029  41.429 0.0000000000
56528  38.904  -39.592  41.065 0.0000000000
54351  39.274  -41.318  40.115 0.0000000000
54240  34.691  -40.410  46.978 0.0000000000
54239  35.203  -40.808  47.203 0.0000000000
54256  34.539  -40.654  46.126 0.0000000000
50862  35.846  -42.851  42.978 0.0000000000
50845  36.371  -42.820  43.672 0.0000000000
50860  36.712  -42.938  43.144 0.0000000000
50858  38.031  -42.582  43.692 0.0000000000
50859  37.442  -42.823  43.202 0.0000000000
50876  36.911  -43.030  42.397 0.0000000000
69905  36.234  -26.599  36.616 0.0000000000
69919  35.401  -26.724  35.842 0.0000000000
68909  39.591  -26.211  29.888 0.0000000000
70042  39.746  -25.908  29.663 0.0000000000
68910  39.060  -26.227  29.925 0.0000000000
68844  37.921  -26.044  31.260 0.0000000000
68864  37.469  -26.076  30.728 0.0000000000
68865  36.783  -26.050  30.688 0.0000000000
68846  36.561  -26.023  31.082 0.0000000000
71194  43.551  -25.024  30.141 0.0000000000
68883  41.068  -26.337  30.074 0.0000000000
68907  40.804  -26.180  29.830 0.0000000000
70063  40.774  -25.683  29.574 0.0000000000
59944  24.266  -36.180  46.241 0.0000000000
58836  23.640  -36.864  44.555 0.0000000000
58819  23.676  -36.878  45.619 0.0000000000
57622  23.013  -38.511  45.322 0.0000000000
58807  23.154  -37.646  46.024 0.0000000000
60964  31.811  -35.051  50.247 0.0000000000
60972  32.397  -35.571  49.822 0.0000000000
62023  31.074  -34.820  48.766 0.0000000000
62046  29.689  -34.454  46.916 0.0000000000
62045  30.385  -34.764  47.193 0.0000000000
62057  29.290  -34.753  45.803 0.0000000000
61009  29.590  -35.319  45.378 0.0000000000
62066  29.124  -34.995  45.307 0.0000000000
62075  28.267  -34.870  44.307 0.0000000000
62067  28.546  -34.739  45.039 0.0000000000
62078  25.984  -34.312  44.977 0.0000000000
62089  26.141  -34.299  44.378 0.0000000000
61038  25.445  -34.707  43.889 0.0000000000
78581  43.885  -19.012  29.579 0.0000000000
79677  43.454  -18.324  28.712 0.0000000000
79694  44.009  -17.595  28.111 0.0000000000
80815  43.715  -16.958  27.468 0.0000000000
80833  43.444  -16.443  26.767 0.0000000000
81900  44.029  -16.072  26.323 0.0000000000
57527  24.344  -37.808  53.747 0.0000000000
56353  23.402  -38.626  53.271 0.0000000000
56364  22.067  -39.283  52.414 0.0000000000
55270  21.712  -39.996  52.976 0.0000000000
55271  21.067  -40.331  52.266 0.0000000000
48473  20.112  -46.662  53.195 0.0000000000
48484  20.101  -46.465  52.737 0.0000000000
44747  17.245  -48.218  50.479 0.0000000000
45997  17.825  -47.917  50.976 0.0000000000
44763  17.134  -48.082  49.791 0.0000000000
44782  15.644  -48.464  48.902 0.0000000000
44765  15.788  -48.528  49.518 0.0000000000
43577  14.351  -49.266  50.188 0.0000000000
44766  14.605  -48.990  49.488 0.0000000000
42341  12.494  -50.937  52.337 0.0000000000
59950  39.568  -36.049  45.028 0.0000000000
62065  39.108  -34.545  45.522 0.0000000000
61018  39.021  -35.551  44.878 0.0000000000
61019  38.378  -35.363  44.425 0.0000000000
57659  39.767  -38.829  43.110 0.0000000000
58860  39.453  -38.185  43.193 0.0000000000
57675  39.340  -39.153  42.415 0.0000000000
56510  39.571  -39.672  42.499 0.0000000000
55372  32.536  -40.164  43.627 0.0000000000
54300  32.964  -40.872  43.381 0.0000000000
53197  33.451  -41.748  41.761 0.0000000000
53196  34.050  -42.058  41.516 0.0000000000
52063  34.504  -42.390  42.189 0.0000000000
52083  34.597  -42.373  41.339 0.0000000000
53213  34.255  -42.162  40.412 0.0000000000
66490  34.814  -30.019  38.385 0.0000000000
66491  34.235  -30.406  37.965 0.0000000000
64307  33.232  -32.434  37.785 0.0000000000
65377  33.094  -31.466  37.124 0.0000000000
92599  52.144  -5.480  17.824 0.0000000000
92606  51.864  -5.981  17.227 0.0000000000
77546  39.220  -20.412  28.520 0.0000000000
74399  38.706  -23.122  28.584 0.0000000000
75403  38.123  -22.422  28.038 0.0000000000
74400  37.769  -23.222  28.094 0.0000000000
73385  36.801  -24.287  27.545 0.0000000000
70066  38.364  -25.352  29.180 0.0000000000
71198  37.479  -25.471  28.969 0.0000000000
71200  35.830  -26.066  28.065 0.0000000000
71212  36.779  -25.196  28.299 0.0000000000
71213  36.068  -25.864  27.430 0.0000000000
73365  44.458  -23.654  29.981 0.0000000000
74382  45.113  -23.281  29.935 0.0000000000
73377  44.140  -23.155  29.726 0.0000000000
75398  43.022  -21.993  29.506 0.0000000000
75397  43.972  -21.961  29.621 0.0000000000
76490  44.241  -21.086  29.647 0.0000000000
77542  43.548  -20.116  29.627 0.0000000000
76493  41.206  -21.224  29.261 0.0000000000
56359  36.801  -38.762  52.035 0.0000000000
55284  36.861  -39.541  51.093 0.0000000000
56371  36.239  -38.970  51.316 0.0000000000
56386  35.224  -38.935  49.995 0.0000000000
56414  33.944  -39.080  48.297 0.0000000000
56429  33.856  -39.383  47.692 0.0000000000
56430  33.440  -38.964  47.581 0.0000000000
59924  31.975  -36.182  47.920 0.0000000000
59923  32.339  -36.655  48.247 0.0000000000
58787  32.320  -36.906  47.813 0.0000000000
57621  31.302  -37.743  45.019 0.0000000000
57602  32.290  -37.972  46.460 0.0000000000
57620  31.749  -38.058  45.466 0.0000000000
56463  32.320  -38.661  45.700 0.0000000000
56475  32.049  -38.966  44.789 0.0000000000
55362  32.143  -39.543  43.989 0.0000000000
56484  31.524  -38.807  43.728 0.0000000000
56496  30.883  -38.774  42.102 0.0000000000
56529  31.178  -39.617  40.765 0.0000000000
61036  27.439  -34.759  42.927 0.0000000000
61051  28.094  -35.327  41.917 0.0000000000
86936  49.878  -11.192  26.715 0.0000000000
87949  49.854  -9.681  25.448 0.0000000000
87953  49.632  -9.497  24.630 0.0000000000
88887  50.981  -8.720  24.930 0.0000000000
88891  49.926  -8.982  23.776 0.0000000000
87961  46.714  -10.395  22.370 0.0000000000
87960  47.418  -10.123  22.818 0.0000000000
88901  48.894  -8.903  21.294 0.0000000000
87964  48.819  -9.113  22.479 0.0000000000
88895  50.001  -8.756  22.761 0.0000000000
88899  49.971  -8.560  21.955 0.0000000000
89820  50.272  -8.423  20.382 0.0000000000
60975  28.257  -34.987  50.282 0.0000000000
60976  27.415  -35.036  49.938 0.0000000000
59909  28.094  -35.640  51.083 0.0000000000
58754  28.235  -36.456  52.835 0.0000000000
58760  27.794  -36.185  51.849 0.0000000000
57535  27.418  -36.582  52.357 0.0000000000
57544  26.641  -36.631  51.776 0.0000000000
57536  26.780  -36.880  52.538 0.0000000000
57495  28.701  -36.676  54.896 0.0000000000
57510  27.145  -36.852  54.288 0.0000000000
57511  26.240  -36.840  54.396 0.0000000000
57526  25.129  -37.434  53.611 0.0000000000
56338  37.842  -38.618  53.425 0.0000000000
58729  35.688  -37.393  53.518 0.0000000000
59873  32.911  -35.740  54.494 0.0000000000
60942  33.467  -35.290  52.990 0.0000000000
60948  33.128  -35.219  52.429 0.0000000000
60943  32.797  -35.051  53.069 0.0000000000
59901  30.098  -35.296  51.839 0.0000000000
60957  30.677  -35.004  51.508 0.0000000000
60966  29.428  -35.076  50.902 0.0000000000
62018  29.421  -34.745  50.308 0.0000000000
77547  38.191  -20.586  27.877 0.0000000000
83885  47.008  -14.079  25.518 0.0000000000
84809  48.084  -13.239  25.899 0.0000000000
84814  47.369  -13.252  25.421 0.0000000000
85852  47.104  -12.390  24.772 0.0000000000
84815  46.632  -13.372  24.854 0.0000000000
81917  44.196  -15.546  25.736 0.0000000000
82925  44.005  -14.901  25.022 0.0000000000
82938  43.858  -14.371  24.268 0.0000000000
83894  44.549  -13.836  23.923 0.0000000000
83895  43.761  -13.964  23.390 0.0000000000
59918  26.151  -35.744  49.807 0.0000000000
60986  25.852  -35.464  48.661 0.0000000000
59926  25.265  -35.977  48.821 0.0000000000
58783  22.988  -37.220  49.308 0.0000000000
58799  22.282  -37.885  47.701 0.0000000000
57587  22.432  -38.215  46.730 0.0000000000
56377  22.307  -38.516  51.458 0.0000000000
57560  22.456  -37.983  50.736 0.0000000000
56389  21.314  -38.925  50.507 0.0000000000
54230  20.760  -41.033  48.503 0.0000000000
55323  20.881  -40.003  48.371 0.0000000000
54245  21.114  -40.753  47.589 0.0000000000
54244  21.389  -40.442  46.914 0.0000000000
53104  21.216  -41.165  46.826 0.0000000000
51978  20.967  -42.050  45.701 0.0000000000
53123  20.976  -41.925  46.689 0.0000000000
50817  19.847  -44.062  46.545 0.0000000000
50833  20.239  -43.400  45.941 0.0000000000
53021  21.014  -42.584  53.411 0.0000000000
53029  20.835  -42.497  52.504 0.0000000000
53042  20.661  -42.408  51.553 0.0000000000
48495  19.885  -46.040  51.869 0.0000000000
48505  19.167  -46.008  50.884 0.0000000000
48536  18.982  -45.732  48.900 0.0000000000
48535  19.354  -45.437  49.507 0.0000000000
49669  19.546  -44.987  48.935 0.0000000000
50771  20.006  -44.442  49.285 0.0000000000
49683  19.432  -44.684  48.022 0.0000000000
49670  19.095  -45.230  48.353 0.0000000000
42322  12.963  -50.782  53.419 0.0000000000
41123  11.098  -51.758  54.794 0.0000000000
42307  11.583  -51.542  54.172 0.0000000000
69904  37.001  -26.291  36.765 0.0000000000
68773  36.197  -28.502  39.155 0.0000000000
68774  35.575  -28.760  38.683 0.0000000000
65319  36.364  -30.856  40.703 0.0000000000
65332  35.490  -30.965  40.061 0.0000000000
64272  35.013  -32.050  40.290 0.0000000000
64260  35.432  -32.206  40.944 0.0000000000
64249  37.076  -32.184  42.265 0.0000000000
62121  35.900  -34.599  42.287 0.0000000000
63163  36.080  -33.299  42.084 0.0000000000
63164  35.322  -33.562  41.497 0.0000000000
61071  35.214  -35.051  41.310 0.0000000000
60008  37.090  -36.703  41.468 0.0000000000
60009  36.487  -36.366  41.151 0.0000000000
58900  37.304  -37.442  40.545 0.0000000000
58862  38.381  -37.553  42.288 0.0000000000
59992  37.964  -36.858  42.518 0.0000000000
57710  38.285  -39.175  39.774 0.0000000000
54366  39.146  -41.291  38.801 0.0000000000
54210  37.300  -40.356  50.089 0.0000000000
53037  37.769  -40.545  49.986 0.0000000000
53052  37.444  -40.722  49.423 0.0000000000
53080  36.828  -41.501  48.138 0.0000000000
51914  37.929  -41.517  48.437 0.0000000000
51932  37.692  -41.921  47.665 0.0000000000
51930  39.214  -41.709  48.129 0.0000000000
51931  38.465  -41.845  47.864 0.0000000000
53149  34.282  -41.723  44.118 0.0000000000
53133  34.917  -41.792  44.762 0.0000000000
51991  35.286  -42.115  44.674 0.0000000000
50826  37.823  -42.572  45.101 0.0000000000
50811  37.299  -42.545  45.553 0.0000000000
50809  38.384  -42.495  46.078 0.0000000000
51970  38.780  -42.431  46.273 0.0000000000
51969  39.765  -42.198  46.292 0.0000000000
53113  40.731  -41.431  46.269 0.0000000000
53132  40.302  -41.891  45.618 0.0000000000
53146  40.328  -41.212  44.373 0.0000000000
55371  40.977  -40.201  44.505 0.0000000000
55386  40.610  -40.166  43.782 0.0000000000
52039  39.188  -42.111  42.319 0.0000000000
53180  39.365  -41.699  42.188 0.0000000000
54339  39.432  -41.097  41.486 0.0000000000
53194  38.992  -42.164  41.334 0.0000000000
52080  36.457  -43.318  40.405 0.0000000000
52078  37.982  -42.763  39.983 0.0000000000
53231  38.446  -42.488  39.380 0.0000000000
53230  38.916  -42.155  39.429 0.0000000000
71122  37.799  -25.578  33.632 0.0000000000
69946  37.627  -25.705  33.211 0.0000000000
71123  36.820  -25.594  34.145 0.0000000000
69967  34.314  -26.717  32.452 0.0000000000
68796  33.728  -28.952  36.279 0.0000000000
68807  34.059  -27.872  35.420 0.0000000000
69968  33.336  -27.463  32.249 0.0000000000
69987  33.213  -27.718  31.151 0.0000000000
94571  54.895  -3.631  17.506 0.0000000000
94585  55.275  -4.054  16.950 0.0000000000
90752  50.382  -7.632  17.473 0.0000000000
68861  40.077  -26.331  30.653 0.0000000000
68862  39.192  -26.291  30.673 0.0000000000
68843  38.860  -26.136  31.264 0.0000000000
61023  25.270  -34.826  45.223 0.0000000000
61012  24.710  -35.501  45.687 0.0000000000
61005  24.898  -35.618  46.702 0.0000000000
62024  30.250  -34.463  49.108 0.0000000000
62035  29.415  -34.234  48.234 0.0000000000
62068  27.628  -34.263  45.370 0.0000000000
62069  26.736  -34.194  45.701 0.0000000000
78583  41.910  -19.166  29.118 0.0000000000
79678  42.460  -18.359  28.554 0.0000000000
58738  24.424  -37.243  54.840 0.0000000000
57528  23.888  -38.240  53.998 0.0000000000
57514  23.741  -38.267  54.675 0.0000000000
44737  17.489  -48.556  51.798 0.0000000000
44748  16.464  -48.670  50.851 0.0000000000
44749  15.369  -48.838  50.426 0.0000000000
43566  14.804  -49.240  50.885 0.0000000000
43552  14.193  -49.739  51.507 0.0000000000
43537  14.612  -49.691  52.301 0.0000000000
42339  14.713  -49.875  53.118 0.0000000000
61007  40.106  -35.484  46.109 0.0000000000
58833  39.955  -37.243  44.035 0.0000000000
53235  33.548  -41.819  39.689 0.0000000000
65355  34.202  -31.297  38.605 0.0000000000
64306  33.756  -32.023  38.423 0.0000000000
89818  51.592  -7.473  20.966 0.0000000000
89814  52.242  -7.225  21.973 0.0000000000
90737  52.416  -6.710  21.666 0.0000000000
94530  53.440  -3.798  20.683 0.0000000000
93540  52.587  -5.051  20.253 0.0000000000
92596  51.928  -5.753  18.867 0.0000000000
92597  51.635  -6.292  18.514 0.0000000000
75401  39.930  -22.240  28.922 0.0000000000
73383  38.365  -23.855  28.704 0.0000000000
73379  42.610  -23.812  29.562 0.0000000000
73378  43.566  -23.387  29.706 0.0000000000
74395  42.806  -22.833  29.490 0.0000000000
75399  42.029  -22.080  29.325 0.0000000000
75400  40.978  -22.165  29.162 0.0000000000
56486  22.820  -39.157  43.711 0.0000000000
57533  35.966  -38.216  51.899 0.0000000000
57542  35.371  -38.196  51.108 0.0000000000
57554  34.343  -38.190  49.799 0.0000000000
57566  33.396  -37.849  49.098 0.0000000000
59941  31.292  -36.539  46.074 0.0000000000
58805  31.230  -36.839  45.689 0.0000000000
58818  30.964  -37.083  45.054 0.0000000000
57637  31.005  -37.794  44.481 0.0000000000
57649  31.200  -38.216  44.118 0.0000000000
57650  30.775  -37.973  43.659 0.0000000000
57661  30.438  -38.041  42.596 0.0000000000
57677  30.369  -38.312  41.584 0.0000000000
57697  30.321  -38.459  40.639 0.0000000000
57678  29.893  -37.781  41.067 0.0000000000
58916  36.431  -37.276  39.211 0.0000000000
86938  48.558  -11.779  25.890 0.0000000000
86940  48.686  -10.728  25.245 0.0000000000
87951  48.654  -10.372  24.700 0.0000000000
87955  48.359  -10.161  23.989 0.0000000000
87966  47.209  -9.845  21.686 0.0000000000
87969  47.752  -9.439  20.990 0.0000000000
88905  49.335  -8.724  20.853 0.0000000000
88910  49.196  -8.755  19.944 0.0000000000
88915  48.837  -8.861  19.230 0.0000000000
59902  29.223  -35.602  51.811 0.0000000000
59903  28.380  -35.856  51.688 0.0000000000
58753  28.735  -36.065  52.538 0.0000000000
58747  28.413  -36.498  53.371 0.0000000000
59885  31.903  -35.143  53.571 0.0000000000
59894  30.574  -35.250  52.613 0.0000000000
83879  48.415  -14.025  26.415 0.0000000000
83886  46.479  -14.200  25.204 0.0000000000
58780  25.454  -36.747  50.500 0.0000000000
58788  25.082  -36.514  49.731 0.0000000000
58781  24.736  -36.909  50.164 0.0000000000
58782  23.810  -37.046  49.872 0.0000000000
57570  22.361  -37.663  49.524 0.0000000000
55301  20.712  -39.885  50.614 0.0000000000
55314  20.438  -40.739  49.744 0.0000000000
51959  20.700  -42.608  47.614 0.0000000000
50801  19.895  -44.098  47.544 0.0000000000
53016  21.192  -42.681  54.336 0.0000000000
51880  20.916  -43.460  52.693 0.0000000000
47281  18.395  -46.571  50.058 0.0000000000
48521  18.948  -45.980  49.831 0.0000000000
48537  18.499  -46.210  48.453 0.0000000000
48552  18.317  -46.239  47.669 0.0000000000
67593  36.138  -29.363  39.724 0.0000000000
67592  36.668  -29.349  40.217 0.0000000000
66438  36.643  -30.304  40.583 0.0000000000
63125  38.387  -33.699  44.651 0.0000000000
63131  38.050  -33.358  43.974 0.0000000000
63147  37.703  -33.041  43.352 0.0000000000
64238  37.152  -32.762  42.679 0.0000000000
63148  37.085  -33.407  43.065 0.0000000000
63149  36.375  -33.916  42.726 0.0000000000
61070  35.902  -35.594  41.501 0.0000000000
61050  36.191  -35.256  42.268 0.0000000000
57676  38.969  -38.883  41.908 0.0000000000
54220  35.828  -40.233  48.734 0.0000000000
54227  36.048  -40.828  48.420 0.0000000000
53081  36.153  -41.427  47.783 0.0000000000
53097  35.832  -41.688  46.967 0.0000000000
52023  34.645  -42.443  43.418 0.0000000000
52006  35.147  -42.429  44.019 0.0000000000
52005  35.542  -42.632  43.771 0.0000000000
50827  37.154  -42.638  44.724 0.0000000000
50842  38.413  -42.504  44.530 0.0000000000
51987  39.713  -42.206  45.049 0.0000000000
52004  39.087  -42.326  44.468 0.0000000000
52003  39.447  -42.026  44.016 0.0000000000
53161  39.786  -41.445  43.592 0.0000000000
54298  40.044  -41.059  43.633 0.0000000000
52040  38.775  -42.379  42.158 0.0000000000
52099  36.585  -43.456  39.443 0.0000000000
52098  37.520  -43.099  39.224 0.0000000000
71102  36.618  -25.632  34.938 0.0000000000
71124  36.292  -25.770  34.472 0.0000000000
71103  36.017  -25.955  34.919 0.0000000000
69931  35.496  -26.314  35.013 0.0000000000
67631  33.038  -29.397  35.226 0.0000000000
67640  32.622  -29.468  34.058 0.0000000000
93580  53.448  -4.194  17.756 0.0000000000
72318  40.079  -24.487  29.127 0.0000000000
71209  39.693  -25.057  29.194 0.0000000000
70065  39.224  -25.464  29.376 0.0000000000
70043  38.540  -25.882  29.620 0.0000000000
68886  38.553  -26.214  30.104 0.0000000000
70019  37.775  -26.051  29.841 0.0000000000
72306  44.023  -24.509  30.251 0.0000000000
72307  43.203  -24.734  29.871 0.0000000000
70016  42.177  -26.214  30.271 0.0000000000
70039  42.110  -25.966  29.854 0.0000000000
72315  42.680  -24.497  29.659 0.0000000000
72317  41.016  -24.466  29.276 0.0000000000
58837  23.343  -37.643  43.964 0.0000000000
57638  23.090  -38.457  44.340 0.0000000000
55351  22.439  -39.752  45.513 0.0000000000
59900  33.077  -35.812  50.830 0.0000000000
59906  33.502  -36.671  50.298 0.0000000000
59907  33.013  -36.267  50.129 0.0000000000
59915  31.953  -35.735  48.606 0.0000000000
60992  31.472  -35.526  47.572 0.0000000000
60983  31.123  -35.085  47.846 0.0000000000
59933  30.945  -35.690  46.525 0.0000000000
61002  30.601  -35.412  46.465 0.0000000000
59952  29.951  -35.943  45.092 0.0000000000
61020  29.408  -35.643  44.768 0.0000000000
59979  29.151  -36.149  43.178 0.0000000000
61021  28.817  -35.386  44.236 0.0000000000
61022  28.132  -34.964  43.764 0.0000000000
62087  26.980  -34.421  43.515 0.0000000000
85868  45.394  -11.862  22.805 0.0000000000
86956  45.980  -11.238  22.661 0.0000000000
58734  30.413  -36.171  54.901 0.0000000000
58716  30.423  -36.824  55.821 0.0000000000
79675  45.352  -18.149  28.754 0.0000000000
79693  44.862  -17.472  28.186 0.0000000000
80831  45.471  -16.440  27.355 0.0000000000
80852  45.332  -16.025  26.459 0.0000000000
80853  44.663  -15.964  26.207 0.0000000000
80834  42.416  -16.332  26.566 0.0000000000
81902  42.235  -15.765  25.809 0.0000000000
81903  41.179  -15.824  25.257 0.0000000000
56362  24.082  -37.829  52.376 0.0000000000
56375  24.122  -37.694  51.820 0.0000000000
55286  20.765  -40.269  51.304 0.0000000000
54201  20.478  -40.940  50.779 0.0000000000
53058  20.532  -42.369  50.554 0.0000000000
48483  20.444  -45.859  52.557 0.0000000000
47262  19.265  -46.547  51.633 0.0000000000
47263  18.679  -46.724  51.083 0.0000000000
46015  17.552  -47.506  49.589 0.0000000000
46036  15.934  -48.252  48.532 0.0000000000
61033  37.802  -35.882  43.564 0.0000000000
59991  38.480  -37.163  42.814 0.0000000000
58861  38.849  -37.908  42.754 0.0000000000
58848  39.429  -37.453  43.584 0.0000000000
55360  33.511  -40.212  45.175 0.0000000000
54269  34.136  -40.665  45.326 0.0000000000
54282  33.634  -40.818  44.305 0.0000000000
54321  33.029  -41.317  42.313 0.0000000000
54320  33.436  -41.753  42.605 0.0000000000
53163  34.332  -42.244  43.453 0.0000000000
52045  34.512  -42.462  43.002 0.0000000000
52044  35.006  -42.637  42.725 0.0000000000
52043  35.623  -42.879  42.474 0.0000000000
50894  36.350  -43.216  41.997 0.0000000000
52061  35.736  -43.066  41.586 0.0000000000
53212  34.589  -42.602  39.742 0.0000000000
52101  35.056  -43.020  39.600 0.0000000000
69896  35.380  -27.918  37.410 0.0000000000
69907  34.800  -27.920  36.588 0.0000000000
68785  34.576  -28.805  37.320 0.0000000000
67621  33.801  -29.114  36.557 0.0000000000
67622  33.383  -29.557  36.292 0.0000000000
66492  33.547  -30.538  37.293 0.0000000000
67614  33.490  -30.039  36.836 0.0000000000
66512  32.841  -30.422  35.698 0.0000000000
94540  53.554  -3.573  19.641 0.0000000000
93552  52.940  -4.335  20.001 0.0000000000
93564  53.115  -4.211  18.964 0.0000000000
92605  52.342  -5.477  17.046 0.0000000000
78585  39.330  -19.183  28.062 0.0000000000
76496  38.286  -21.599  28.064 0.0000000000
72319  39.056  -24.467  29.046 0.0000000000
72320  38.059  -24.509  28.730 0.0000000000
72321  37.163  -24.652  28.211 0.0000000000
74394  43.717  -22.699  29.626 0.0000000000
55267  38.276  -39.542  51.807 0.0000000000
54183  38.159  -39.865  51.250 0.0000000000
55283  37.330  -39.590  51.279 0.0000000000
54199  36.998  -40.042  50.442 0.0000000000
55299  36.569  -39.783  50.428 0.0000000000
56372  35.788  -39.014  50.786 0.0000000000
55311  35.541  -39.603  49.277 0.0000000000
55322  34.784  -39.729  48.311 0.0000000000
55328  34.265  -39.822  47.585 0.0000000000
55340  33.590  -39.507  46.639 0.0000000000
58766  33.330  -36.902  50.006 0.0000000000
58777  33.129  -37.241  49.335 0.0000000000
57576  33.238  -38.161  48.465 0.0000000000
58796  32.192  -37.005  47.059 0.0000000000
57586  32.466  -37.618  47.081 0.0000000000
57585  32.770  -38.107  47.331 0.0000000000
56447  32.966  -38.919  46.593 0.0000000000
55350  33.148  -39.565  45.738 0.0000000000
55361  32.798  -39.896  44.619 0.0000000000
56495  31.430  -39.201  42.620 0.0000000000
55389  31.832  -39.906  42.136 0.0000000000
55410  31.626  -39.987  41.290 0.0000000000
55423  31.707  -40.228  40.438 0.0000000000
55438  31.678  -40.388  39.342 0.0000000000
59995  28.882  -35.950  42.354 0.0000000000
60011  28.796  -36.071  41.403 0.0000000000
62142  34.278  -34.365  40.001 0.0000000000
89803  51.830  -8.231  24.570 0.0000000000
86955  46.784  -10.703  22.971 0.0000000000
87956  47.804  -10.366  23.593 0.0000000000
87958  48.885  -9.363  23.234 0.0000000000
88894  50.601  -8.536  23.141 0.0000000000
89808  51.242  -8.338  23.627 0.0000000000
89812  51.230  -8.194  22.718 0.0000000000
89816  51.111  -7.960  21.864 0.0000000000
88904  50.048  -8.456  21.051 0.0000000000
90742  51.502  -7.306  19.676 0.0000000000
62037  27.120  -34.661  48.706 0.0000000000
62038  26.469  -34.898  48.492 0.0000000000
62027  27.349  -34.806  49.370 0.0000000000
60977  26.755  -35.257  49.789 0.0000000000
58778  26.488  -35.943  50.539 0.0000000000
58767  27.491  -35.948  51.324 0.0000000000
58768  26.808  -36.202  51.175 0.0000000000
58779  26.062  -36.273  50.508 0.0000000000
58770  25.683  -36.888  50.960 0.0000000000
56360  25.352  -37.423  52.167 0.0000000000
57508  28.577  -36.562  54.127 0.0000000000
57496  28.232  -36.844  55.218 0.0000000000
57524  26.965  -36.939  53.383 0.0000000000
57537  26.064  -37.243  52.649 0.0000000000
56350  25.438  -37.478  52.664 0.0000000000
56351  24.946  -37.646  52.892 0.0000000000
58737  25.182  -36.790  54.601 0.0000000000
58721  25.476  -36.416  54.809 0.0000000000
59876  24.965  -36.613  54.811 0.0000000000
55238  39.714  -39.084  52.607 0.0000000000
55239  38.945  -38.949  52.779 0.0000000000
55254  37.905  -39.136  52.304 0.0000000000
56349  36.798  -38.556  52.773 0.0000000000
57505  36.650  -38.260  53.504 0.0000000000
58743  35.718  -37.577  52.611 0.0000000000
59871  34.606  -36.307  53.481 0.0000000000
59882  34.703  -36.344  52.552 0.0000000000
59892  34.102  -35.908  52.106 0.0000000000
60954  33.570  -35.570  51.918 0.0000000000
60955  32.931  -35.353  51.503 0.0000000000
60950  31.338  -34.978  52.144 0.0000000000
62011  31.023  -34.794  50.687 0.0000000000
62017  30.131  -34.670  50.300 0.0000000000
62025  29.087  -34.491  49.588 0.0000000000
85845  50.357  -12.142  27.207 0.0000000000
85847  49.644  -12.166  26.790 0.0000000000
84808  48.774  -13.213  26.468 0.0000000000
85848  48.998  -12.347  26.373 0.0000000000
85851  47.705  -12.349  25.389 0.0000000000
85858  46.479  -12.420  24.064 0.0000000000
82923  45.742  -15.109  25.403 0.0000000000
82936  45.497  -14.543  24.897 0.0000000000
82937  44.722  -14.457  24.602 0.0000000000
85859  45.618  -12.335  23.353 0.0000000000
85860  44.994  -12.757  23.190 0.0000000000
60996  25.617  -35.360  47.941 0.0000000000
59934  25.118  -35.758  47.941 0.0000000000
59935  24.563  -36.111  47.541 0.0000000000
58789  24.333  -36.568  49.134 0.0000000000
58797  23.829  -36.674  47.977 0.0000000000
57603  22.599  -38.498  46.195 0.0000000000
56449  22.551  -39.024  46.020 0.0000000000
55352  22.157  -40.093  45.688 0.0000000000
57548  23.419  -37.721  51.294 0.0000000000
57578  21.481  -38.351  48.993 0.0000000000
56402  20.940  -39.014  49.260 0.0000000000
56417  21.120  -39.044  48.141 0.0000000000
56416  21.361  -38.926  47.659 0.0000000000
56431  21.575  -39.216  47.127 0.0000000000
55341  21.781  -39.970  46.521 0.0000000000
54274  21.737  -40.865  45.408 0.0000000000
51997  20.677  -42.788  45.329 0.0000000000
50851  20.325  -43.509  44.919 0.0000000000
55256  21.279  -40.712  53.172 0.0000000000
54184  20.795  -41.476  52.371 0.0000000000
51921  20.457  -43.145  49.791 0.0000000000
50738  20.939  -44.425  52.909 0.0000000000
50748  20.703  -44.253  52.004 0.0000000000
48520  19.380  -45.509  50.169 0.0000000000
49654  20.070  -44.644  50.670 0.0000000000
50760  20.396  -44.096  51.115 0.0000000000
50770  20.287  -44.094  50.054 0.0000000000
50785  19.914  -44.250  48.510 0.0000000000
49695  19.463  -44.674  47.074 0.0000000000
48563  18.657  -45.707  47.299 0.0000000000
48564  18.342  -46.174  46.555 0.0000000000
49696  19.020  -45.336  46.570 0.0000000000
42321  14.046  -50.418  53.705 0.0000000000
42323  11.848  -51.403  53.237 0.0000000000
71139  39.515  -25.731  32.720 0.0000000000
68784  35.222  -28.487  37.942 0.0000000000
67603  35.120  -29.350  38.560 0.0000000000
66474  35.161  -30.189  39.019 0.0000000000
66473  35.653  -30.110  39.618 0.0000000000
65353  35.275  -30.602  39.517 0.0000000000
65354  34.823  -31.156  39.342 0.0000000000
64288  34.666  -31.870  39.748 0.0000000000
64273  34.562  -32.473  39.856 0.0000000000
65318  36.942  -31.088  41.278 0.0000000000
64259  36.196  -31.718  41.268 0.0000000000
64250  36.381  -32.273  41.758 0.0000000000
63173  34.891  -33.235  40.698 0.0000000000
63174  34.460  -33.836  40.296 0.0000000000
61093  34.459  -34.892  40.225 0.0000000000
61092  34.971  -35.451  40.476 0.0000000000
60031  36.109  -36.415  40.517 0.0000000000
60046  36.455  -36.977  39.884 0.0000000000
58915  36.915  -37.547  39.617 0.0000000000
60007  37.697  -36.971  41.777 0.0000000000
58898  38.269  -38.271  41.079 0.0000000000
58899  37.835  -38.030  40.655 0.0000000000
57711  37.907  -38.670  39.707 0.0000000000
57721  38.185  -39.024  38.907 0.0000000000
55454  39.223  -40.890  37.879 0.0000000000
58815  41.230  -37.647  45.457 0.0000000000
54197  38.470  -40.347  50.806 0.0000000000
53035  38.947  -40.744  50.264 0.0000000000
53050  38.768  -40.986  49.658 0.0000000000
53066  37.281  -41.174  48.647 0.0000000000
51898  38.262  -41.286  48.954 0.0000000000
51896  39.052  -41.233  49.340 0.0000000000
51949  40.354  -41.510  47.876 0.0000000000
53117  34.616  -40.997  45.542 0.0000000000
53115  35.615  -41.735  46.297 0.0000000000
51955  36.021  -42.055  46.395 0.0000000000
51972  36.288  -42.332  45.618 0.0000000000
51953  37.401  -42.270  46.971 0.0000000000
51952  38.182  -42.298  46.915 0.0000000000
51968  40.382  -41.738  46.937 0.0000000000
54254  41.165  -40.971  46.642 0.0000000000
55359  41.311  -40.219  45.401 0.0000000000
56472  41.587  -39.714  45.614 0.0000000000
56473  41.387  -39.467  45.041 0.0000000000
57634  41.210  -38.583  44.701 0.0000000000
57647  40.996  -38.791  44.039 0.0000000000
56483  40.755  -39.182  43.725 0.0000000000
55387  40.002  -40.120  43.184 0.0000000000
50893  36.684  -43.212  41.814 0.0000000000
52058  38.109  -42.656  41.214 0.0000000000
53195  38.615  -42.431  41.164 0.0000000000
53209  39.266  -41.657  40.276 0.0000000000
54352  39.238  -41.691  39.955 0.0000000000
54387  38.973  -42.127  38.671 0.0000000000
53254  38.056  -42.849  38.828 0.0000000000
71140  38.941  -25.732  32.947 0.0000000000
69964  37.944  -25.765  32.762 0.0000000000
69965  36.679  -25.842  32.652 0.0000000000
69984  36.331  -25.989  31.657 0.0000000000
69920  34.689  -27.508  36.035 0.0000000000
69933  34.080  -27.368  34.222 0.0000000000
68817  33.433  -28.247  34.515 0.0000000000
91673  51.403  -6.676  18.215 0.0000000000
90758  50.902  -7.163  16.913 0.0000000000
43548  17.362  -49.059  52.749 0.0000000000
43553  13.591  -50.064  51.000 0.0000000000
46014  18.010  -47.007  49.909 0.0000000000
46017  16.334  -48.286  49.298 0.0000000000
47236  19.851  -46.877  53.018 0.0000000000
47246  19.536  -46.835  52.405 0.0000000000
49627  20.818  -45.355  53.157 0.0000000000
49639  20.626  -45.156  52.226 0.0000000000
50795  37.309  -42.446  46.296 0.0000000000
50796  36.851  -42.465  45.871 0.0000000000
50810  37.939  -42.501  46.072 0.0000000000
50812  36.727  -42.534  45.205 0.0000000000
50825  38.423  -42.510  45.568 0.0000000000
50828  36.477  -42.663  44.438 0.0000000000
50829  36.007  -42.716  43.993 0.0000000000
50844  36.972  -42.819  43.897 0.0000000000
50846  35.896  -42.787  43.456 0.0000000000
50861  36.200  -42.896  43.082 0.0000000000
50875  37.367  -42.887  42.606 0.0000000000
50878  36.020  -42.981  42.670 0.0000000000
50895  36.026  -43.114  42.267 0.0000000000
51897  38.700  -41.267  49.182 0.0000000000
51912  39.296  -41.430  48.946 0.0000000000
51915  37.315  -41.631  48.106 0.0000000000
51934  36.277  -41.955  47.098 0.0000000000
51951  39.072  -42.140  47.213 0.0000000000
51954  36.696  -42.257  46.575 0.0000000000
51971  38.334  -42.455  46.354 0.0000000000
51974  35.273  -41.863  45.180 0.0000000000
51990  35.831  -42.414  44.613 0.0000000000
52020  38.002  -42.667  43.201 0.0000000000
52022  34.956  -42.562  43.427 0.0000000000
52042  37.297  -42.926  42.273 0.0000000000
52057  38.662  -42.428  41.489 0.0000000000
53036  38.295  -40.613  50.166 0.0000000000
53049  39.449  -41.124  49.579 0.0000000000
53053  36.945  -40.666  48.996 0.0000000000
53064  39.640  -41.364  49.141 0.0000000000
53065  37.827  -41.137  48.993 0.0000000000
53082  35.632  -41.204  47.333 0.0000000000
53116  35.102  -41.419  45.746 0.0000000000
53162  34.750  -42.413  43.656 0.0000000000
53183  33.427  -41.762  42.311 0.0000000000
53232  37.987  -42.806  39.135 0.0000000000
53252  39.018  -42.229  37.999 0.0000000000
54167  39.958  -39.807  51.821 0.0000000000
54182  38.696  -40.042  51.371 0.0000000000
54211  36.722  -40.235  49.735 0.0000000000
54212  36.143  -39.976  49.315 0.0000000000
54222  20.384  -40.930  49.899 0.0000000000
54228  35.462  -40.598  48.013 0.0000000000
54255  35.043  -40.915  46.539 0.0000000000
54261  21.592  -40.680  46.210 0.0000000000
54297  40.405  -40.788  43.934 0.0000000000
55252  39.346  -39.480  52.177 0.0000000000
55253  38.432  -39.121  52.494 0.0000000000
55269  37.189  -39.303  51.617 0.0000000000
55287  20.526  -40.509  50.622 0.0000000000
55300  36.036  -39.576  50.054 0.0000000000
55302  20.443  -40.521  50.121 0.0000000000
55321  35.346  -39.908  48.619 0.0000000000
55330  21.462  -39.923  46.969 0.0000000000
55339  34.179  -39.985  46.755 0.0000000000
56337  38.539  -38.642  53.413 0.0000000000
56347  37.882  -38.871  52.747 0.0000000000
56358  37.275  -39.026  52.008 0.0000000000
56361  24.792  -37.606  52.282 0.0000000000
56373  25.231  -37.385  51.815 0.0000000000
56376  23.324  -37.974  51.808 0.0000000000
56388  21.960  -38.426  50.848 0.0000000000
56400  35.119  -39.205  49.336 0.0000000000
56401  34.616  -38.930  49.201 0.0000000000
56415  33.532  -38.715  48.230 0.0000000000
56432  21.291  -39.309  47.575 0.0000000000
56448  32.594  -38.607  46.250 0.0000000000
56462  32.733  -39.003  45.909 0.0000000000
56465  22.424  -39.621  45.757 0.0000000000
56493  40.585  -39.684  43.622 0.0000000000
57512  25.153  -37.171  54.208 0.0000000000
57520  36.760  -38.469  53.078 0.0000000000
57522  28.485  -36.520  53.628 0.0000000000
57534  35.561  -37.849  51.764 0.0000000000
57543  27.212  -36.427  51.933 0.0000000000
57553  34.799  -38.162  50.271 0.0000000000
57556  25.937  -36.848  51.324 0.0000000000
57558  24.494  -37.274  50.870 0.0000000000
57561  21.828  -38.381  50.545 0.0000000000
57565  33.801  -38.235  49.114 0.0000000000
57567  25.100  -37.030  50.602 0.0000000000
57568  24.832  -37.141  50.641 0.0000000000
57569  23.162  -37.312  49.848 0.0000000000
57588  22.144  -38.374  47.059 0.0000000000
57604  22.352  -38.593  46.546 0.0000000000
58751  35.629  -37.728  52.074 0.0000000000
58761  27.086  -36.341  51.699 0.0000000000
58764  34.400  -37.759  50.243 0.0000000000
58769  26.031  -36.632  50.971 0.0000000000
58771  24.412  -37.130  50.439 0.0000000000
58776  33.527  -37.674  49.415 0.0000000000
58791  22.532  -37.525  48.432 0.0000000000
58795  32.478  -37.388  47.517 0.0000000000
58817  31.397  -37.381  45.460 0.0000000000
58831  41.003  -37.824  44.720 0.0000000000
58849  30.339  -37.356  43.745 0.0000000000
58850  29.942  -37.051  43.509 0.0000000000
59898  34.252  -36.763  51.050 0.0000000000
59899  33.744  -36.261  51.001 0.0000000000
59910  27.354  -35.839  51.059 0.0000000000
59916  27.709  -35.324  50.480 0.0000000000
59925  25.901  -35.601  49.090 0.0000000000
59943  30.060  -35.659  45.626 0.0000000000
59963  30.126  -36.802  44.308 0.0000000000
59965  29.003  -35.854  43.685 0.0000000000
60941  33.739  -35.452  52.905 0.0000000000
60947  33.690  -35.484  52.590 0.0000000000
60949  32.206  -34.972  52.423 0.0000000000
60958  29.914  -35.189  51.425 0.0000000000
60965  30.143  -34.964  51.004 0.0000000000
60967  28.721  -35.201  50.786 0.0000000000
60974  28.980  -34.868  50.395 0.0000000000
60982  31.542  -35.312  48.310 0.0000000000
60984  26.973  -34.947  49.396 0.0000000000
60993  30.902  -35.217  47.121 0.0000000000
60995  26.103  -35.111  48.396 0.0000000000
60997  25.113  -35.614  47.442 0.0000000000
61003  30.036  -35.229  46.128 0.0000000000
62033  31.076  -34.931  48.233 0.0000000000
62049  26.343  -34.725  47.776 0.0000000000
62061  25.877  -34.748  46.870 0.0000000000
62088  26.519  -34.299  43.944 0.0000000000
62135  34.570  -34.387  40.550 0.0000000000
66455  36.757  -29.900  40.539 0.0000000000
68794  34.932  -28.187  37.080 0.0000000000
68845  37.077  -25.958  31.182 0.0000000000
68860  40.900  -26.357  30.593 0.0000000000
68882  41.638  -26.356  30.176 0.0000000000
68885  39.475  -26.337  30.215 0.0000000000
68888  37.088  -26.054  30.392 0.0000000000
68908  40.344  -26.215  29.874 0.0000000000
69882  36.242  -27.932  38.629 0.0000000000
70017  41.661  -26.257  29.945 0.0000000000
70040  41.242  -25.973  29.740 0.0000000000
70041  40.520  -25.961  29.697 0.0000000000
71078  36.331  -26.053  35.685 0.0000000000
71079  35.800  -26.257  35.483 0.0000000000
71141  38.359  -25.700  33.192 0.0000000000
71197  41.150  -25.585  29.565 0.0000000000
71207  41.392  -24.917  29.382 0.0000000000
71208  40.770  -25.174  29.356 0.0000000000
72308  42.530  -24.963  29.656 0.0000000000
73367  43.017  -24.303  29.759 0.0000000000
74392  45.221  -22.463  29.733 0.0000000000
82935  46.086  -14.571  25.182 0.0000000000
88888  50.226  -9.105  24.717 0.0000000000
88892  49.452  -9.067  23.255 0.0000000000
89804  51.174  -8.465  24.263 0.0000000000
89824  49.310  -8.703  19.289 0.0000000000
90734  52.674  -6.893  22.126 0.0000000000
90735  52.229  -7.101  21.711 0.0000000000
90738  52.033  -6.998  21.079 0.0000000000
93579  54.184  -3.902  17.455 0.0000000000
93581  52.716  -4.967  17.443 0.0000000000
