#!ascii label  , from subject  vox2ras=TkReg coords=orig
188
93051  16.589  -5.419  -25.990 1.0000000000
92129  16.660  -6.487  -26.234 1.0000000000
93058  16.582  -5.152  -26.791 1.0000000000
94019  16.271  -4.432  -26.441 1.0000000000
93050  16.758  -5.827  -26.669 1.0000000000
95017  16.036  -3.728  -26.040 1.0000000000
93057  16.962  -5.559  -27.366 1.0000000000
92148  17.913  -5.980  -28.082 1.0000000000
92128  16.987  -6.529  -26.931 1.0000000000
95032  15.944  -2.697  -26.457 1.0000000000
95018  15.813  -2.929  -25.931 1.0000000000
94027  16.516  -4.475  -27.394 1.0000000000
95031  16.055  -3.344  -26.917 1.0000000000
94039  16.865  -4.214  -28.061 1.0000000000
93069  17.446  -5.503  -28.041 1.0000000000
94038  17.432  -4.546  -28.430 1.0000000000
93068  18.069  -5.443  -28.524 1.0000000000
97059  15.638  -1.291  -25.767 1.0000000000
96072  15.814  -2.134  -26.162 1.0000000000
95041  16.687  -3.519  -27.798 1.0000000000
96071  16.220  -2.259  -26.805 1.0000000000
95057  17.226  -3.574  -28.283 1.0000000000
94037  18.173  -4.480  -28.843 0.8750000000
98006  15.958  -0.404  -26.123 1.0000000000
97068  17.214  -1.388  -27.783 1.0000000000
97069  16.771  -1.441  -27.101 1.0000000000
97058  16.189  -1.364  -26.423 1.0000000000
96080  17.369  -1.930  -28.057 1.0000000000
96081  16.847  -2.434  -27.660 1.0000000000
96097  17.642  -2.474  -28.531 0.8750000000
96098  17.078  -3.014  -28.084 1.0000000000
95056  17.824  -3.623  -28.657 0.8750000000
98996  16.213  0.561  -26.654 1.0000000000
98016  17.028  -0.546  -27.538 1.0000000000
98005  16.571  -0.447  -26.846 1.0000000000
99010  17.093  -0.010  -27.934 1.0000000000
96110  18.123  -1.899  -29.038 1.0000000000
97084  17.498  -1.351  -28.401 1.0000000000
98015  17.288  -0.538  -28.159 1.0000000000
97098  17.889  -1.314  -28.949 1.0000000000
99949  15.902  1.564  -26.312 1.0000000000
100929  16.655  2.598  -27.683 1.0000000000
99959  16.320  1.554  -27.209 1.0000000000
99977  17.073  1.551  -28.351 1.0000000000
99978  16.695  1.550  -27.917 1.0000000000
99039  17.838  0.574  -29.108 1.0000000000
99994  17.545  1.567  -28.849 1.0000000000
99026  16.889  1.026  -28.124 1.0000000000
98044  18.142  -0.390  -29.335 1.0000000000
99025  17.251  0.527  -28.395 1.0000000000
101780  16.892  3.824  -27.621 1.0000000000
100946  17.245  2.584  -28.449 1.0000000000
104507  17.334  6.747  -27.844 1.0000000000
101812  17.583  3.541  -28.872 1.0000000000
100961  17.823  2.584  -29.107 1.0000000000
103542  17.410  5.950  -28.466 1.0000000000
102681  17.716  4.994  -29.239 1.0000000000
102698  17.735  4.127  -29.144 1.0000000000
92137  17.647  -6.528  -27.609 1.0000000000
90300  16.067  -8.363  -25.293 0.7500000000
91216  16.736  -7.204  -26.558 1.0000000000
91225  17.176  -7.561  -27.090 1.0000000000
92136  18.132  -7.065  -27.822 1.0000000000
96096  18.145  -3.046  -28.803 0.8750000000
97097  18.406  -1.336  -29.426 0.8750000000
100960  18.504  2.633  -29.298 1.0000000000
101811  18.052  3.541  -29.295 1.0000000000
105557  17.429  7.563  -27.278 0.8750000000
105571  17.581  7.455  -28.045 1.0000000000
104506  17.810  6.701  -28.564 1.0000000000
103541  18.083  5.480  -29.089 1.0000000000
91217  16.342  -7.494  -25.900 1.0000000000
94026  16.916  -4.907  -27.974 1.0000000000
93077  18.619  -5.153  -28.949 0.8750000000
96109  18.582  -2.490  -29.225 0.8750000000
99011  16.739  0.520  -27.606 1.0000000000
98030  17.620  -0.423  -28.775 1.0000000000
100919  16.083  2.547  -26.735 1.0000000000
100947  16.883  2.074  -28.151 1.0000000000
101781  16.393  3.385  -26.948 1.0000000000
100928  17.032  3.154  -28.039 1.0000000000
102682  17.376  4.725  -28.597 1.0000000000
101797  17.257  3.579  -28.337 1.0000000000
111278  18.792  12.537  -27.083 0.7500000000
105570  18.115  7.660  -28.434 1.0000000000
110380  18.508  12.049  -26.872 0.7500000000
86412  16.027  -12.717  -24.948 0.7500000000
85385  17.463  -12.887  -26.410 0.7500000000
86425  17.053  -12.370  -26.119 0.7500000000
87485  16.131  -12.117  -25.299 0.7500000000
87496  16.088  -11.074  -25.389 0.7500000000
88457  15.637  -10.696  -24.542 0.7500000000
87494  17.262  -11.407  -26.352 0.7500000000
88467  16.344  -10.564  -25.650 0.7500000000
90291  15.904  -9.103  -24.771 0.7500000000
89395  16.192  -9.896  -25.499 0.7500000000
90309  16.332  -9.395  -25.759 0.8750000000
90301  16.100  -9.226  -25.412 0.8750000000
87512  18.047  -11.278  -26.911 0.7500000000
89393  17.069  -9.865  -26.444 0.7500000000
90308  16.416  -8.753  -26.082 0.8750000000
88482  18.176  -10.136  -27.437 0.7500000000
89408  16.858  -9.273  -26.509 0.8750000000
91226  16.653  -7.924  -26.544 0.8750000000
89406  17.895  -9.177  -27.617 0.7500000000
90317  17.513  -8.484  -27.405 0.8750000000
90331  18.809  -8.424  -28.355 0.8750000000
90316  18.130  -8.448  -27.896 0.8750000000
91237  18.428  -7.599  -28.051 0.8750000000
92146  19.309  -6.521  -28.832 0.7500000000
92147  18.460  -6.533  -28.218 0.7500000000
93076  19.346  -5.516  -29.260 0.7500000000
94049  18.904  -4.481  -29.201 0.6250000000
97096  19.211  -1.470  -29.724 0.7500000000
99037  19.411  0.596  -29.642 0.6250000000
99038  18.547  0.598  -29.495 0.8750000000
99992  18.979  1.637  -29.397 0.7500000000
107506  17.702  9.194  -26.805 0.7500000000
99993  18.187  1.599  -29.293 0.8750000000
102697  18.072  4.592  -29.435 0.8750000000
101810  18.705  3.652  -29.336 0.8750000000
102696  18.938  4.511  -29.393 0.8750000000
103540  19.181  5.362  -29.017 0.8750000000
100959  19.312  2.720  -29.157 0.6250000000
106560  17.610  8.476  -27.740 0.8750000000
107523  17.667  9.231  -27.532 0.7500000000
104505  18.843  6.687  -28.643 0.7500000000
100945  19.798  3.128  -28.898 0.6250000000
101796  19.414  3.735  -29.129 0.7500000000
102680  19.747  4.491  -29.032 0.7500000000
108461  17.812  9.973  -26.473 0.6250000000
106559  18.403  8.602  -28.278 0.8750000000
107521  18.818  9.485  -28.266 0.7500000000
108460  17.980  10.525  -27.125 0.6250000000
108474  18.445  10.249  -27.837 0.7500000000
106558  19.239  8.702  -28.368 0.7500000000
108473  19.238  10.344  -28.249 0.7500000000
105568  19.586  8.105  -28.328 0.7500000000
105556  19.531  7.602  -28.349 0.7500000000
109441  18.551  11.307  -27.542 0.6250000000
109440  19.030  11.777  -27.883 0.6250000000
106557  19.996  8.614  -28.256 0.7500000000
110379  18.950  12.237  -27.504 0.6250000000
90318  16.946  -8.582  -26.831 0.8750000000
101795  20.089  3.714  -28.815 0.5000000000
107505  17.786  9.798  -27.361 0.8750000000
107522  18.013  9.349  -27.969 0.8750000000
104494  19.224  7.283  -28.449 0.7500000000
95064  19.250  -3.548  -29.387 0.6250000000
95055  18.473  -3.608  -28.993 0.7500000000
85368  16.413  -13.573  -25.167 0.7500000000
85353  16.122  -13.748  -24.363 0.7500000000
84436  17.478  -14.439  -25.994 0.7500000000
86411  16.502  -12.622  -25.527 0.7500000000
89385  15.849  -9.883  -24.960 0.7500000000
89424  18.463  -9.306  -28.104 0.6250000000
98043  18.859  -0.409  -29.735 0.7500000000
103558  18.169  5.067  -29.453 0.8750000000
91224  17.842  -7.622  -27.634 0.8750000000
93067  18.766  -5.820  -28.740 0.7500000000
87486  15.814  -11.625  -24.967 0.7500000000
85367  17.159  -13.468  -25.963 0.7500000000
85366  17.591  -13.906  -26.379 0.7500000000
86424  17.698  -12.275  -26.636 0.7500000000
87495  16.454  -11.538  -25.701 0.7500000000
88468  15.928  -10.613  -25.188 0.7500000000
88466  16.875  -10.576  -26.121 0.7500000000
89394  16.596  -9.745  -26.006 0.8750000000
88483  17.496  -10.429  -26.679 0.7500000000
89407  17.382  -9.430  -27.031 0.7500000000
89423  19.276  -9.309  -28.610 0.6250000000
91236  19.126  -7.471  -28.481 0.7500000000
105569  18.959  7.815  -28.460 0.7500000000
102679  20.477  4.289  -28.781 0.5000000000
109451  18.877  10.843  -28.045 0.7500000000
84438  16.362  -14.316  -24.757 0.7500000000
84437  16.822  -14.546  -25.295 0.7500000000
83524  16.732  -15.568  -24.843 0.6250000000
83523  17.486  -15.490  -25.490 0.6250000000
84454  17.844  -14.257  -26.554 0.6250000000
83509  16.303  -15.505  -24.405 0.6250000000
84424  16.471  -14.942  -24.701 0.6250000000
84425  16.201  -14.819  -24.278 0.6250000000
82463  15.963  -16.421  -23.893 0.5000000000
83510  15.973  -15.760  -23.892 0.5000000000
103557  18.473  5.036  -29.420 0.8750000000
100958  19.911  2.519  -28.861 0.5000000000
82450  15.996  -16.729  -23.901 0.5000000000
