#!ascii label  , from subject mmSR20151113 vox2ras=TkReg
259
24657  35.739  -68.327  -15.641 0.0000000000
28013  37.947  -65.108  -21.468 0.0000000000
24770  33.858  -68.131  -23.769 0.0000000000
23638  39.815  -69.864  -18.249 0.0000000000
23731  38.423  -69.620  -26.313 0.0000000000
23712  35.910  -69.466  -25.740 0.0000000000
20439  35.036  -72.449  -25.392 0.0000000000
27981  38.763  -66.345  -19.736 0.0000000000
25831  38.082  -67.107  -17.289 0.0000000000
25857  35.030  -67.942  -19.926 0.0000000000
24718  37.219  -69.094  -20.911 0.0000000000
24733  39.426  -68.375  -21.650 0.0000000000
26952  40.478  -66.844  -22.407 0.0000000000
23729  40.642  -69.216  -26.262 0.0000000000
26812  33.842  -65.977  -13.438 0.0000000000
26900  33.763  -66.029  -18.666 0.0000000000
25901  32.515  -67.357  -22.454 0.0000000000
23599  39.473  -70.307  -16.056 0.0000000000
21552  33.881  -71.621  -25.320 0.0000000000
27994  38.246  -65.408  -20.409 0.0000000000
27982  38.278  -65.998  -19.329 0.0000000000
24738  34.961  -68.260  -21.232 0.0000000000
24737  35.852  -68.561  -21.430 0.0000000000
23733  36.368  -69.885  -26.202 0.0000000000
24766  37.970  -68.300  -22.960 0.0000000000
24780  38.734  -67.907  -23.605 0.0000000000
25879  40.267  -67.353  -22.110 0.0000000000
25935  40.068  -67.546  -24.684 0.0000000000
26985  41.137  -66.322  -25.442 0.0000000000
27996  31.852  -65.663  -19.971 0.0000000000
26922  33.530  -66.785  -20.421 0.0000000000
26940  31.807  -66.702  -21.484 0.0000000000
22595  38.609  -70.835  -17.936 0.0000000000
23614  39.705  -70.094  -17.095 0.0000000000
27932  37.296  -66.004  -16.749 0.0000000000
25789  38.163  -67.553  -16.002 0.0000000000
23715  33.373  -69.930  -25.211 0.0000000000
24803  34.543  -69.323  -25.295 0.0000000000
22663  34.645  -70.744  -25.818 0.0000000000
22681  35.164  -71.267  -25.953 0.0000000000
21566  36.601  -71.398  -26.296 0.0000000000
25856  39.278  -67.639  -19.162 0.0000000000
24691  39.308  -68.361  -17.794 0.0000000000
26896  38.567  -67.024  -18.581 0.0000000000
27966  37.611  -65.945  -18.213 0.0000000000
28030  37.724  -65.211  -22.543 0.0000000000
25833  35.469  -67.657  -17.732 0.0000000000
24702  37.376  -69.344  -19.033 0.0000000000
23648  38.932  -70.266  -19.069 0.0000000000
24768  35.878  -68.459  -23.353 0.0000000000
23670  38.271  -69.291  -21.023 0.0000000000
24708  39.612  -68.883  -19.776 0.0000000000
25862  39.605  -67.997  -20.636 0.0000000000
27992  39.653  -66.681  -20.779 0.0000000000
28028  39.895  -65.817  -22.474 0.0000000000
23730  39.551  -69.370  -26.245 0.0000000000
25922  40.823  -66.952  -24.572 0.0000000000
28045  40.485  -65.974  -23.693 0.0000000000
28046  39.571  -65.594  -23.513 0.0000000000
26791  35.467  -66.873  -12.194 0.0000000000
25774  34.727  -67.186  -14.358 0.0000000000
27934  34.059  -66.252  -16.410 0.0000000000
26880  34.571  -66.656  -17.423 0.0000000000
25851  34.571  -67.134  -19.173 0.0000000000
25864  34.323  -67.691  -20.684 0.0000000000
25911  33.278  -67.912  -23.504 0.0000000000
24772  31.933  -68.389  -23.895 0.0000000000
24786  32.532  -68.854  -24.454 0.0000000000
24673  38.589  -68.133  -16.405 0.0000000000
25773  35.294  -67.866  -14.050 0.0000000000
24622  35.848  -68.561  -13.765 0.0000000000
24640  35.744  -68.454  -14.780 0.0000000000
28012  39.042  -65.606  -21.410 0.0000000000
24756  34.362  -68.056  -23.012 0.0000000000
24755  35.077  -68.317  -22.403 0.0000000000
24769  34.864  -68.305  -23.602 0.0000000000
23732  37.361  -69.800  -26.304 0.0000000000
24800  37.553  -68.749  -25.120 0.0000000000
24818  37.741  -69.251  -25.910 0.0000000000
24799  39.048  -68.001  -24.874 0.0000000000
24817  38.681  -68.838  -25.805 0.0000000000
25943  41.282  -67.381  -26.357 0.0000000000
26924  31.359  -66.235  -20.673 0.0000000000
22593  39.454  -70.369  -18.450 0.0000000000
22583  39.506  -70.607  -17.729 0.0000000000
23630  39.750  -69.914  -17.453 0.0000000000
27914  37.381  -65.552  -15.934 0.0000000000
23714  34.156  -69.925  -25.519 0.0000000000
22664  33.682  -70.651  -25.410 0.0000000000
21551  34.763  -71.725  -25.656 0.0000000000
21550  35.282  -72.011  -25.731 0.0000000000
21567  35.704  -71.667  -26.024 0.0000000000
20438  35.851  -72.571  -25.596 0.0000000000
26910  38.954  -66.927  -19.480 0.0000000000
25849  39.115  -67.707  -18.573 0.0000000000
26911  38.493  -66.588  -18.991 0.0000000000
27967  37.078  -65.272  -18.103 0.0000000000
27952  37.105  -65.560  -17.428 0.0000000000
24704  35.915  -68.162  -18.401 0.0000000000
24693  35.979  -68.154  -17.789 0.0000000000
24711  35.801  -68.312  -19.372 0.0000000000
23649  38.001  -69.677  -19.529 0.0000000000
23658  37.898  -69.372  -20.529 0.0000000000
24802  35.289  -69.111  -25.193 0.0000000000
24783  35.551  -68.638  -24.370 0.0000000000
24782  36.645  -68.588  -24.206 0.0000000000
24752  38.319  -68.588  -22.091 0.0000000000
24734  38.780  -68.985  -21.326 0.0000000000
24717  38.928  -69.290  -20.757 0.0000000000
24716  39.386  -68.901  -20.711 0.0000000000
26936  40.447  -67.113  -21.987 0.0000000000
26937  40.125  -67.080  -21.468 0.0000000000
26953  40.306  -66.384  -22.091 0.0000000000
28011  39.774  -66.233  -21.414 0.0000000000
28027  40.415  -66.309  -22.832 0.0000000000
20434  40.257  -72.755  -25.483 0.0000000000
22675  41.035  -70.185  -26.316 0.0000000000
21563  40.231  -70.982  -26.216 0.0000000000
22676  40.218  -70.006  -26.352 0.0000000000
24798  40.352  -67.763  -25.310 0.0000000000
24797  40.909  -67.488  -25.427 0.0000000000
28077  40.930  -65.779  -25.283 0.0000000000
28062  40.873  -65.841  -24.740 0.0000000000
28063  40.163  -65.627  -24.436 0.0000000000
26776  35.266  -66.335  -11.865 0.0000000000
26792  34.735  -66.547  -12.474 0.0000000000
25757  34.922  -67.264  -13.305 0.0000000000
26811  34.303  -66.549  -13.612 0.0000000000
27983  33.194  -65.626  -18.820 0.0000000000
27955  33.207  -65.392  -17.035 0.0000000000
27969  33.670  -65.753  -17.963 0.0000000000
27953  34.229  -66.346  -17.025 0.0000000000
26899  34.391  -66.648  -18.474 0.0000000000
26898  35.001  -67.203  -18.231 0.0000000000
26912  34.163  -66.908  -19.548 0.0000000000
26939  32.835  -66.861  -21.319 0.0000000000
26938  33.355  -67.090  -21.079 0.0000000000
25882  33.443  -67.360  -21.630 0.0000000000
25900  33.617  -67.753  -22.775 0.0000000000
25912  32.675  -67.787  -23.360 0.0000000000
23690  31.195  -69.337  -23.829 0.0000000000
24787  31.852  -69.170  -24.303 0.0000000000
25830  38.552  -67.485  -17.647 0.0000000000
24672  38.900  -68.369  -16.935 0.0000000000
25808  38.262  -67.527  -16.740 0.0000000000
25788  38.454  -67.535  -15.538 0.0000000000
27993  39.058  -66.195  -20.342 0.0000000000
24721  34.927  -68.153  -20.683 0.0000000000
24720  35.580  -68.394  -20.447 0.0000000000
24754  36.294  -68.590  -22.346 0.0000000000
23734  35.726  -69.915  -26.062 0.0000000000
24801  36.278  -68.961  -25.091 0.0000000000
23711  36.845  -69.344  -25.758 0.0000000000
24781  37.785  -68.282  -24.018 0.0000000000
24765  38.819  -68.135  -22.693 0.0000000000
25880  39.813  -67.941  -21.497 0.0000000000
25910  39.375  -67.733  -23.062 0.0000000000
25909  40.034  -67.335  -23.391 0.0000000000
25896  40.336  -67.138  -22.921 0.0000000000
24815  41.018  -68.071  -25.993 0.0000000000
27995  32.872  -65.866  -19.776 0.0000000000
26913  33.690  -66.261  -19.318 0.0000000000
26923  32.402  -66.259  -20.680 0.0000000000
26955  31.856  -67.094  -22.125 0.0000000000
22569  39.144  -71.025  -16.756 0.0000000000
23615  39.456  -69.804  -16.801 0.0000000000
26860  37.740  -66.708  -17.027 0.0000000000
26844  37.726  -66.684  -16.296 0.0000000000
26843  38.062  -66.663  -15.672 0.0000000000
24785  33.414  -68.677  -24.534 0.0000000000
24784  34.462  -68.697  -24.606 0.0000000000
23698  33.793  -69.245  -25.102 0.0000000000
23713  35.098  -69.884  -25.800 0.0000000000
22662  35.121  -70.393  -25.948 0.0000000000
22680  35.669  -70.613  -26.150 0.0000000000
22679  36.932  -70.555  -26.415 0.0000000000
24700  39.772  -68.889  -18.860 0.0000000000
24690  39.844  -69.094  -17.974 0.0000000000
26878  37.935  -66.707  -17.770 0.0000000000
26897  38.165  -66.524  -18.529 0.0000000000
27951  37.481  -66.191  -17.435 0.0000000000
27933  36.889  -65.207  -16.662 0.0000000000
25810  35.633  -67.958  -16.498 0.0000000000
24675  35.969  -68.499  -16.115 0.0000000000
25832  35.997  -68.215  -17.218 0.0000000000
23639  38.690  -70.507  -18.565 0.0000000000
22604  39.327  -70.294  -18.764 0.0000000000
24736  36.817  -68.833  -21.501 0.0000000000
24767  36.963  -68.479  -23.190 0.0000000000
24753  37.344  -68.662  -22.239 0.0000000000
23657  38.759  -69.573  -20.172 0.0000000000
23656  39.314  -69.552  -19.745 0.0000000000
25855  39.455  -67.875  -19.675 0.0000000000
26909  39.312  -67.217  -19.998 0.0000000000
26919  39.583  -67.274  -20.494 0.0000000000
20454  37.361  -72.101  -26.076 0.0000000000
22677  39.255  -70.264  -26.418 0.0000000000
25923  40.386  -67.236  -24.239 0.0000000000
26964  40.544  -66.605  -23.394 0.0000000000
25933  41.079  -67.101  -25.312 0.0000000000
26974  40.903  -66.503  -24.447 0.0000000000
28029  38.823  -65.426  -22.469 0.0000000000
28047  38.458  -65.464  -23.453 0.0000000000
26774  36.610  -66.659  -11.727 0.0000000000
26775  35.937  -66.634  -11.808 0.0000000000
25742  35.326  -67.259  -12.617 0.0000000000
25790  35.224  -67.720  -15.224 0.0000000000
27936  32.949  -65.348  -16.097 0.0000000000
27890  33.712  -66.030  -14.965 0.0000000000
26846  34.369  -66.638  -15.801 0.0000000000
26845  34.910  -67.193  -16.065 0.0000000000
26861  35.034  -67.167  -17.018 0.0000000000
26879  34.935  -67.024  -17.783 0.0000000000
25850  35.077  -67.581  -18.881 0.0000000000
25858  34.543  -67.438  -19.717 0.0000000000
26921  34.118  -67.245  -20.084 0.0000000000
25881  34.290  -67.913  -21.860 0.0000000000
25899  34.344  -67.993  -22.503 0.0000000000
24771  32.938  -68.180  -24.010 0.0000000000
23631  39.528  -69.132  -17.355 0.0000000000
24655  38.432  -67.972  -16.220 0.0000000000
24654  38.896  -68.700  -15.901 0.0000000000
20455  36.455  -72.123  -26.016 0.0000000000
21568  35.210  -71.646  -25.839 0.0000000000
22568  39.640  -70.394  -17.127 0.0000000000
22594  38.970  -70.719  -18.338 0.0000000000
22605  39.203  -70.478  -18.630 0.0000000000
23647  39.557  -69.808  -18.995 0.0000000000
23659  37.163  -69.103  -20.390 0.0000000000
23669  38.553  -69.356  -20.762 0.0000000000
24701  39.582  -68.429  -18.410 0.0000000000
24735  37.799  -69.058  -21.388 0.0000000000
24750  39.512  -68.229  -22.017 0.0000000000
24751  39.175  -68.348  -22.080 0.0000000000
24816  39.928  -68.483  -25.810 0.0000000000
25722  36.323  -67.082  -11.894 0.0000000000
25791  34.667  -67.056  -15.250 0.0000000000
25807  38.548  -67.787  -17.087 0.0000000000
25809  35.979  -68.292  -16.806 0.0000000000
25848  39.496  -68.098  -18.925 0.0000000000
25863  34.943  -68.085  -20.434 0.0000000000
25865  33.643  -67.271  -20.945 0.0000000000
25883  32.797  -67.135  -21.831 0.0000000000
25897  39.740  -67.834  -22.348 0.0000000000
25898  39.306  -68.020  -22.518 0.0000000000
25908  40.582  -66.924  -23.838 0.0000000000
25924  39.621  -67.567  -23.989 0.0000000000
25934  40.678  -67.273  -24.953 0.0000000000
26793  34.123  -66.107  -12.884 0.0000000000
26828  34.191  -66.531  -14.827 0.0000000000
26862  34.532  -66.695  -16.623 0.0000000000
26877  38.270  -66.935  -18.149 0.0000000000
26920  39.325  -66.832  -20.235 0.0000000000
26954  32.363  -67.008  -21.861 0.0000000000
27867  33.807  -66.053  -14.213 0.0000000000
27916  33.872  -66.156  -15.632 0.0000000000
27935  33.552  -65.782  -16.292 0.0000000000
27954  33.836  -65.922  -17.059 0.0000000000
27968  34.167  -66.230  -17.596 0.0000000000
