#!ascii label  , from subject mmSR20151113 vox2ras=TkReg
2108
21608  38.380  -71.408  -30.199 0.2000000030
22712  38.656  -70.789  -29.726 0.2000000030
22713  38.051  -70.790  -30.370 0.2000000030
23780  37.365  -69.658  -31.394 0.1000000015
22700  39.130  -70.411  -29.128 0.3000000119
23769  38.109  -70.364  -29.861 0.2000000030
22731  37.677  -70.606  -31.225 0.1000000015
21630  37.918  -71.615  -30.953 0.2000000030
23770  37.633  -69.838  -30.248 0.1000000015
24881  37.278  -68.642  -30.787 0.1000000015
25988  37.386  -67.773  -30.930 0.1000000015
23792  37.212  -69.608  -31.982 0.1000000015
28133  38.195  -65.842  -30.888 0.1000000015
26001  37.478  -67.744  -31.631 0.1000000015
27051  37.986  -66.743  -32.173 0.1000000015
29184  38.715  -65.006  -30.554 0.2000000030
28145  38.537  -66.052  -31.696 0.1000000015
24870  36.899  -68.273  -29.419 0.1000000015
25976  36.505  -67.431  -29.207 0.1000000015
24869  37.250  -68.958  -29.781 0.1000000015
27042  37.194  -66.946  -30.343 0.1000000015
28121  37.742  -65.412  -30.114 0.1000000015
30167  38.581  -63.631  -28.425 0.2000000030
29172  38.297  -64.644  -29.711 0.2000000030
30150  39.158  -63.013  -28.094 0.1000000015
29171  39.278  -64.312  -30.089 0.2000000030
31165  38.419  -61.782  -26.748 0.2000000030
32242  38.814  -61.117  -26.930 0.1000000015
33348  38.224  -60.306  -26.619 0.1000000015
25989  37.025  -67.682  -30.213 0.1000000015
27034  36.771  -66.790  -29.779 0.1000000015
28134  37.372  -66.302  -30.323 0.1000000015
31177  38.005  -62.598  -27.005 0.2000000030
32233  37.497  -60.901  -25.759 0.2000000030
33332  36.918  -59.701  -25.167 0.2000000030
33349  37.946  -60.232  -26.070 0.1000000015
34539  37.480  -59.535  -26.330 0.2000000030
28122  36.849  -65.861  -29.610 0.1000000015
29173  37.294  -64.986  -29.332 0.1000000015
30152  37.262  -63.359  -27.359 0.2000000030
30151  38.360  -63.129  -27.687 0.3000000119
35624  36.453  -58.190  -24.879 0.3000000119
35633  36.647  -58.447  -25.442 0.2000000030
35646  36.476  -58.484  -26.144 0.2000000030
33359  36.585  -60.057  -27.612 0.2000000030
31166  37.049  -62.235  -26.317 0.3000000119
30168  37.602  -63.878  -28.106 0.2000000030
35625  35.936  -58.396  -24.437 0.3000000119
36708  35.568  -57.375  -24.431 0.3000000119
37769  35.480  -56.284  -24.734 0.3000000119
37768  35.896  -56.977  -24.963 0.3000000119
37780  35.872  -56.566  -25.576 0.2000000030
34540  36.351  -59.024  -26.690 0.2000000030
34541  35.735  -58.867  -26.885 0.2000000030
37760  34.533  -56.267  -23.856 0.4000000060
34508  35.293  -58.924  -23.944 0.3000000119
35611  35.336  -58.089  -23.997 0.3000000119
32234  36.935  -61.357  -25.684 0.2000000030
33333  36.294  -59.977  -24.753 0.2000000030
37781  35.768  -56.400  -25.167 0.3000000119
36728  35.973  -57.358  -25.924 0.2000000030
38865  36.003  -55.618  -26.058 0.2000000030
36729  35.470  -57.447  -26.626 0.2000000030
38844  34.384  -55.163  -23.972 0.3000000119
37770  35.046  -56.192  -24.319 0.3000000119
39944  35.608  -54.780  -25.444 0.2000000030
37804  36.019  -55.998  -27.033 0.2000000030
39958  36.200  -54.759  -26.426 0.2000000030
37819  36.120  -55.945  -27.837 0.1000000015
37794  35.692  -56.654  -26.563 0.2000000030
37821  34.949  -56.936  -28.162 0.2000000030
37805  35.538  -56.545  -27.240 0.2000000030
35648  34.959  -58.061  -27.004 0.2000000030
40983  34.349  -53.447  -24.127 0.3000000119
40982  34.923  -53.546  -24.739 0.3000000119
39931  34.627  -54.421  -24.363 0.3000000119
42130  35.255  -52.606  -25.088 0.2000000030
40994  35.458  -53.710  -25.455 0.3000000119
42143  35.637  -52.718  -25.815 0.2000000030
39930  35.181  -54.553  -24.911 0.3000000119
39959  35.873  -54.252  -25.995 0.1000000015
41005  36.242  -53.718  -26.622 0.1000000015
38911  36.820  -55.389  -28.293 0.1000000015
39973  36.670  -54.522  -27.267 0.1000000015
41018  36.692  -53.495  -27.330 0.1000000015
37838  36.221  -56.064  -28.822 0.1000000015
43320  33.846  -51.760  -23.419 0.3000000119
42131  34.651  -52.542  -24.430 0.2000000030
44529  34.860  -50.606  -24.643 0.2000000030
45729  35.114  -49.461  -24.742 0.1000000015
43348  35.559  -51.413  -25.559 0.1000000015
44541  35.386  -50.249  -25.270 0.1000000015
42155  35.935  -52.933  -26.373 0.1000000015
39972  36.959  -53.977  -27.651 0.1000000015
38910  37.293  -55.045  -28.847 0.1000000015
43335  34.333  -51.469  -24.052 0.2000000030
45744  35.609  -49.410  -25.441 0.1000000015
44549  36.306  -50.199  -26.428 0.1000000015
44540  35.851  -50.415  -25.893 0.1000000015
43372  36.769  -51.633  -27.417 0.1000000015
42154  36.336  -52.561  -26.883 0.1000000015
41032  37.453  -53.464  -28.658 0.1000000015
42168  36.810  -52.712  -27.567 0.1000000015
45752  36.653  -49.434  -26.761 0.1000000015
42167  37.233  -52.407  -28.177 0.1000000015
39999  37.539  -54.377  -29.114 0.1000000015
47016  35.910  -48.619  -25.586 0.1000000015
27041  37.699  -66.922  -31.033 0.1000000015
24882  37.064  -68.427  -30.040 0.1000000015
31197  39.637  -62.664  -28.462 0.1000000015
24693  35.979  -68.154  -17.789 0.5000000000
25850  35.077  -67.581  -18.881 0.5000000000
25833  35.469  -67.657  -17.732 0.5000000000
25832  35.997  -68.215  -17.218 0.5000000000
24674  36.260  -68.771  -16.729 0.5000000000
27995  32.872  -65.866  -19.776 0.2000000030
26913  33.690  -66.261  -19.318 0.2000000030
26900  33.763  -66.029  -18.666 0.3000000119
26912  34.163  -66.908  -19.548 0.3000000119
26898  35.001  -67.203  -18.231 0.5000000000
26879  34.935  -67.024  -17.783 0.5000000000
26861  35.034  -67.167  -17.018 0.5000000000
25810  35.633  -67.958  -16.498 0.5000000000
24657  35.739  -68.327  -15.641 0.5000000000
24675  35.969  -68.499  -16.115 0.5000000000
23633  36.986  -69.680  -17.442 0.5000000000
23617  36.891  -69.820  -16.369 0.5000000000
23639  38.690  -70.507  -18.565 0.5000000000
27983  33.194  -65.626  -18.820 0.3000000119
27969  33.670  -65.753  -17.963 0.3000000119
26880  34.571  -66.656  -17.423 0.5000000000
24640  35.744  -68.454  -14.780 0.5000000000
24656  36.256  -69.000  -15.617 0.5000000000
23632  37.608  -70.564  -17.071 0.5000000000
25862  39.605  -67.997  -20.636 0.4000000060
24708  39.612  -68.883  -19.776 0.5000000000
22604  39.327  -70.294  -18.764 0.5000000000
22595  38.609  -70.835  -17.936 0.5000000000
25880  39.813  -67.941  -21.497 0.4000000060
27984  32.235  -65.347  -18.992 0.3000000119
27955  33.207  -65.392  -17.035 0.4000000060
27934  34.059  -66.252  -16.410 0.4000000060
26845  34.910  -67.193  -16.065 0.5000000000
25774  34.727  -67.186  -14.358 0.5000000000
25790  35.224  -67.720  -15.224 0.5000000000
25773  35.294  -67.866  -14.050 0.5000000000
24622  35.848  -68.561  -13.765 0.5000000000
24639  36.309  -69.204  -14.495 0.5000000000
23601  36.921  -69.990  -15.256 0.5000000000
22585  38.412  -70.945  -17.411 0.6000000238
24700  39.772  -68.889  -18.860 0.5000000000
22593  39.454  -70.369  -18.450 0.5000000000
22583  39.506  -70.607  -17.729 0.5000000000
26936  40.447  -67.113  -21.987 0.4000000060
25879  40.267  -67.353  -22.110 0.4000000060
25709  29.893  -67.807  -11.372 0.1000000015
26777  30.095  -66.461  -11.407 0.1000000015
27818  30.534  -65.817  -10.871 0.1000000015
27872  30.150  -66.200  -13.825 0.1000000015
27834  30.448  -65.809  -11.904 0.1000000015
27833  31.192  -65.190  -11.356 0.1000000015
27895  30.246  -65.865  -14.461 0.1000000015
27850  30.930  -65.322  -12.696 0.1000000015
27971  31.515  -65.082  -17.993 0.2000000030
29040  31.066  -64.923  -17.073 0.1000000015
27970  32.608  -65.189  -17.915 0.3000000119
26846  34.369  -66.638  -15.801 0.5000000000
27936  32.949  -65.348  -16.097 0.4000000060
27917  33.367  -65.737  -15.479 0.4000000060
26811  34.303  -66.549  -13.612 0.4000000060
25757  34.922  -67.264  -13.305 0.5000000000
25742  35.326  -67.259  -12.617 0.5000000000
25756  35.489  -67.930  -13.072 0.5000000000
24604  36.042  -68.538  -12.977 0.5000000000
23616  37.520  -70.653  -16.098 0.5000000000
23638  39.815  -69.864  -18.249 0.5000000000
26937  40.125  -67.080  -21.468 0.4000000060
26964  40.544  -66.605  -23.394 0.5000000000
24521  33.455  -68.480  -6.361 0.1000000015
24538  31.562  -68.427  -8.002 0.1000000015
24550  31.107  -68.398  -8.646 0.1000000015
25697  30.396  -67.565  -9.902 0.1000000015
26768  29.937  -67.136  -11.141 0.1000000015
26757  30.643  -66.784  -9.567 0.1000000015
27809  31.201  -65.450  -9.429 0.1000000015
25683  31.260  -67.578  -8.388 0.1000000015
26748  31.030  -66.756  -8.834 0.1000000015
27817  31.158  -65.285  -10.285 0.1000000015
29928  33.587  -63.963  -10.809 0.2000000030
30958  34.196  -62.470  -11.038 0.2000000030
27937  30.463  -65.362  -16.692 0.1000000015
27894  30.732  -65.362  -14.751 0.1000000015
27870  31.059  -65.131  -13.806 0.1000000015
28948  31.734  -64.927  -12.079 0.1000000015
28927  32.666  -64.790  -11.597 0.2000000030
29023  31.635  -64.966  -16.197 0.2000000030
28983  31.722  -65.032  -14.189 0.1000000015
28982  32.419  -65.135  -14.023 0.2000000030
27831  33.934  -65.330  -11.777 0.2000000030
29927  34.120  -63.557  -11.030 0.2000000030
30957  34.682  -62.754  -11.465 0.2000000030
29022  32.298  -65.111  -15.727 0.2000000030
27918  32.839  -65.416  -15.188 0.2000000030
27891  33.322  -65.710  -14.664 0.3000000119
27847  34.215  -65.850  -12.294 0.3000000119
26776  35.266  -66.335  -11.865 0.4000000060
26791  35.467  -66.873  -12.194 0.5000000000
22569  39.144  -71.025  -16.756 0.5000000000
24672  38.900  -68.369  -16.935 0.5000000000
23615  39.456  -69.804  -16.801 0.5000000000
24691  39.308  -68.361  -17.794 0.5000000000
23631  39.528  -69.132  -17.355 0.5000000000
23614  39.705  -70.094  -17.095 0.5000000000
23586  36.827  -69.904  -14.214 0.5000000000
24621  36.438  -69.275  -13.489 0.5000000000
25856  39.278  -67.639  -19.162 0.5000000000
25849  39.115  -67.707  -18.573 0.5000000000
24690  39.844  -69.094  -17.974 0.5000000000
26919  39.583  -67.274  -20.494 0.5000000000
25855  39.455  -67.875  -19.675 0.5000000000
23630  39.750  -69.914  -17.453 0.5000000000
22570  38.143  -71.112  -16.660 0.6000000238
26952  40.478  -66.844  -22.407 0.4000000060
25651  34.627  -67.920  -5.723 0.1000000015
24537  32.161  -68.455  -7.393 0.1000000015
25671  32.331  -67.577  -7.063 0.1000000015
26738  32.541  -66.670  -6.711 0.1000000015
28880  34.670  -64.447  -6.233 0.1000000015
25672  31.750  -67.557  -7.699 0.1000000015
26739  31.895  -66.622  -7.362 0.1000000015
26747  31.368  -66.657  -8.070 0.1000000015
28888  31.567  -65.202  -8.286 0.1000000015
28900  31.560  -64.914  -8.816 0.1000000015
28908  31.675  -64.755  -9.654 0.1000000015
29912  32.896  -63.340  -9.549 0.1000000015
28928  31.974  -64.754  -11.212 0.1000000015
29911  33.174  -63.039  -9.868 0.2000000030
30950  33.838  -62.620  -10.609 0.2000000030
28912  33.192  -64.274  -10.823 0.2000000030
28925  34.483  -64.628  -11.352 0.3000000119
30977  35.454  -62.530  -11.969 0.2000000030
27830  34.760  -65.666  -11.703 0.3000000119
29948  35.893  -63.422  -11.915 0.2000000030
26775  35.937  -66.634  -11.808 0.4000000060
28923  36.252  -64.934  -11.610 0.3000000119
26774  36.610  -66.659  -11.727 0.4000000060
27828  36.404  -65.894  -11.615 0.4000000060
24654  38.896  -68.700  -15.901 0.5000000000
23599  39.473  -70.307  -16.056 0.5000000000
25741  36.081  -67.675  -12.292 0.5000000000
24638  39.259  -69.063  -14.963 0.5000000000
23584  39.459  -70.207  -15.347 0.5000000000
22552  38.995  -71.060  -15.579 0.5000000000
24603  36.747  -68.954  -12.731 0.5000000000
23583  39.680  -70.233  -14.777 0.5000000000
22533  39.082  -71.206  -14.614 0.5000000000
22553  38.215  -71.134  -15.873 0.5000000000
23585  37.288  -70.462  -14.714 0.5000000000
22534  38.063  -70.930  -14.838 0.5000000000
23600  37.546  -70.737  -15.351 0.5000000000
25933  41.079  -67.101  -25.312 0.4000000060
26974  40.903  -66.503  -24.447 0.4000000060
25896  40.336  -67.138  -22.921 0.4000000060
31961  35.253  -61.360  -4.648 0.1000000015
29886  36.069  -63.058  -7.319 0.1000000015
31985  36.144  -61.081  -6.500 0.1000000015
27792  32.165  -65.592  -7.065 0.1000000015
27780  33.067  -65.728  -6.351 0.1000000015
29881  33.424  -63.784  -6.866 0.1000000015
30916  35.868  -62.513  -7.862 0.1000000015
28882  32.727  -64.545  -6.882 0.1000000015
29888  33.932  -62.987  -7.354 0.1000000015
30917  34.884  -62.441  -7.898 0.1000000015
29899  32.778  -63.341  -8.533 0.1000000015
30924  33.561  -62.486  -8.701 0.1000000015
30938  34.102  -61.993  -9.180 0.1000000015
32005  35.254  -61.258  -9.607 0.2000000030
32024  34.975  -61.274  -10.380 0.2000000030
33120  35.397  -60.360  -10.804 0.2000000030
32038  34.856  -61.609  -11.405 0.2000000030
32061  35.446  -61.723  -12.113 0.2000000030
24620  43.164  -68.649  -12.919 0.2000000030
30976  36.394  -62.825  -12.309 0.2000000030
22491  42.211  -70.775  -12.544 0.2000000030
24598  41.840  -69.045  -12.512 0.2000000030
25736  41.162  -68.005  -12.565 0.2000000030
25737  40.049  -67.855  -12.350 0.2000000030
21419  41.596  -71.458  -13.437 0.2000000030
22492  41.177  -70.890  -12.505 0.2000000030
23543  40.397  -70.067  -12.367 0.2000000030
24600  39.607  -69.015  -12.309 0.2000000030
25738  38.709  -67.772  -12.154 0.4000000060
23564  41.035  -70.893  -14.193 0.2000000030
21420  40.634  -71.520  -13.567 0.3000000119
21401  39.980  -71.504  -13.099 0.3000000119
23544  39.322  -70.133  -12.383 0.4000000060
24601  38.544  -69.111  -12.276 0.4000000060
25719  37.946  -67.680  -12.049 0.5000000000
27826  37.720  -66.418  -11.846 0.4000000060
25721  36.758  -67.343  -11.929 0.5000000000
24637  39.988  -69.135  -14.552 0.5000000000
22532  39.818  -71.101  -14.572 0.4000000060
21437  39.838  -71.527  -14.186 0.4000000060
22513  38.842  -71.295  -13.571 0.4000000060
22495  38.280  -70.835  -13.064 0.5000000000
23545  38.323  -70.151  -12.557 0.5000000000
25740  37.052  -68.170  -12.206 0.5000000000
22514  38.131  -70.878  -13.817 0.5000000000
23566  37.370  -70.445  -13.981 0.5000000000
23547  36.832  -69.590  -13.129 0.5000000000
33025  32.692  -61.293  -2.503 0.1000000015
31918  33.439  -61.790  -2.907 0.1000000015
33037  33.789  -61.104  -3.689 0.1000000015
34214  33.118  -59.996  -4.048 0.1000000015
33076  35.587  -60.819  -5.833 0.1000000015
33064  33.884  -60.202  -4.519 0.1000000015
33077  34.895  -60.225  -5.950 0.1000000015
34241  34.201  -59.851  -5.290 0.1000000015
33097  36.035  -60.990  -8.524 0.1000000015
34269  35.030  -59.982  -7.566 0.1000000015
31992  35.586  -61.474  -8.904 0.1000000015
34278  35.250  -59.902  -8.449 0.2000000030
34279  34.752  -59.217  -8.000 0.2000000030
34285  35.361  -59.790  -9.234 0.2000000030
33133  35.476  -60.593  -11.616 0.2000000030
25754  43.112  -67.914  -13.204 0.1000000015
25735  42.196  -68.164  -12.881 0.2000000030
27885  43.524  -65.213  -14.089 0.1000000015
26808  42.636  -66.606  -13.548 0.1000000015
25755  42.153  -67.276  -13.211 0.1000000015
26809  41.529  -66.329  -13.201 0.1000000015
26810  40.739  -65.794  -12.903 0.1000000015
26789  39.454  -66.627  -12.306 0.1000000015
28922  36.901  -65.299  -11.715 0.3000000119
29947  36.715  -63.970  -12.020 0.2000000030
27843  39.994  -65.442  -12.558 0.1000000015
26790  38.429  -66.502  -12.048 0.3000000119
27846  37.348  -65.426  -11.800 0.2000000030
23546  37.406  -70.121  -13.016 0.5000000000
24602  37.617  -69.157  -12.426 0.5000000000
25739  37.855  -68.257  -12.138 0.5000000000
33010  32.382  -61.550  -1.806 0.1000000015
34190  31.357  -60.026  -1.113 0.1000000015
34201  31.579  -59.521  -2.387 0.1000000015
34200  32.188  -60.281  -2.781 0.1000000015
34215  32.165  -59.497  -3.543 0.1000000015
34216  31.596  -58.903  -3.122 0.1000000015
34243  32.672  -59.264  -4.373 0.1000000015
35382  33.229  -58.520  -5.558 0.1000000015
35383  32.577  -58.237  -5.146 0.1000000015
35391  34.060  -58.528  -6.639 0.1000000015
35397  34.499  -58.379  -7.513 0.2000000030
34293  35.220  -59.265  -9.296 0.2000000030
35405  35.178  -58.724  -9.210 0.2000000030
34301  35.556  -59.404  -10.821 0.2000000030
35415  35.554  -58.633  -10.576 0.2000000030
34315  35.660  -59.787  -11.464 0.2000000030
34340  35.850  -60.175  -12.153 0.2000000030
33155  36.292  -60.705  -12.697 0.2000000030
32060  36.196  -61.771  -12.538 0.2000000030
29980  43.162  -63.951  -14.018 0.1000000015
28981  42.955  -64.739  -14.096 0.1000000015
28962  41.289  -64.355  -13.541 0.1000000015
27865  41.090  -65.265  -13.199 0.1000000015
27866  40.549  -65.251  -12.865 0.1000000015
31001  37.941  -62.832  -12.718 0.1000000015
30975  37.352  -63.015  -12.495 0.2000000030
32087  36.910  -61.847  -12.810 0.2000000030
28963  40.314  -64.579  -12.975 0.1000000015
28964  39.756  -64.378  -12.727 0.1000000015
28943  39.292  -64.497  -12.475 0.1000000015
27844  38.916  -65.541  -12.201 0.2000000030
28944  38.337  -64.675  -12.177 0.2000000030
29946  37.758  -63.918  -12.299 0.2000000030
35313  31.096  -58.929  -0.347 0.1000000015
35323  31.141  -58.783  -1.446 0.1000000015
37447  32.271  -56.971  0.420 0.1000000015
35332  31.299  -58.420  -2.455 0.1000000015
37480  31.749  -56.547  -1.765 0.1000000015
37490  31.593  -56.571  -3.012 0.1000000015
36441  31.625  -57.191  -4.486 0.1000000015
35369  31.603  -57.783  -4.145 0.1000000015
36457  32.776  -57.909  -5.546 0.1000000015
36476  33.487  -56.895  -7.004 0.1000000015
36479  34.800  -57.337  -7.917 0.1000000015
37555  34.071  -56.456  -7.642 0.1000000015
36478  35.381  -57.512  -8.587 0.1000000015
35399  35.361  -57.997  -9.040 0.2000000030
36524  35.911  -58.289  -11.056 0.2000000030
34314  36.039  -59.307  -11.996 0.2000000030
35434  36.261  -58.509  -11.682 0.2000000030
34339  36.433  -59.756  -12.669 0.2000000030
34364  37.036  -60.286  -13.211 0.1000000015
33181  36.947  -61.284  -13.028 0.2000000030
33151  43.881  -60.420  -12.403 0.1000000015
32081  42.870  -61.071  -12.826 0.1000000015
30996  42.812  -62.123  -13.532 0.1000000015
29965  41.489  -63.305  -13.822 0.1000000015
33180  37.867  -60.984  -13.387 0.2000000030
32082  42.010  -61.178  -13.522 0.1000000015
32083  40.939  -61.341  -13.792 0.1000000015
29966  40.475  -63.523  -13.437 0.1000000015
30999  39.644  -62.678  -13.387 0.1000000015
29944  39.125  -63.898  -12.595 0.1000000015
31000  38.655  -62.975  -12.885 0.2000000030
37463  32.588  -56.268  -0.656 0.1000000015
38578  32.645  -55.469  -2.395 0.1000000015
38593  31.844  -55.906  -3.510 0.1000000015
37533  32.103  -56.329  -5.653 0.1000000015
37556  33.265  -56.258  -7.193 0.1000000015
37564  34.822  -56.525  -8.049 0.1000000015
37563  35.604  -56.587  -8.515 0.2000000030
37577  36.484  -56.406  -8.973 0.1000000015
36488  36.021  -57.269  -9.301 0.1000000015
36487  37.071  -56.851  -9.652 0.2000000030
36523  36.451  -57.810  -11.162 0.2000000030
36505  37.730  -57.143  -10.350 0.1000000015
35433  37.012  -58.078  -11.959 0.2000000030
36518  41.481  -57.461  -11.484 0.1000000015
35429  41.236  -58.143  -11.465 0.1000000015
36519  40.507  -57.273  -10.977 0.1000000015
35430  40.375  -58.220  -11.541 0.1000000015
35432  38.821  -57.859  -11.773 0.1000000015
35453  38.827  -58.257  -12.339 0.1000000015
36535  37.981  -57.826  -11.979 0.1000000015
33152  43.135  -60.294  -12.294 0.1000000015
34334  42.545  -59.556  -12.125 0.1000000015
34335  41.789  -59.520  -12.225 0.1000000015
34313  40.692  -58.697  -11.814 0.1000000015
34337  40.278  -59.007  -12.591 0.1000000015
34361  40.346  -59.439  -13.085 0.1000000015
34362  39.270  -59.641  -13.454 0.1000000015
35475  38.668  -58.946  -13.115 0.1000000015
34360  41.384  -59.714  -12.766 0.1000000015
33178  40.097  -60.448  -13.716 0.1000000015
32084  39.833  -61.560  -13.719 0.1000000015
32085  38.757  -61.825  -13.377 0.1000000015
39647  33.294  -54.947  -2.655 0.1000000015
39659  32.731  -54.871  -3.429 0.1000000015
39697  32.694  -54.332  -5.276 0.1000000015
39721  32.588  -55.024  -6.659 0.1000000015
38650  33.996  -55.268  -8.116 0.1000000015
38647  36.181  -55.791  -8.999 0.1000000015
40822  39.170  -53.801  -12.892 0.1000000015
39774  39.352  -54.570  -12.307 0.1000000015
39752  37.486  -54.942  -10.663 0.1000000015
38675  37.912  -55.488  -10.258 0.1000000015
38663  36.709  -55.521  -9.472 0.1000000015
39783  41.268  -54.822  -13.399 0.1000000015
39784  40.111  -54.291  -13.111 0.1000000015
38686  39.699  -55.476  -11.512 0.1000000015
38687  39.074  -55.371  -11.152 0.1000000015
38661  38.274  -55.872  -9.959 0.1000000015
36486  37.917  -56.717  -9.820 0.1000000015
38696  41.556  -55.762  -12.556 0.1000000015
38684  41.187  -56.017  -11.963 0.1000000015
38685  40.555  -55.939  -11.618 0.1000000015
38673  39.516  -55.892  -10.799 0.1000000015
37591  39.267  -56.382  -10.327 0.1000000015
36504  38.704  -56.956  -10.124 0.1000000015
36521  38.515  -57.549  -11.216 0.1000000015
40767  33.523  -53.721  -7.550 0.1000000015
41953  34.961  -52.712  -9.086 0.1000000015
39743  35.280  -54.566  -9.405 0.1000000015
41959  35.674  -52.838  -10.149 0.1000000015
40797  35.270  -53.605  -9.773 0.1000000015
39742  36.050  -55.027  -9.646 0.1000000015
40833  39.636  -53.505  -13.325 0.1000000015
40823  38.480  -53.518  -12.507 0.1000000015
40814  37.654  -53.615  -11.821 0.1000000015
40805  36.162  -53.513  -10.720 0.1000000015
38676  37.233  -55.264  -10.064 0.1000000015
40832  40.547  -53.639  -13.740 0.1000000015
40813  38.225  -54.058  -12.008 0.1000000015
26899  34.391  -66.648  -18.474 0.4000000060
27953  34.229  -66.346  -17.025 0.4000000060
27890  33.712  -66.030  -14.965 0.4000000060
26795  29.997  -66.830  -12.912 0.1000000015
28914  31.804  -64.730  -10.486 0.1000000015
29038  32.311  -65.024  -16.827 0.2000000030
26812  33.842  -65.977  -13.438 0.4000000060
26792  34.735  -66.547  -12.474 0.4000000060
25652  33.778  -67.547  -5.945 0.1000000015
27803  31.246  -65.791  -8.622 0.1000000015
28926  33.612  -64.585  -11.241 0.3000000119
32025  34.146  -61.959  -10.586 0.2000000030
28947  32.217  -64.945  -12.534 0.2000000030
27849  32.807  -65.116  -12.595 0.2000000030
27869  32.889  -65.298  -13.467 0.2000000030
27848  33.525  -65.604  -12.746 0.3000000119
29926  35.130  -63.676  -11.492 0.2000000030
27829  35.640  -65.735  -11.600 0.3000000119
26719  33.691  -66.513  -5.927 0.1000000015
27779  34.112  -65.514  -5.887 0.1000000015
29879  35.341  -63.653  -6.726 0.1000000015
27793  31.593  -65.694  -7.826 0.1000000015
29889  32.930  -63.586  -7.519 0.1000000015
28907  32.318  -64.181  -9.885 0.1000000015
28913  32.623  -64.345  -10.572 0.1000000015
32006  34.332  -61.761  -9.823 0.1000000015
32007  33.843  -62.075  -10.091 0.2000000030
29925  35.875  -64.146  -11.651 0.3000000119
27827  37.160  -66.024  -11.707 0.4000000060
25772  38.832  -67.878  -15.099 0.5000000000
31975  36.242  -61.332  -5.797 0.1000000015
33062  35.611  -61.200  -5.175 0.1000000015
30915  36.790  -62.411  -7.685 0.1000000015
33086  36.378  -61.136  -7.186 0.1000000015
29898  33.341  -62.856  -7.960 0.1000000015
30922  35.691  -62.048  -8.410 0.1000000015
33091  36.269  -60.983  -7.864 0.1000000015
31993  34.802  -61.661  -9.231 0.1000000015
34292  35.376  -59.344  -9.955 0.2000000030
23541  42.508  -69.960  -12.517 0.2000000030
22490  43.032  -70.630  -12.642 0.2000000030
21399  41.961  -71.383  -12.890 0.2000000030
23542  41.482  -70.013  -12.411 0.2000000030
24599  40.751  -69.014  -12.371 0.2000000030
26788  40.628  -66.746  -12.659 0.1000000015
22493  40.125  -70.967  -12.582 0.2000000030
26772  37.891  -67.127  -11.966 0.4000000060
22531  40.273  -71.236  -14.327 0.5000000000
21436  40.239  -71.504  -13.968 0.4000000060
22511  41.295  -71.339  -13.906 0.2000000030
21402  39.403  -71.523  -13.382 0.4000000060
22494  39.113  -71.080  -12.812 0.5000000000
25720  37.427  -67.570  -11.999 0.5000000000
27845  37.912  -65.613  -11.917 0.3000000119
23582  40.451  -70.385  -14.417 0.5000000000
21438  39.513  -71.383  -14.328 0.5000000000
33026  31.866  -60.538  -2.071 0.1000000015
33038  32.767  -60.462  -3.335 0.1000000015
33063  34.794  -60.704  -4.857 0.1000000015
33088  34.809  -59.965  -6.748 0.1000000015
35367  32.771  -58.797  -4.884 0.1000000015
34258  33.776  -59.221  -5.581 0.1000000015
34270  34.532  -59.271  -7.100 0.2000000030
26787  41.500  -67.303  -12.922 0.1000000015
27864  42.219  -65.317  -13.700 0.1000000015
32997  31.560  -60.966  -0.202 0.1000000015
34179  31.230  -59.882  0.171 0.1000000015
35346  31.756  -58.788  -3.662 0.1000000015
36411  31.330  -57.413  -2.653 0.1000000015
36468  33.708  -57.949  -6.511 0.1000000015
36475  33.974  -57.572  -7.055 0.2000000030
35400  34.973  -58.339  -8.423 0.2000000030
36507  35.937  -57.845  -10.384 0.2000000030
29963  43.683  -63.348  -13.593 0.1000000015
29964  42.545  -63.155  -13.911 0.1000000015
28961  42.252  -64.135  -13.938 0.1000000015
30974  38.080  -63.287  -12.560 0.2000000030
30998  40.685  -62.433  -13.744 0.1000000015
29945  38.622  -63.812  -12.495 0.1000000015
36391  31.220  -58.075  -0.700 0.1000000015
35290  31.635  -58.758  1.489 0.1000000015
36379  31.570  -57.979  0.287 0.1000000015
37464  31.686  -57.200  -0.507 0.1000000015
36403  31.252  -57.693  -1.577 0.1000000015
37479  32.324  -56.081  -1.462 0.1000000015
38579  32.009  -55.925  -2.609 0.1000000015
36426  31.471  -57.271  -3.627 0.1000000015
36470  32.472  -56.914  -5.916 0.1000000015
37518  31.678  -56.564  -4.673 0.1000000015
36469  33.111  -57.457  -6.229 0.1000000015
37548  32.637  -56.410  -6.417 0.1000000015
38639  34.048  -55.756  -7.941 0.1000000015
35455  36.682  -58.868  -12.447 0.2000000030
35454  37.720  -58.619  -12.756 0.1000000015
32080  43.392  -61.403  -12.729 0.1000000015
33154  42.114  -59.974  -12.495 0.1000000015
30997  41.769  -62.225  -13.903 0.1000000015
38566  32.831  -55.707  -1.556 0.1000000015
38608  32.166  -55.271  -3.993 0.1000000015
38609  31.788  -55.913  -4.397 0.1000000015
38621  32.128  -55.249  -5.169 0.1000000015
38633  32.369  -55.507  -6.225 0.1000000015
38640  33.479  -55.519  -7.609 0.1000000015
38649  34.687  -55.748  -8.290 0.1000000015
37562  36.014  -56.082  -8.727 0.1000000015
37576  37.402  -56.277  -9.445 0.1000000015
37599  40.490  -56.525  -11.146 0.1000000015
37607  42.197  -56.714  -12.294 0.1000000015
36517  42.028  -57.439  -11.844 0.1000000015
34311  41.890  -58.843  -11.800 0.1000000015
36503  39.717  -56.994  -10.504 0.1000000015
38672  40.061  -56.101  -11.124 0.1000000015
36520  39.546  -57.520  -10.937 0.1000000015
35452  39.964  -58.611  -12.247 0.1000000015
35474  39.522  -58.929  -12.896 0.1000000015
33179  38.956  -60.679  -13.654 0.1000000015
39658  33.558  -54.241  -3.700 0.1000000015
39675  32.620  -54.547  -4.361 0.1000000015
39696  33.033  -53.985  -5.331 0.1000000015
39711  32.837  -54.211  -6.604 0.1000000015
39732  33.628  -54.624  -7.894 0.1000000015
40780  33.820  -54.105  -8.168 0.1000000015
39730  34.920  -55.183  -8.838 0.1000000015
40834  39.009  -53.243  -13.099 0.1000000015
39753  36.343  -54.474  -10.274 0.1000000015
38674  38.678  -55.635  -10.514 0.1000000015
39763  37.111  -54.204  -11.142 0.1000000015
38662  37.667  -55.774  -9.739 0.1000000015
39773  40.460  -54.989  -12.654 0.1000000015
40766  33.883  -53.211  -7.748 0.1000000015
40798  34.763  -53.369  -9.227 0.1000000015
40815  36.691  -53.226  -11.243 0.1000000015
41958  36.090  -52.527  -10.413 0.1000000015
41982  39.309  -52.691  -13.342 0.1000000015
41981  39.977  -52.720  -13.695 0.1000000015
40824  37.831  -52.861  -12.210 0.1000000015
25913  31.782  -67.753  -23.175 0.1000000015
25912  32.675  -67.787  -23.360 0.1000000015
25882  33.443  -67.360  -21.630 0.1000000015
26938  33.355  -67.090  -21.079 0.1000000015
26955  31.856  -67.094  -22.125 0.1000000015
26923  32.402  -66.259  -20.680 0.1000000015
24772  31.933  -68.389  -23.895 0.2000000030
24771  32.938  -68.180  -24.010 0.2000000030
25911  33.278  -67.912  -23.504 0.1000000015
24785  33.414  -68.677  -24.534 0.2000000030
25900  33.617  -67.753  -22.775 0.1000000015
26922  33.530  -66.785  -20.421 0.1000000015
23699  32.990  -69.352  -24.889 0.2000000030
24770  33.858  -68.131  -23.769 0.2000000030
25864  34.323  -67.691  -20.684 0.2000000030
25899  34.344  -67.993  -22.503 0.2000000030
25881  34.290  -67.913  -21.860 0.2000000030
26921  34.118  -67.245  -20.084 0.3000000119
25851  34.571  -67.134  -19.173 0.3000000119
25858  34.543  -67.438  -19.717 0.3000000119
24756  34.362  -68.056  -23.012 0.2000000030
24738  34.961  -68.260  -21.232 0.2000000030
23698  33.793  -69.245  -25.102 0.2000000030
24721  34.927  -68.153  -20.683 0.2000000030
24784  34.462  -68.697  -24.606 0.2000000030
20439  35.036  -72.449  -25.392 0.1000000015
23715  33.373  -69.930  -25.211 0.2000000030
25857  35.030  -67.942  -19.926 0.3000000119
24704  35.915  -68.162  -18.401 0.4000000060
22663  34.645  -70.744  -25.818 0.1000000015
23714  34.156  -69.925  -25.519 0.1000000015
24755  35.077  -68.317  -22.403 0.2000000030
24720  35.580  -68.394  -20.447 0.2000000030
21552  33.881  -71.621  -25.320 0.1000000015
24711  35.801  -68.312  -19.372 0.4000000060
24769  34.864  -68.305  -23.602 0.2000000030
24803  34.543  -69.323  -25.295 0.2000000030
21550  35.282  -72.011  -25.731 0.1000000015
21567  35.704  -71.667  -26.024 0.2000000030
21551  34.763  -71.725  -25.656 0.1000000015
22681  35.164  -71.267  -25.953 0.1000000015
24737  35.852  -68.561  -21.430 0.2000000030
24710  36.756  -68.880  -19.795 0.4000000060
24719  36.549  -68.815  -20.739 0.4000000060
24703  36.599  -68.753  -18.779 0.4000000060
24802  35.289  -69.111  -25.193 0.3000000119
24783  35.551  -68.638  -24.370 0.3000000119
23713  35.098  -69.884  -25.800 0.2000000030
23712  35.910  -69.466  -25.740 0.4000000060
23641  37.090  -69.386  -18.271 0.4000000060
24768  35.878  -68.459  -23.353 0.3000000119
24767  36.963  -68.479  -23.190 0.4000000060
24782  36.645  -68.588  -24.206 0.3000000119
24618  44.920  -69.040  -13.241 0.1000000015
24619  43.798  -69.125  -12.962 0.1000000015
24718  37.219  -69.094  -20.911 0.4000000060
24702  37.376  -69.344  -19.033 0.5000000000
24753  37.344  -68.662  -22.239 0.4000000060
24736  36.817  -68.833  -21.501 0.4000000060
23658  37.898  -69.372  -20.529 0.4000000060
25753  44.390  -68.019  -13.275 0.1000000015
23560  45.279  -69.988  -13.617 0.1000000015
23562  44.035  -69.885  -12.874 0.1000000015
23640  38.050  -70.320  -18.300 0.5000000000
23649  38.001  -69.677  -19.529 0.5000000000
22509  44.089  -71.077  -13.240 0.1000000015
21398  43.042  -71.220  -12.897 0.1000000015
23598  43.883  -70.100  -15.108 0.1000000015
22529  43.825  -70.879  -14.613 0.1000000015
22530  42.782  -70.976  -14.274 0.1000000015
25914  31.243  -67.777  -22.970 0.1000000015
25901  32.515  -67.357  -22.454 0.1000000015
26939  32.835  -66.861  -21.319 0.1000000015
25902  31.531  -67.440  -22.605 0.1000000015
26940  31.807  -66.702  -21.484 0.1000000015
27996  31.852  -65.663  -19.971 0.1000000015
24692  36.431  -68.711  -17.797 0.4000000060
21418  42.789  -71.385  -13.596 0.1000000015
24787  31.852  -69.170  -24.303 0.1000000015
24754  36.294  -68.590  -22.346 0.3000000119
23650  37.447  -69.282  -19.973 0.4000000060
22508  44.526  -70.779  -13.415 0.1000000015
21435  43.305  -71.288  -14.161 0.1000000015
26941  30.773  -66.841  -21.277 0.1000000015
15194  30.565  -77.562  -22.790 0.1000000015
14170  30.296  -78.415  -23.713 0.1000000015
14168  32.196  -78.909  -23.055 0.1000000015
14171  29.171  -78.220  -23.788 0.1000000015
14154  32.521  -78.451  -22.494 0.1000000015
15195  29.508  -77.507  -23.052 0.1000000015
14172  28.244  -78.432  -23.704 0.1000000015
14173  27.386  -78.860  -23.464 0.1000000015
7044  29.754  -86.552  -15.613 0.1000000015
12047  26.328  -80.449  -20.871 0.1000000015
12055  25.935  -80.126  -21.464 0.1000000015
15193  31.219  -77.597  -22.390 0.1000000015
13046  26.269  -79.602  -21.654 0.1000000015
14174  26.872  -79.004  -22.804 0.1000000015
14139  32.295  -77.680  -22.002 0.1000000015
6142  30.764  -87.773  -14.543 0.1000000015
7065  29.350  -86.020  -16.345 0.1000000015
7099  30.136  -85.699  -18.232 0.1000000015
6140  32.370  -86.966  -14.381 0.1000000015
6141  31.279  -87.531  -14.500 0.1000000015
7043  30.306  -86.159  -15.633 0.1000000015
7064  30.317  -85.492  -16.603 0.1000000015
7111  30.431  -85.410  -19.247 0.1000000015
9976  27.749  -82.208  -19.536 0.1000000015
12037  27.093  -80.607  -20.231 0.1000000015
15196  28.505  -77.738  -23.117 0.1000000015
15166  31.725  -77.200  -21.569 0.1000000015
14137  33.150  -77.881  -22.032 0.1000000015
14153  33.537  -78.214  -22.267 0.1000000015
7084  30.619  -85.473  -17.714 0.1000000015
7098  30.711  -85.575  -18.676 0.1000000015
7025  33.109  -85.965  -14.684 0.1000000015
6159  31.213  -86.633  -15.077 0.1000000015
7063  31.336  -85.200  -16.841 0.1000000015
7110  31.579  -85.248  -19.191 0.1000000015
8948  30.826  -83.987  -19.297 0.1000000015
9975  28.816  -82.703  -19.108 0.1000000015
8950  28.482  -83.548  -19.385 0.1000000015
10987  27.427  -81.055  -19.728 0.1000000015
12046  27.047  -79.998  -20.439 0.1000000015
15170  27.747  -77.451  -21.643 0.1000000015
15181  31.294  -77.354  -21.878 0.1000000015
15183  29.791  -76.974  -22.088 0.1000000015
15185  27.904  -77.647  -22.502 0.1000000015
14156  27.232  -78.340  -22.311 0.1000000015
15165  32.490  -77.289  -21.688 0.1000000015
14138  32.847  -77.865  -22.003 0.1000000015
8935  32.383  -83.625  -18.988 0.1000000015
7024  33.964  -85.664  -14.510 0.1000000015
7040  33.286  -85.207  -15.189 0.1000000015
7041  32.296  -85.317  -15.631 0.1000000015
7062  32.236  -84.922  -17.360 0.1000000015
7096  32.570  -85.176  -18.772 0.1000000015
8946  32.746  -84.220  -19.342 0.1000000015
9964  29.898  -82.478  -18.525 0.1000000015
10977  28.766  -81.206  -18.392 0.1000000015
12023  28.299  -80.312  -18.337 0.1000000015
7923  33.776  -84.950  -15.020 0.1000000015
7937  33.608  -84.581  -15.763 0.1000000015
7938  33.023  -84.835  -15.789 0.1000000015
7957  33.088  -84.659  -16.786 0.1000000015
7972  32.942  -84.791  -18.193 0.1000000015
9966  28.486  -81.853  -18.962 0.1000000015
10978  27.996  -80.979  -19.051 0.1000000015
12036  27.443  -80.040  -19.588 0.1000000015
13037  27.274  -79.015  -19.511 0.1000000015
14129  27.186  -78.247  -20.104 0.1000000015
13042  27.116  -79.274  -20.231 0.1000000015
14140  27.230  -78.110  -21.153 0.1000000015
14130  27.050  -78.812  -20.797 0.1000000015
15169  28.230  -76.914  -21.118 0.1000000015
14141  26.861  -78.896  -21.504 0.1000000015
15168  30.268  -76.853  -21.527 0.1000000015
16234  29.122  -76.739  -21.724 0.1000000015
15184  28.651  -76.994  -22.124 0.1000000015
16217  32.083  -76.571  -21.368 0.1000000015
16232  34.082  -76.562  -22.284 0.1000000015
16233  33.388  -76.474  -21.925 0.1000000015
17210  34.539  -75.707  -22.711 0.1000000015
9962  31.885  -82.920  -18.414 0.1000000015
7922  34.433  -84.548  -14.980 0.1000000015
8895  35.679  -83.386  -16.061 0.1000000015
7955  34.328  -84.035  -16.762 0.1000000015
7970  34.303  -84.143  -17.441 0.1000000015
7985  33.609  -84.374  -18.631 0.1000000015
7994  33.084  -84.476  -19.246 0.1000000015
9963  30.855  -82.532  -18.307 0.1000000015
10976  29.499  -81.669  -18.174 0.1000000015
12010  28.847  -80.384  -17.823 0.1000000015
7956  33.878  -84.357  -16.801 0.1000000015
13020  28.373  -79.390  -17.674 0.1000000015
13029  28.004  -79.775  -18.323 0.1000000015
13030  27.655  -79.222  -18.622 0.1000000015
14125  27.302  -78.254  -19.059 0.1000000015
15157  27.709  -77.111  -20.502 0.1000000015
15149  27.387  -77.349  -19.452 0.1000000015
16218  31.112  -76.407  -21.030 0.1000000015
16206  30.278  -76.067  -20.666 0.1000000015
16219  30.288  -76.549  -21.046 0.1000000015
16220  29.489  -76.642  -21.227 0.1000000015
15156  28.103  -76.801  -20.672 0.1000000015
16221  28.804  -76.744  -21.375 0.1000000015
17201  31.652  -75.801  -21.204 0.1000000015
17199  33.040  -76.175  -21.778 0.1000000015
18216  34.377  -74.990  -23.042 0.1000000015
10906  37.830  -81.869  -14.848 0.1000000015
9909  37.136  -82.880  -15.184 0.1000000015
8882  36.060  -83.592  -14.865 0.1000000015
8906  36.267  -83.050  -17.243 0.1000000015
8917  35.526  -83.437  -18.024 0.1000000015
9946  31.507  -82.258  -17.891 0.1000000015
8894  36.636  -82.984  -15.770 0.1000000015
8907  35.290  -83.539  -17.127 0.1000000015
8933  34.491  -83.539  -18.365 0.1000000015
9943  34.287  -82.423  -18.008 0.1000000015
9945  32.324  -82.430  -17.910 0.1000000015
10961  30.791  -81.527  -17.540 0.1000000015
11989  30.736  -80.573  -16.817 0.1000000015
12009  29.480  -80.418  -17.369 0.1000000015
10940  31.395  -81.132  -17.008 0.1000000015
13007  29.315  -79.348  -16.752 0.1000000015
14111  28.402  -78.649  -17.169 0.1000000015
13021  27.842  -78.819  -17.988 0.1000000015
14119  27.556  -78.269  -18.215 0.1000000015
14112  27.948  -78.347  -17.513 0.1000000015
15143  27.364  -77.448  -18.529 0.1000000015
16209  27.969  -76.652  -20.188 0.1000000015
16199  27.861  -76.512  -19.628 0.1000000015
16207  29.520  -76.211  -20.601 0.1000000015
16208  28.506  -76.493  -20.391 0.1000000015
16205  30.728  -75.959  -20.755 0.1000000015
18192  31.293  -75.399  -21.204 0.1000000015
17200  32.506  -75.792  -21.616 0.1000000015
17211  33.331  -75.703  -22.122 0.1000000015
10936  35.071  -81.122  -17.010 0.1000000015
11985  34.406  -80.583  -16.305 0.1000000015
11963  37.910  -80.961  -15.695 0.1000000015
9931  37.628  -82.044  -16.499 0.1000000015
9939  37.618  -82.034  -17.318 0.1000000015
10954  37.839  -81.464  -17.831 0.1000000015
8932  35.543  -82.994  -18.506 0.1000000015
10957  34.669  -81.780  -17.553 0.1000000015
11986  33.331  -80.697  -16.315 0.1000000015
11967  32.632  -80.135  -15.944 0.1000000015
9932  37.127  -82.511  -16.823 0.1000000015
9942  35.187  -82.169  -18.193 0.1000000015
10958  33.653  -81.908  -17.402 0.1000000015
11968  32.102  -80.265  -16.148 0.1000000015
12987  30.779  -79.329  -15.862 0.1000000015
14087  29.112  -78.163  -16.134 0.1000000015
13005  31.034  -79.972  -16.278 0.1000000015
13006  30.300  -79.772  -16.423 0.1000000015
15127  27.902  -77.605  -17.008 0.1000000015
16186  27.427  -76.650  -17.989 0.1000000015
16192  27.485  -76.729  -18.846 0.1000000015
17180  28.549  -75.544  -19.487 0.1000000015
17189  29.453  -75.506  -20.282 0.1000000015
17190  29.011  -75.939  -20.169 0.1000000015
17188  30.349  -75.529  -20.707 0.1000000015
18193  30.783  -75.114  -21.087 0.1000000015
18205  32.413  -75.198  -21.830 0.1000000015
13018  38.173  -80.028  -17.727 0.1000000015
12979  38.341  -80.014  -15.914 0.1000000015
13001  38.549  -79.860  -17.274 0.1000000015
11982  37.653  -80.019  -17.615 0.1000000015
12007  35.961  -80.903  -17.324 0.1000000015
11964  35.362  -79.556  -15.771 0.1000000015
12961  37.672  -80.014  -14.436 0.1000000015
12980  37.853  -80.515  -15.212 0.1000000015
11981  38.484  -80.654  -16.986 0.1000000015
12004  38.315  -80.681  -17.678 0.1000000015
12006  36.564  -80.814  -17.584 0.1000000015
10956  35.784  -81.552  -17.868 0.1000000015
11965  34.643  -79.832  -15.711 0.1000000015
12984  33.808  -79.320  -15.170 0.1000000015
14083  31.954  -79.072  -15.287 0.1000000015
12985  32.700  -79.368  -15.342 0.1000000015
15114  29.283  -77.597  -15.552 0.1000000015
15115  28.750  -77.730  -16.172 0.1000000015
16175  28.022  -77.202  -16.606 0.1000000015
17173  27.871  -75.858  -18.621 0.1000000015
18194  29.701  -74.617  -20.632 0.1000000015
19305  31.081  -74.058  -21.795 0.1000000015
18219  32.095  -74.317  -22.221 0.1000000015
14079  39.437  -79.006  -16.420 0.1000000015
13002  37.955  -79.399  -17.439 0.1000000015
13004  36.237  -79.568  -16.319 0.1000000015
13003  36.807  -79.318  -16.613 0.1000000015
14064  33.231  -78.024  -14.564 0.1000000015
14065  32.145  -78.407  -14.796 0.1000000015
15101  31.404  -77.437  -14.537 0.1000000015
15103  29.572  -77.101  -15.022 0.1000000015
16160  28.329  -76.846  -16.016 0.1000000015
17160  27.731  -75.777  -16.603 0.1000000015
16176  27.665  -76.718  -16.904 0.1000000015
18172  27.899  -75.115  -17.835 0.1000000015
17166  27.642  -75.840  -17.467 0.1000000015
17179  29.003  -75.118  -19.867 0.1000000015
17172  28.185  -75.295  -18.704 0.1000000015
18195  28.952  -73.844  -20.361 0.1000000015
18208  29.932  -73.882  -21.224 0.1000000015
18182  29.249  -74.935  -20.079 0.1000000015
18207  30.624  -74.343  -21.360 0.1000000015
19315  31.498  -73.554  -22.372 0.1000000015
19323  32.252  -73.316  -23.059 0.1000000015
14097  39.310  -78.549  -17.547 0.1000000015
12981  36.707  -78.617  -16.318 0.1000000015
12983  34.878  -78.887  -15.220 0.1000000015
14082  34.848  -78.072  -15.025 0.1000000015
14078  40.523  -78.450  -16.159 0.1000000015
12982  36.071  -79.072  -15.897 0.1000000015
15100  32.458  -77.310  -14.434 0.1000000015
16145  29.795  -76.536  -14.704 0.1000000015
17149  28.527  -75.933  -15.386 0.1000000015
17150  28.011  -75.780  -15.915 0.1000000015
18158  27.877  -75.110  -16.199 0.1000000015
18176  28.131  -74.534  -18.498 0.1000000015
18183  28.688  -74.419  -19.742 0.1000000015
20410  31.754  -72.417  -23.282 0.1000000015
20409  32.746  -72.823  -23.818 0.1000000015
16183  40.711  -77.205  -17.849 0.1000000015
14109  40.265  -78.016  -17.799 0.1000000015
16170  39.226  -76.486  -17.234 0.1000000015
15125  37.544  -76.820  -16.883 0.1000000015
15111  35.372  -76.743  -15.815 0.1000000015
14062  34.888  -77.366  -15.268 0.1000000015
15124  38.304  -77.125  -17.296 0.1000000015
14080  36.538  -78.070  -16.084 0.1000000015
15099  33.478  -77.049  -14.630 0.1000000015
16143  31.765  -76.483  -14.407 0.1000000015
17133  31.169  -75.656  -14.430 0.1000000015
18157  28.514  -74.783  -15.505 0.1000000015
18171  27.891  -74.210  -17.300 0.1000000015
22631  29.778  -70.248  -22.199 0.1000000015
21519  30.043  -70.879  -22.477 0.1000000015
20398  30.139  -71.613  -22.430 0.1000000015
21509  29.174  -71.685  -21.464 0.1000000015
20389  28.999  -72.489  -21.127 0.1000000015
19279  28.105  -73.295  -18.943 0.1000000015
21518  30.585  -71.143  -22.931 0.1000000015
20388  29.834  -72.393  -21.957 0.1000000015
19298  28.823  -73.138  -20.610 0.1000000015
22630  30.251  -70.213  -22.778 0.1000000015
21530  31.062  -70.933  -23.464 0.1000000015
20397  30.836  -72.419  -22.636 0.1000000015
20387  30.473  -72.851  -22.192 0.1000000015
22641  30.763  -70.221  -23.378 0.1000000015
20411  31.169  -71.639  -23.218 0.1000000015
19316  30.807  -73.087  -22.280 0.1000000015
20396  31.442  -72.890  -22.809 0.1000000015
21542  32.152  -71.078  -24.330 0.1000000015
20424  32.910  -72.092  -24.371 0.1000000015
16152  40.007  -76.403  -16.244 0.1000000015
16169  40.311  -76.570  -17.207 0.1000000015
16153  38.916  -76.264  -16.178 0.1000000015
16172  37.393  -76.200  -16.633 0.1000000015
16171  38.177  -76.366  -16.848 0.1000000015
16155  36.978  -75.788  -16.021 0.1000000015
15112  34.819  -76.631  -15.687 0.1000000015
15098  34.361  -76.763  -15.284 0.1000000015
16141  33.618  -76.181  -15.217 0.1000000015
16142  32.752  -76.339  -14.636 0.1000000015
17134  30.193  -75.622  -14.512 0.1000000015
18156  29.813  -74.533  -14.938 0.1000000015
19269  28.481  -73.280  -16.595 0.1000000015
20364  28.277  -72.193  -18.347 0.1000000015
19274  28.008  -73.200  -17.778 0.1000000015
21508  29.558  -71.157  -21.975 0.1000000015
19287  28.469  -73.219  -19.884 0.1000000015
22621  29.420  -70.281  -21.518 0.1000000015
23690  31.195  -69.337  -23.829 0.1000000015
22640  31.308  -70.339  -23.886 0.1000000015
16126  40.415  -76.566  -13.998 0.1000000015
16137  38.636  -76.257  -15.125 0.1000000015
16136  39.674  -76.421  -15.139 0.1000000015
17143  36.714  -75.658  -15.455 0.1000000015
16154  37.943  -76.071  -16.074 0.1000000015
16156  35.890  -75.794  -16.528 0.1000000015
16157  34.699  -76.035  -16.173 0.1000000015
17130  33.514  -75.601  -15.740 0.1000000015
17131  32.934  -75.548  -15.273 0.1000000015
18147  30.710  -74.942  -14.627 0.1000000015
19255  29.281  -73.556  -15.783 0.1000000015
19254  30.361  -73.619  -15.592 0.1000000015
20355  28.781  -72.168  -17.375 0.1000000015
20342  29.191  -72.541  -16.659 0.1000000015
19268  29.182  -72.985  -16.297 0.1000000015
21499  29.148  -70.959  -21.289 0.1000000015
22616  28.808  -70.763  -20.039 0.1000000015
20373  28.248  -72.239  -19.346 0.1000000015
23682  29.640  -69.501  -21.844 0.1000000015
20380  28.497  -72.313  -20.274 0.1000000015
23681  30.003  -69.447  -22.465 0.1000000015
16114  38.963  -76.505  -12.987 0.1000000015
16128  38.382  -76.305  -14.037 0.1000000015
16129  37.589  -76.177  -14.004 0.1000000015
17144  36.277  -75.357  -15.760 0.1000000015
16174  35.239  -75.496  -16.845 0.1000000015
17146  33.837  -75.189  -16.495 0.1000000015
17147  33.208  -75.191  -15.919 0.1000000015
18153  32.896  -74.520  -16.341 0.1000000015
18155  30.938  -74.257  -15.104 0.1000000015
20340  30.952  -72.833  -16.493 0.1000000015
20328  29.978  -73.230  -15.913 0.1000000015
21477  28.888  -71.531  -18.092 0.1000000015
20354  29.854  -71.992  -17.096 0.1000000015
21485  28.746  -71.239  -18.829 0.1000000015
23691  30.485  -69.327  -23.128 0.1000000015
16115  38.103  -76.400  -13.032 0.1000000015
16117  36.831  -76.073  -13.199 0.1000000015
17128  36.579  -75.690  -14.798 0.1000000015
17118  35.929  -75.481  -13.452 0.1000000015
17129  36.015  -75.385  -14.639 0.1000000015
18162  35.421  -74.468  -16.546 0.1000000015
17158  35.229  -74.885  -17.095 0.1000000015
18152  33.518  -74.661  -16.671 0.1000000015
18165  33.160  -73.894  -16.888 0.1000000015
19252  32.046  -73.852  -16.204 0.1000000015
19267  30.926  -73.294  -16.060 0.1000000015
22607  28.895  -70.743  -19.316 0.1000000015
21476  29.670  -71.329  -17.774 0.1000000015
23671  29.464  -69.495  -21.074 0.1000000015
22615  29.163  -70.357  -20.650 0.1000000015
24773  31.004  -68.337  -23.282 0.1000000015
18142  35.442  -74.979  -14.205 0.1000000015
18150  35.639  -74.744  -15.573 0.1000000015
18151  35.074  -74.053  -15.972 0.1000000015
19250  34.514  -73.445  -16.269 0.1000000015
18164  33.772  -74.264  -17.003 0.1000000015
19263  34.118  -73.433  -16.866 0.1000000015
19265  32.549  -73.419  -16.751 0.1000000015
20353  30.923  -72.114  -17.045 0.1000000015
24739  29.940  -68.431  -22.049 0.1000000015
22597  29.487  -70.400  -18.691 0.1000000015
24757  30.264  -68.532  -22.553 0.1000000015
18143  34.971  -74.358  -14.840 0.1000000015
19251  34.232  -73.182  -15.636 0.1000000015
19242  34.540  -73.701  -15.316 0.1000000015
21464  33.368  -72.070  -15.719 0.1000000015
20326  33.771  -72.679  -15.449 0.1000000015
20336  34.165  -73.088  -16.530 0.1000000015
21465  32.870  -71.717  -16.296 0.1000000015
20339  31.834  -72.510  -16.868 0.1000000015
20352  31.629  -71.911  -17.170 0.1000000015
24740  29.686  -68.664  -21.549 0.1000000015
24722  29.538  -68.698  -20.676 0.1000000015
22606  29.209  -70.184  -19.697 0.1000000015
22588  29.741  -70.795  -18.154 0.1000000015
25885  30.201  -67.760  -21.820 0.1000000015
23660  29.404  -69.474  -20.200 0.1000000015
22571  32.279  -70.982  -16.479 0.1000000015
20338  32.800  -72.517  -16.861 0.1000000015
20337  33.647  -72.671  -16.466 0.1000000015
22586  31.062  -70.928  -17.476 0.1000000015
21466  32.124  -71.621  -16.971 0.1000000015
23643  29.905  -69.469  -18.390 0.1000000015
22587  30.423  -70.481  -17.777 0.1000000015
22596  30.075  -70.038  -18.240 0.1000000015
10995  26.040  -81.482  -20.549 0.1000000015
13043  26.796  -79.516  -20.929 0.1000000015
14169  31.512  -78.344  -23.062 0.1000000015
14155  31.794  -77.743  -22.228 0.1000000015
15197  27.781  -78.134  -23.080 0.1000000015
6160  30.338  -87.223  -15.040 0.1000000015
14157  26.687  -79.022  -22.171 0.1000000015
7042  31.157  -85.683  -15.715 0.1000000015
7997  30.174  -84.689  -19.454 0.1000000015
15182  30.702  -77.217  -21.982 0.1000000015
7083  31.557  -85.283  -18.013 0.1000000015
7996  31.264  -84.772  -19.447 0.1000000015
8938  29.856  -83.024  -18.875 0.1000000015
8949  29.659  -83.588  -19.204 0.1000000015
8937  30.414  -83.192  -18.853 0.1000000015
9965  29.131  -82.135  -18.655 0.1000000015
12024  27.829  -80.095  -18.758 0.1000000015
15167  30.916  -76.987  -21.422 0.1000000015
10975  30.168  -81.894  -18.033 0.1000000015
10963  29.276  -80.994  -17.871 0.1000000015
7971  33.730  -84.470  -17.729 0.1000000015
9961  32.874  -83.100  -18.483 0.1000000015
8883  35.249  -83.857  -15.146 0.1000000015
9959  34.898  -82.788  -18.435 0.1000000015
9960  33.906  -83.060  -18.452 0.1000000015
10962  29.864  -81.245  -17.663 0.1000000015
13019  28.993  -79.897  -17.392 0.1000000015
8916  36.272  -82.963  -18.349 0.1000000015
10960  31.781  -81.766  -17.408 0.1000000015
10938  33.025  -81.318  -16.832 0.1000000015
11990  29.967  -80.214  -16.879 0.1000000015
11987  32.457  -80.702  -16.416 0.1000000015
12988  30.061  -79.101  -16.083 0.1000000015
14100  29.184  -78.608  -16.360 0.1000000015
14101  28.735  -78.418  -16.627 0.1000000015
15136  27.557  -77.510  -17.668 0.1000000015
16198  28.279  -76.155  -19.674 0.1000000015
18206  31.692  -74.831  -21.640 0.1000000015
18218  32.695  -74.812  -22.199 0.1000000015
17212  32.738  -75.368  -21.925 0.1000000015
11984  35.841  -80.239  -16.563 0.1000000015
10937  34.020  -81.297  -16.837 0.1000000015
10920  38.077  -81.078  -16.312 0.1000000015
10955  36.844  -81.565  -18.191 0.1000000015
10973  36.165  -81.930  -18.494 0.1000000015
12986  31.748  -79.694  -15.803 0.1000000015
14066  31.151  -78.129  -14.849 0.1000000015
15113  29.861  -78.070  -15.439 0.1000000015
17181  28.140  -76.016  -19.330 0.1000000015
12005  37.696  -80.487  -17.848 0.1000000015
12964  33.156  -78.762  -14.894 0.1000000015
15102  30.289  -77.609  -14.921 0.1000000015
16161  27.882  -76.272  -16.332 0.1000000015
19314  32.509  -74.023  -22.620 0.1000000015
14098  38.484  -78.083  -17.373 0.1000000015
14063  34.200  -77.761  -14.784 0.1000000015
16144  30.738  -76.565  -14.448 0.1000000015
18167  27.730  -75.039  -16.936 0.1000000015
19297  29.345  -73.655  -20.857 0.1000000015
19324  31.721  -73.073  -22.898 0.1000000015
15135  39.938  -77.260  -17.945 0.1000000015
14081  35.662  -77.858  -15.530 0.1000000015
17148  29.229  -75.648  -14.878 0.1000000015
18166  28.057  -74.343  -16.359 0.1000000015
19306  30.465  -73.451  -21.843 0.1000000015
21528  32.306  -71.826  -24.037 0.1000000015
15110  36.606  -76.844  -16.330 0.1000000015
17132  32.120  -75.603  -14.685 0.1000000015
19256  28.492  -73.925  -15.969 0.1000000015
19307  29.580  -73.201  -21.371 0.1000000015
19308  29.133  -73.150  -21.017 0.1000000015
21529  31.632  -71.252  -23.804 0.1000000015
21541  32.727  -71.296  -24.654 0.1000000015
21500  28.772  -71.399  -20.701 0.1000000015
21491  28.529  -71.408  -19.757 0.1000000015
18145  32.391  -74.960  -15.349 0.1000000015
24758  29.833  -68.898  -22.134 0.1000000015
21475  30.608  -71.379  -17.490 0.1000000015
19264  33.388  -73.337  -16.970 0.1000000015
24766  37.970  -68.300  -22.960 0.3000000119
24752  38.319  -68.588  -22.091 0.3000000119
23670  38.271  -69.291  -21.023 0.3000000119
23657  38.759  -69.573  -20.172 0.4000000060
23648  38.932  -70.266  -19.069 0.4000000060
24734  38.780  -68.985  -21.326 0.3000000119
23656  39.314  -69.552  -19.745 0.4000000060
20465  41.017  -72.087  -27.306 0.1000000015
22691  41.537  -70.301  -27.432 0.1000000015
24826  41.586  -68.487  -26.883 0.2000000030
26985  41.137  -66.322  -25.442 0.3000000119
24801  36.278  -68.961  -25.091 0.3000000119
28027  40.415  -66.309  -22.832 0.4000000060
26953  40.306  -66.384  -22.091 0.4000000060
25943  41.282  -67.381  -26.357 0.2000000030
28062  40.873  -65.841  -24.740 0.3000000119
27992  39.653  -66.681  -20.779 0.4000000060
26910  38.954  -66.927  -19.480 0.4000000060
20466  40.564  -72.726  -27.400 0.1000000015
28011  39.774  -66.233  -21.414 0.4000000060
27981  38.763  -66.345  -19.736 0.4000000060
20479  40.722  -71.752  -27.828 0.1000000015
25830  38.552  -67.485  -17.647 0.5000000000
25952  41.135  -67.663  -27.181 0.2000000030
28077  40.930  -65.779  -25.283 0.3000000119
28045  40.485  -65.974  -23.693 0.3000000119
24673  38.589  -68.133  -16.405 0.4000000060
28028  39.895  -65.817  -22.474 0.4000000060
27993  39.058  -66.195  -20.342 0.4000000060
26911  38.493  -66.588  -18.991 0.5000000000
21589  40.414  -71.378  -28.367 0.2000000030
22698  40.933  -70.440  -28.144 0.2000000030
23745  41.282  -69.518  -27.784 0.2000000030
26999  40.987  -66.385  -26.199 0.2000000030
24827  41.393  -68.550  -27.392 0.2000000030
28063  40.163  -65.627  -24.436 0.3000000119
28046  39.571  -65.594  -23.513 0.3000000119
20480  40.199  -72.359  -28.027 0.1000000015
28012  39.042  -65.606  -21.410 0.4000000060
28029  38.823  -65.426  -22.469 0.4000000060
27994  38.246  -65.408  -20.409 0.4000000060
26896  38.567  -67.024  -18.581 0.5000000000
26878  37.935  -66.707  -17.770 0.5000000000
25808  38.262  -67.527  -16.740 0.4000000060
26897  38.165  -66.524  -18.529 0.5000000000
25831  38.082  -67.107  -17.289 0.4000000060
24848  40.872  -68.945  -27.964 0.2000000030
25944  40.693  -66.890  -26.800 0.2000000030
26986  40.663  -65.873  -25.673 0.4000000060
27000  40.151  -66.271  -26.255 0.2000000030
28079  39.896  -65.511  -24.892 0.3000000119
26987  39.508  -65.765  -25.398 0.4000000060
27982  38.278  -65.998  -19.329 0.5000000000
27951  37.481  -66.191  -17.435 0.5000000000
24655  38.432  -67.972  -16.220 0.4000000060
28064  39.196  -65.560  -24.501 0.4000000060
27966  37.611  -65.945  -18.213 0.5000000000
24828  40.596  -68.271  -27.693 0.2000000030
23756  40.480  -69.686  -28.290 0.2000000030
25953  40.151  -67.515  -27.372 0.2000000030
25789  38.163  -67.553  -16.002 0.4000000060
25945  39.594  -66.886  -26.879 0.2000000030
28013  37.947  -65.108  -21.468 0.4000000060
24829  39.484  -68.271  -27.822 0.2000000030
26975  39.111  -65.579  -24.983 0.4000000060
25788  38.454  -67.535  -15.538 0.4000000060
28047  38.458  -65.464  -23.453 0.3000000119
29055  37.500  -65.080  -19.519 0.5000000000
22699  39.959  -70.568  -28.739 0.2000000030
24849  39.993  -68.973  -28.175 0.2000000030
28030  37.724  -65.211  -22.543 0.4000000060
29062  37.367  -64.789  -20.447 0.4000000060
27932  37.296  -66.004  -16.749 0.5000000000
26844  37.726  -66.684  -16.296 0.4000000060
23581  41.427  -70.090  -14.219 0.4000000060
22711  39.309  -70.985  -29.265 0.2000000030
27001  38.956  -66.479  -26.212 0.2000000030
27967  37.078  -65.272  -18.103 0.5000000000
21607  39.019  -71.805  -29.584 0.2000000030
28065  37.982  -65.718  -24.256 0.4000000060
29046  37.460  -65.384  -18.761 0.5000000000
26860  37.740  -66.708  -17.027 0.5000000000
25770  40.453  -67.991  -14.562 0.4000000060
24636  40.947  -69.123  -14.363 0.2000000030
23757  39.444  -69.781  -28.631 0.2000000030
26988  38.226  -66.248  -25.553 0.4000000060
26843  38.062  -66.663  -15.672 0.4000000060
25954  38.956  -67.590  -27.397 0.2000000030
25946  38.393  -67.069  -26.866 0.2000000030
24850  38.817  -69.037  -28.388 0.2000000030
26826  39.085  -67.005  -14.913 0.4000000060
26827  38.572  -66.880  -15.249 0.4000000060
27913  38.427  -65.776  -15.362 0.4000000060
29047  36.805  -64.735  -18.598 0.5000000000
27952  37.105  -65.560  -17.428 0.5000000000
27914  37.381  -65.552  -15.934 0.4000000060
26976  38.588  -65.762  -24.960 0.4000000060
28014  37.127  -64.859  -21.884 0.3000000119
30044  36.191  -64.049  -18.701 0.5000000000
24830  38.285  -68.264  -27.951 0.2000000030
27889  38.798  -66.459  -15.121 0.4000000060
27933  36.889  -65.207  -16.662 0.5000000000
29020  36.464  -64.447  -16.504 0.5000000000
29063  36.549  -64.367  -20.567 0.4000000060
29056  36.657  -64.421  -19.590 0.5000000000
29036  36.576  -64.715  -17.449 0.5000000000
30055  36.029  -63.917  -19.350 0.5000000000
29057  36.126  -64.040  -19.962 0.5000000000
24717  38.928  -69.290  -20.757 0.4000000060
26909  39.312  -67.217  -19.998 0.4000000060
25771  39.514  -67.961  -14.696 0.4000000060
30029  36.302  -64.198  -18.001 0.5000000000
24818  37.741  -69.251  -25.910 0.3000000119
24780  38.734  -67.907  -23.605 0.3000000119
24765  38.819  -68.135  -22.693 0.2000000030
24733  39.426  -68.375  -21.650 0.2000000030
22678  38.083  -70.443  -26.495 0.2000000030
24817  38.681  -68.838  -25.805 0.3000000119
25935  40.068  -67.546  -24.684 0.3000000119
25909  40.034  -67.335  -23.391 0.3000000119
23730  39.551  -69.370  -26.245 0.2000000030
24798  40.352  -67.763  -25.310 0.2000000030
25923  40.386  -67.236  -24.239 0.2000000030
24814  41.470  -68.185  -26.605 0.2000000030
20513  38.394  -72.501  -30.079 0.1000000015
20514  38.002  -72.491  -30.720 0.1000000015
27014  35.630  -66.290  -27.514 0.1000000015
22680  35.669  -70.613  -26.150 0.1000000015
23711  36.845  -69.344  -25.758 0.2000000030
24781  37.785  -68.282  -24.018 0.2000000030
23732  37.361  -69.800  -26.304 0.2000000030
24800  37.553  -68.749  -25.120 0.2000000030
20438  35.851  -72.571  -25.596 0.1000000015
20454  37.361  -72.101  -26.076 0.1000000015
22679  36.932  -70.555  -26.415 0.2000000030
20455  36.455  -72.123  -26.016 0.1000000015
21606  39.681  -71.326  -28.942 0.1000000015
24831  37.349  -68.030  -28.048 0.1000000015
25956  36.664  -67.354  -27.586 0.1000000015
27003  36.548  -66.773  -26.548 0.1000000015
24851  37.585  -68.779  -28.819 0.1000000015
27013  35.980  -66.783  -27.189 0.1000000015
26990  35.885  -66.306  -25.685 0.1000000015
25957  35.927  -66.934  -27.749 0.1000000015
26991  35.215  -65.995  -25.925 0.1000000015
28068  34.547  -65.306  -24.503 0.1000000015
28052  33.681  -64.627  -23.982 0.1000000015
21566  36.601  -71.398  -26.296 0.1000000015
26977  37.515  -66.094  -24.932 0.1000000015
28031  36.575  -65.084  -22.600 0.3000000119
27002  37.735  -66.761  -26.264 0.1000000015
28066  36.810  -65.878  -24.292 0.2000000030
29064  35.740  -64.017  -20.606 0.3000000119
30062  35.040  -63.612  -20.393 0.3000000119
21629  38.346  -71.971  -30.335 0.1000000015
23758  38.332  -69.843  -29.258 0.1000000015
25947  37.379  -67.165  -26.920 0.1000000015
26978  36.515  -66.208  -25.020 0.1000000015
28049  36.136  -65.542  -23.566 0.2000000030
29075  34.921  -64.027  -21.392 0.3000000119
23759  37.644  -69.401  -29.501 0.1000000015
28067  35.556  -65.837  -24.706 0.1000000015
29090  34.199  -64.494  -22.606 0.2000000030
30078  34.201  -63.529  -21.028 0.3000000119
29105  33.884  -64.626  -23.196 0.1000000015
29077  33.426  -63.701  -21.897 0.2000000030
30064  33.706  -63.182  -20.544 0.4000000060
28082  34.209  -65.068  -24.972 0.1000000015
29106  33.456  -64.304  -23.404 0.1000000015
30094  32.965  -63.474  -22.031 0.3000000119
23716  32.780  -69.996  -24.947 0.1000000015
29037  36.089  -64.071  -17.418 0.4000000060
30056  35.516  -63.658  -19.691 0.4000000060
30045  35.563  -63.526  -18.798 0.4000000060
30057  34.839  -63.292  -19.600 0.4000000060
31066  34.687  -62.900  -18.768 0.4000000060
30063  34.369  -63.316  -20.233 0.4000000060
31090  33.255  -62.779  -20.043 0.5000000000
30079  33.425  -63.404  -21.338 0.3000000119
30065  33.085  -62.981  -20.724 0.5000000000
29118  33.514  -64.194  -24.405 0.2000000030
31091  32.453  -62.369  -20.374 0.4000000060
29127  34.579  -64.418  -25.904 0.1000000015
30129  33.782  -63.371  -24.945 0.1000000015
30107  32.542  -62.668  -23.185 0.2000000030
30095  32.440  -62.871  -22.265 0.2000000030
29148  35.828  -64.722  -27.502 0.1000000015
30140  35.133  -63.908  -26.303 0.1000000015
30117  33.074  -63.195  -24.074 0.2000000030
29147  36.625  -64.207  -27.842 0.1000000015
30153  36.291  -63.825  -27.184 0.1000000015
27915  36.864  -64.907  -16.191 0.4000000060
30009  36.116  -63.969  -16.592 0.4000000060
31047  35.100  -63.060  -18.148 0.4000000060
30030  35.724  -63.615  -17.850 0.4000000060
31031  35.108  -62.776  -17.006 0.4000000060
31081  34.212  -62.888  -19.421 0.4000000060
32150  32.940  -61.691  -18.434 0.4000000060
32149  33.570  -61.853  -18.013 0.4000000060
32165  32.311  -61.750  -19.400 0.5000000000
32177  31.910  -61.660  -20.045 0.4000000060
31124  32.165  -62.044  -22.509 0.3000000119
31106  32.057  -62.192  -21.467 0.4000000060
31092  31.875  -61.788  -20.681 0.4000000060
31155  34.504  -62.197  -24.994 0.2000000030
31143  33.644  -62.006  -24.360 0.2000000030
30127  35.528  -63.120  -26.139 0.1000000015
30128  34.685  -63.382  -25.694 0.2000000030
28132  39.043  -65.332  -31.331 0.1000000015
29002  36.886  -64.436  -15.915 0.4000000060
31022  35.607  -62.702  -16.192 0.4000000060
32135  34.295  -62.000  -17.171 0.4000000060
32122  35.139  -62.237  -16.337 0.4000000060
32136  33.832  -61.666  -17.349 0.4000000060
33246  32.295  -60.630  -17.981 0.4000000060
32137  33.341  -61.557  -17.767 0.4000000060
32151  32.128  -61.154  -18.768 0.3000000119
33261  31.564  -60.152  -19.653 0.4000000060
32166  31.760  -61.066  -19.473 0.4000000060
33286  32.236  -60.434  -21.949 0.3000000119
32189  31.772  -60.678  -21.221 0.3000000119
31107  31.775  -61.432  -21.140 0.4000000060
32236  34.873  -61.594  -24.875 0.2000000030
32224  34.588  -61.312  -24.552 0.2000000030
31144  33.153  -61.540  -23.733 0.2000000030
31133  32.595  -61.777  -23.271 0.2000000030
31167  36.106  -62.734  -26.208 0.2000000030
29201  39.433  -64.531  -32.341 0.1000000015
28143  39.504  -64.897  -32.164 0.1000000015
30190  39.959  -63.916  -30.492 0.1000000015
29991  37.021  -63.554  -15.644 0.4000000060
29001  37.694  -64.556  -15.578 0.3000000119
31021  36.342  -62.643  -15.733 0.4000000060
33205  35.379  -60.699  -15.809 0.4000000060
32109  35.546  -61.722  -15.873 0.4000000060
33220  33.903  -60.797  -16.549 0.4000000060
32123  34.533  -61.679  -16.568 0.4000000060
34425  32.719  -59.699  -17.170 0.4000000060
33221  33.476  -60.775  -16.868 0.4000000060
34436  31.996  -59.521  -18.037 0.4000000060
36667  32.311  -57.188  -21.151 0.3000000119
35559  32.008  -58.015  -20.708 0.3000000119
36634  31.735  -57.819  -19.966 0.3000000119
34445  31.572  -59.088  -19.878 0.3000000119
34437  31.602  -59.336  -18.919 0.3000000119
34526  35.120  -59.747  -24.023 0.2000000030
33318  34.141  -59.940  -23.512 0.2000000030
35598  33.052  -58.544  -22.211 0.3000000119
34495  33.050  -59.417  -22.376 0.2000000030
33287  31.973  -59.795  -21.268 0.3000000119
33276  31.638  -59.989  -20.536 0.3000000119
32223  35.193  -61.032  -24.680 0.2000000030
33320  33.227  -60.487  -23.141 0.2000000030
31153  36.626  -61.940  -25.939 0.2000000030
27888  39.184  -66.212  -15.043 0.3000000119
27912  39.302  -65.413  -15.224 0.3000000119
29000  38.648  -64.524  -15.377 0.4000000060
32108  36.645  -61.707  -15.557 0.3000000119
31020  37.284  -62.588  -15.519 0.4000000060
34389  35.923  -60.146  -15.754 0.4000000060
33204  36.179  -60.864  -15.648 0.4000000060
34405  35.238  -59.687  -15.939 0.4000000060
33219  34.618  -60.639  -16.065 0.4000000060
35509  34.005  -58.872  -16.554 0.3000000119
34424  33.480  -59.396  -16.685 0.4000000060
34406  34.134  -59.751  -16.282 0.4000000060
39869  32.777  -54.768  -19.857 0.3000000119
38784  32.655  -55.572  -19.360 0.2000000030
38776  32.848  -55.901  -18.718 0.2000000030
36615  33.005  -57.665  -17.525 0.2000000030
35529  32.479  -58.603  -17.574 0.3000000119
35528  33.379  -58.507  -16.988 0.3000000119
38817  32.390  -55.510  -21.034 0.3000000119
37698  32.150  -56.415  -19.851 0.3000000119
36633  31.862  -57.208  -19.506 0.2000000030
36626  32.060  -57.484  -18.602 0.2000000030
36616  32.349  -57.881  -17.925 0.2000000030
35612  34.692  -58.345  -23.519 0.2000000030
36683  33.469  -57.412  -22.639 0.3000000119
37747  32.939  -56.406  -22.220 0.3000000119
36684  32.727  -57.375  -21.843 0.3000000119
26825  39.947  -66.740  -14.829 0.3000000119
35507  35.849  -58.754  -16.491 0.3000000119
38773  35.194  -55.525  -18.385 0.2000000030
37689  34.896  -56.329  -17.925 0.2000000030
35527  34.428  -58.138  -16.888 0.2000000030
35526  35.404  -58.099  -17.007 0.2000000030
39866  35.020  -54.193  -18.898 0.2000000030
38774  34.347  -55.602  -18.294 0.2000000030
37690  33.899  -56.276  -17.908 0.2000000030
37680  34.273  -56.848  -17.589 0.2000000030
29158  36.955  -64.608  -28.552 0.1000000015
37761  33.901  -56.452  -23.302 0.3000000119
33345  35.993  -60.577  -24.829 0.2000000030
24716  39.386  -68.901  -20.711 0.3000000119
25910  39.375  -67.733  -23.062 0.3000000119
25922  40.823  -66.952  -24.572 0.2000000030
24786  32.532  -68.854  -24.454 0.1000000015
23734  35.726  -69.915  -26.062 0.2000000030
28048  37.281  -65.487  -23.440 0.3000000119
29074  36.162  -64.551  -21.607 0.2000000030
23731  38.423  -69.620  -26.313 0.2000000030
24799  39.048  -68.001  -24.874 0.3000000119
23733  36.368  -69.885  -26.202 0.2000000030
24852  36.767  -67.905  -28.551 0.1000000015
25955  37.793  -67.613  -27.443 0.1000000015
26989  37.033  -66.486  -25.637 0.1000000015
28080  35.277  -65.929  -25.476 0.1000000015
28050  35.104  -65.359  -23.686 0.1000000015
29088  35.925  -64.827  -22.356 0.3000000119
30046  35.153  -63.315  -19.114 0.4000000060
28032  35.634  -65.118  -22.892 0.3000000119
29089  35.283  -64.674  -22.300 0.3000000119
29076  33.930  -63.877  -21.775 0.3000000119
30010  35.796  -63.651  -16.896 0.4000000060
31048  34.427  -62.347  -17.762 0.4000000060
31156  33.676  -62.708  -24.652 0.2000000030
29992  36.188  -63.579  -16.174 0.4000000060
31032  34.549  -62.221  -17.101 0.4000000060
32225  33.647  -60.993  -23.812 0.2000000030
34475  32.547  -59.404  -21.833 0.3000000119
33305  32.998  -60.187  -22.719 0.2000000030
33319  33.599  -60.303  -23.344 0.2000000030
29990  37.956  -63.525  -15.452 0.4000000060
37711  32.248  -56.417  -20.700 0.3000000119
35596  34.130  -58.203  -23.133 0.2000000030
35597  33.721  -58.418  -22.795 0.2000000030
29989  38.969  -63.458  -15.528 0.4000000060
35508  34.818  -58.810  -16.410 0.4000000060
36614  33.939  -57.523  -17.275 0.2000000030
40918  33.095  -54.256  -19.708 0.2000000030
39868  33.323  -54.753  -19.227 0.2000000030
39858  33.459  -55.204  -18.801 0.2000000030
37691  32.931  -56.617  -18.202 0.2000000030
27887  39.673  -65.987  -15.099 0.2000000030
27911  40.299  -65.625  -15.324 0.2000000030
22676  40.218  -70.006  -26.352 0.1000000015
23729  40.642  -69.216  -26.262 0.1000000015
22662  35.121  -70.393  -25.948 0.1000000015
24797  40.909  -67.488  -25.427 0.1000000015
23728  41.443  -69.259  -26.606 0.1000000015
24815  41.018  -68.071  -25.993 0.1000000015
24635  41.959  -69.150  -14.452 0.1000000015
25769  41.605  -68.094  -14.681 0.1000000015
25786  42.763  -68.016  -15.322 0.1000000015
26824  40.928  -67.073  -14.878 0.1000000015
25787  41.758  -67.156  -15.190 0.1000000015
26842  40.580  -66.434  -15.114 0.1000000015
26841  41.218  -66.315  -15.350 0.1000000015
28999  39.647  -64.461  -15.482 0.1000000015
28998  40.594  -64.452  -15.726 0.1000000015
29987  40.800  -63.765  -15.999 0.2000000030
32107  37.632  -61.621  -15.604 0.2000000030
29988  40.103  -63.337  -15.805 0.2000000030
31018  39.235  -62.442  -15.764 0.2000000030
31019  38.270  -62.510  -15.576 0.2000000030
31030  40.739  -62.689  -16.269 0.2000000030
31017  40.037  -62.204  -16.025 0.2000000030
32106  38.636  -61.465  -15.853 0.2000000030
33203  37.086  -60.843  -15.619 0.2000000030
34388  36.678  -60.140  -15.759 0.2000000030
34404  36.277  -59.477  -16.057 0.2000000030
35525  36.492  -58.103  -17.477 0.1000000015
30007  41.358  -63.438  -16.336 0.2000000030
33202  37.977  -60.674  -15.860 0.2000000030
34387  37.503  -60.186  -15.890 0.2000000030
34403  37.188  -59.581  -16.192 0.1000000015
35505  37.609  -59.195  -16.741 0.1000000015
35506  36.843  -58.900  -16.691 0.1000000015
25768  42.334  -68.561  -14.783 0.1000000015
26840  42.316  -66.403  -15.752 0.1000000015
32105  39.439  -61.712  -16.010 0.2000000030
38830  33.060  -55.412  -22.554 0.2000000030
38831  32.620  -55.477  -21.820 0.2000000030
38845  33.734  -55.319  -23.341 0.2000000030
40975  33.325  -53.425  -22.938 0.2000000030
39899  32.544  -54.629  -21.347 0.2000000030
40964  32.953  -53.612  -22.285 0.2000000030
40965  32.721  -53.788  -21.595 0.2000000030
40974  33.804  -53.384  -23.542 0.2000000030
39886  32.566  -54.694  -20.580 0.2000000030
42099  33.232  -52.434  -21.475 0.1000000015
42111  33.226  -52.588  -22.342 0.2000000030
42100  32.884  -53.141  -21.111 0.2000000030
40937  33.208  -53.403  -20.218 0.2000000030
44509  33.702  -51.009  -22.150 0.1000000015
44501  33.768  -51.227  -21.693 0.1000000015
43293  34.119  -51.904  -20.651 0.1000000015
45714  34.358  -49.815  -23.229 0.1000000015
45730  34.592  -49.627  -24.065 0.1000000015
28997  41.245  -64.280  -16.038 0.1000000015
42064  34.130  -52.961  -19.778 0.1000000015
44487  35.008  -50.945  -20.769 0.1000000015
42085  34.414  -52.320  -20.106 0.1000000015
44508  34.059  -50.419  -22.491 0.1000000015
44500  34.356  -50.716  -21.488 0.1000000015
46980  34.839  -48.996  -23.084 0.1000000015
45706  35.473  -49.121  -22.136 0.1000000015
48255  35.726  -47.851  -24.283 0.1000000015
31029  41.582  -62.330  -16.828 0.1000000015
30006  42.400  -63.255  -16.909 0.1000000015
39856  34.661  -54.874  -18.579 0.1000000015
40916  34.506  -53.548  -19.334 0.1000000015
43292  34.725  -51.584  -20.483 0.1000000015
42084  35.307  -52.238  -19.945 0.1000000015
45697  35.604  -49.713  -21.637 0.1000000015
48219  36.399  -47.965  -22.805 0.1000000015
46962  36.556  -48.453  -22.439 0.1000000015
32104  39.937  -61.667  -16.218 0.1000000015
40936  36.759  -53.303  -19.909 0.1000000015
39865  35.977  -54.424  -19.084 0.1000000015
42081  37.796  -52.487  -21.000 0.1000000015
42083  36.381  -52.613  -20.054 0.1000000015
42062  35.757  -52.929  -19.674 0.1000000015
40915  35.418  -53.552  -19.341 0.1000000015
43302  37.465  -51.355  -21.281 0.1000000015
43290  36.647  -51.470  -20.753 0.1000000015
44506  38.110  -50.324  -22.325 0.1000000015
44496  37.710  -50.702  -21.756 0.1000000015
44498  36.264  -50.454  -21.196 0.1000000015
44486  35.773  -50.916  -20.802 0.1000000015
45713  38.497  -49.572  -22.988 0.1000000015
45703  37.907  -49.337  -22.536 0.1000000015
45695  36.925  -49.862  -21.741 0.1000000015
46960  38.139  -48.916  -22.778 0.1000000015
31046  42.066  -62.161  -17.248 0.1000000015
32118  41.321  -61.688  -17.019 0.1000000015
38772  35.953  -55.358  -18.689 0.1000000015
43319  39.104  -50.962  -23.198 0.1000000015
43301  38.211  -51.394  -21.906 0.1000000015
44515  38.760  -50.521  -22.967 0.1000000015
37697  36.467  -55.929  -18.758 0.1000000015
42121  33.560  -52.513  -23.169 0.1000000015
44517  33.754  -50.923  -22.658 0.1000000015
45704  37.165  -49.505  -22.042 0.1000000015
46961  37.555  -48.441  -22.678 0.1000000015
40913  36.951  -53.784  -19.864 0.1000000015
31229  36.344  -62.656  -30.042 0.1000000015
32266  35.887  -61.392  -28.535 0.1000000015
30184  35.636  -62.971  -29.599 0.1000000015
30193  35.981  -63.274  -30.297 0.1000000015
29187  35.047  -64.715  -30.757 0.1000000015
27043  34.065  -66.088  -31.665 0.1000000015
26003  32.372  -67.114  -31.728 0.1000000015
31215  36.808  -61.953  -29.752 0.1000000015
32278  36.535  -61.579  -29.128 0.1000000015
29174  35.466  -63.577  -29.994 0.1000000015
29186  35.906  -63.972  -30.995 0.1000000015
33360  35.535  -60.161  -27.712 0.1000000015
33374  36.243  -60.632  -28.148 0.1000000015
33372  38.193  -60.469  -28.187 0.1000000015
32276  38.306  -61.279  -29.411 0.1000000015
30192  36.659  -63.143  -30.865 0.1000000015
31198  35.322  -61.997  -28.519 0.1000000015
34552  37.014  -59.608  -27.059 0.1000000015
33357  38.507  -60.394  -27.388 0.1000000015
32267  34.980  -61.435  -28.043 0.1000000015
35657  34.613  -58.547  -27.430 0.1000000015
34555  33.983  -59.939  -27.769 0.1000000015
34554  34.718  -59.639  -27.569 0.1000000015
35658  34.049  -59.330  -27.800 0.1000000015
32264  37.779  -60.836  -28.821 0.1000000015
25990  32.148  -66.998  -30.987 0.1000000015
6158  31.760  -86.144  -15.169 0.1000000015
6196  29.264  -86.064  -18.104 0.1000000015
7082  32.289  -85.101  -18.324 0.1000000015
7085  29.571  -85.772  -17.639 0.1000000015
7097  31.915  -85.325  -18.755 0.1000000015
7109  32.356  -85.198  -19.120 0.1000000015
7936  34.117  -84.141  -16.076 0.1000000015
7984  34.254  -84.134  -18.079 0.1000000015
7986  32.989  -84.999  -19.067 0.1000000015
7995  32.345  -84.790  -19.385 0.1000000015
8896  34.743  -83.761  -16.169 0.1000000015
8908  34.673  -83.828  -17.113 0.1000000015
8918  34.771  -83.771  -17.763 0.1000000015
8931  36.036  -82.694  -18.615 0.1000000015
8934  33.372  -83.835  -19.020 0.1000000015
8936  31.383  -83.424  -18.887 0.1000000015
8945  33.096  -84.230  -19.319 0.1000000015
8947  31.872  -84.161  -19.327 0.1000000015
9921  37.623  -82.105  -15.618 0.1000000015
9922  37.297  -82.517  -15.787 0.1000000015
9940  37.088  -82.406  -17.966 0.1000000015
9941  35.640  -81.984  -18.387 0.1000000015
9944  33.289  -82.505  -17.945 0.1000000015
9957  36.388  -82.347  -18.472 0.1000000015
9958  35.743  -82.369  -18.547 0.1000000015
9974  29.466  -82.794  -18.886 0.1000000015
10921  37.834  -81.495  -16.159 0.1000000015
10933  38.232  -81.133  -16.776 0.1000000015
10934  37.981  -81.565  -17.060 0.1000000015
10935  35.655  -80.963  -17.199 0.1000000015
10939  32.137  -81.241  -16.885 0.1000000015
10953  38.338  -81.160  -17.372 0.1000000015
10959  32.681  -81.893  -17.368 0.1000000015
10974  35.873  -81.926  -18.475 0.1000000015
11962  38.255  -80.774  -16.399 0.1000000015
11966  33.568  -80.015  -15.762 0.1000000015
11983  37.137  -80.089  -17.308 0.1000000015
11988  31.641  -80.514  -16.471 0.1000000015
12008  30.148  -80.810  -17.233 0.1000000015
12962  34.462  -78.355  -14.904 0.1000000015
12963  33.954  -78.570  -14.810 0.1000000015
13008  28.693  -78.964  -17.042 0.1000000015
13017  38.255  -80.288  -17.784 0.1000000015
13047  25.812  -79.989  -21.726 0.1000000015
14067  30.750  -78.280  -15.089 0.1000000015
14084  31.257  -78.796  -15.272 0.1000000015
14085  30.352  -78.543  -15.476 0.1000000015
14086  29.587  -78.494  -15.954 0.1000000015
14096  40.285  -78.455  -17.138 0.1000000015
14099  37.459  -78.015  -16.699 0.1000000015
14102  28.243  -78.139  -16.965 0.1000000015
14108  40.767  -78.030  -17.449 0.1000000015
14110  39.840  -77.729  -17.903 0.1000000015
15097  34.848  -76.909  -15.505 0.1000000015
15122  41.154  -77.684  -17.196 0.1000000015
15123  39.271  -77.418  -17.693 0.1000000015
15126  28.324  -77.650  -16.565 0.1000000015
15133  40.776  -77.566  -17.718 0.1000000015
15134  40.337  -77.443  -17.959 0.1000000015
15164  33.082  -77.551  -21.879 0.1000000015
15180  33.581  -77.194  -21.996 0.1000000015
16130  36.942  -76.077  -13.964 0.1000000015
16135  40.779  -76.607  -15.106 0.1000000015
16138  37.737  -76.107  -15.077 0.1000000015
16139  37.065  -75.924  -14.931 0.1000000015
16140  34.154  -76.233  -15.626 0.1000000015
16158  33.962  -75.865  -15.855 0.1000000015
16159  29.068  -76.618  -15.184 0.1000000015
16168  41.147  -76.995  -17.304 0.1000000015
16173  35.610  -75.280  -16.910 0.1000000015
16184  40.405  -76.946  -17.843 0.1000000015
16185  39.820  -76.863  -17.718 0.1000000015
16216  32.898  -76.738  -21.655 0.1000000015
16235  28.843  -76.766  -21.748 0.1000000015
17106  36.994  -76.121  -12.667 0.1000000015
17117  36.442  -75.805  -13.790 0.1000000015
17145  34.695  -75.314  -16.847 0.1000000015
17157  35.876  -74.976  -16.597 0.1000000015
17159  34.468  -74.769  -17.015 0.1000000015
17187  31.011  -75.731  -20.940 0.1000000015
17224  34.807  -75.276  -23.118 0.1000000015
18138  34.869  -74.597  -13.571 0.1000000015
18144  32.853  -75.064  -15.720 0.1000000015
18146  31.558  -74.885  -14.821 0.1000000015
18154  31.869  -74.333  -15.567 0.1000000015
18163  34.769  -74.092  -16.907 0.1000000015
18177  28.078  -75.213  -18.367 0.1000000015
19235  34.373  -73.948  -14.162 0.1000000015
19243  34.011  -73.286  -14.775 0.1000000015
19253  31.301  -73.728  -15.786 0.1000000015
19266  31.600  -73.281  -16.420 0.1000000015
19440  38.086  -72.894  -30.410 0.1000000015
19441  37.628  -73.384  -30.762 0.1000000015
20325  34.133  -72.958  -16.142 0.1000000015
20327  30.417  -73.148  -16.094 0.1000000015
20341  29.959  -72.744  -16.373 0.1000000015
21397  43.562  -71.215  -13.002 0.1000000015
21400  40.900  -71.479  -12.926 0.2000000030
21416  44.182  -71.166  -13.424 0.1000000015
21417  43.704  -71.244  -13.329 0.1000000015
21421  39.889  -71.576  -13.677 0.4000000060
21422  39.393  -71.519  -13.956 0.5000000000
21433  44.204  -71.253  -13.661 0.1000000015
21434  43.767  -71.386  -13.972 0.1000000015
21474  31.389  -71.402  -17.317 0.1000000015
21484  29.304  -71.042  -18.315 0.1000000015
21565  37.719  -71.306  -26.392 0.2000000030
21568  35.210  -71.646  -25.839 0.1000000015
21588  41.150  -71.199  -27.685 0.1000000015
22488  44.180  -70.732  -13.094 0.1000000015
22489  43.800  -70.885  -12.955 0.1000000015
22507  45.059  -70.571  -13.655 0.1000000015
22512  40.669  -71.334  -14.066 0.2000000030
22554  32.479  -70.935  -15.665 0.1000000015
22568  39.640  -70.394  -17.127 0.5000000000
22584  38.948  -70.990  -17.658 0.6000000238
22594  38.970  -70.719  -18.338 0.5000000000
22598  28.996  -70.750  -18.932 0.1000000015
22605  39.203  -70.478  -18.630 0.5000000000
23468  33.153  -69.110  -6.611 0.1000000015
23539  44.142  -70.405  -12.968 0.1000000015
23540  43.491  -69.952  -12.707 0.2000000030
23561  44.531  -69.920  -13.084 0.1000000015
23565  40.607  -71.028  -14.315 0.5000000000
23567  36.937  -69.887  -13.521 0.5000000000
23647  39.557  -69.808  -18.995 0.5000000000
23651  29.546  -69.466  -19.279 0.1000000015
23659  37.163  -69.103  -20.390 0.4000000060
23669  38.553  -69.356  -20.762 0.3000000119
24522  32.749  -68.460  -6.788 0.1000000015
24551  30.788  -68.473  -9.164 0.1000000015
24563  30.552  -68.232  -9.583 0.1000000015
24596  43.412  -69.399  -12.759 0.1000000015
24597  42.918  -69.091  -12.709 0.2000000030
24701  39.582  -68.429  -18.410 0.5000000000
24709  37.411  -69.297  -19.592 0.4000000060
24735  37.799  -69.058  -21.388 0.4000000060
24750  39.512  -68.229  -22.017 0.3000000119
24751  39.175  -68.348  -22.080 0.2000000030
24816  39.928  -68.483  -25.810 0.2000000030
25653  32.978  -67.617  -6.494 0.1000000015
25684  30.811  -67.680  -9.138 0.1000000015
25708  30.078  -67.658  -10.638 0.1000000015
25722  36.323  -67.082  -11.894 0.4000000060
25734  42.837  -68.458  -12.919 0.2000000030
25791  34.667  -67.056  -15.250 0.5000000000
25807  38.548  -67.787  -17.087 0.4000000060
25809  35.979  -68.292  -16.806 0.5000000000
25848  39.496  -68.098  -18.925 0.5000000000
25863  34.943  -68.085  -20.434 0.2000000030
25865  33.643  -67.271  -20.945 0.1000000015
25883  32.797  -67.135  -21.831 0.1000000015
25897  39.740  -67.834  -22.348 0.3000000119
25898  39.306  -68.020  -22.518 0.2000000030
25908  40.582  -66.924  -23.838 0.5000000000
25924  39.621  -67.567  -23.989 0.3000000119
25934  40.678  -67.273  -24.953 0.2000000030
25942  41.516  -67.944  -26.666 0.2000000030
25951  41.529  -67.993  -26.881 0.2000000030
25965  35.824  -66.640  -28.140 0.1000000015
26703  34.293  -66.455  -5.686 0.1000000015
26720  33.189  -66.829  -6.277 0.1000000015
26767  30.252  -66.734  -10.460 0.1000000015
26773  37.240  -66.865  -11.793 0.5000000000
26778  29.838  -67.138  -11.959 0.1000000015
26793  34.123  -66.107  -12.884 0.4000000060
26794  30.052  -66.413  -12.215 0.1000000015
26828  34.191  -66.531  -14.827 0.4000000060
26862  34.532  -66.695  -16.623 0.4000000060
26877  38.270  -66.935  -18.149 0.5000000000
26920  39.325  -66.832  -20.235 0.4000000060
26954  32.363  -67.008  -21.861 0.1000000015
27004  35.549  -66.275  -26.584 0.1000000015
27054  32.819  -66.713  -31.415 0.1000000015
27804  30.926  -66.121  -9.265 0.1000000015
27810  30.692  -65.968  -9.947 0.1000000015
27832  33.282  -65.135  -11.947 0.2000000030
27851  30.259  -66.046  -12.941 0.1000000015
27852  30.091  -66.461  -13.355 0.1000000015
27863  43.210  -65.862  -13.939 0.1000000015
27867  33.807  -66.053  -14.213 0.4000000060
27868  33.373  -65.665  -13.802 0.3000000119
27871  30.519  -65.605  -13.741 0.1000000015
27886  42.942  -65.295  -14.047 0.1000000015
27892  32.862  -65.385  -14.325 0.2000000030
27893  31.164  -65.098  -14.401 0.1000000015
27916  33.872  -66.156  -15.632 0.4000000060
27919  30.559  -65.393  -15.873 0.1000000015
27935  33.552  -65.782  -16.292 0.4000000060
27954  33.836  -65.922  -17.059 0.3000000119
27956  31.266  -65.010  -17.540 0.1000000015
27968  34.167  -66.230  -17.596 0.3000000119
28033  34.852  -64.962  -22.996 0.2000000030
28051  34.152  -64.893  -23.596 0.1000000015
28069  33.940  -64.826  -24.466 0.1000000015
28078  40.449  -65.595  -25.111 0.4000000060
28154  39.410  -64.873  -32.421 0.1000000015
28881  33.650  -64.560  -6.386 0.1000000015
28887  32.050  -64.540  -7.942 0.1000000015
28899  32.147  -64.125  -9.056 0.1000000015
28924  35.355  -64.804  -11.458 0.3000000119
28942  39.858  -64.702  -12.639 0.1000000015
28945  37.405  -64.798  -11.954 0.2000000030
28946  36.819  -64.745  -11.817 0.3000000119
28965  32.283  -65.028  -13.319 0.2000000030
28966  31.633  -65.004  -13.101 0.1000000015
28984  31.278  -65.140  -14.833 0.2000000030
29003  32.299  -65.196  -14.786 0.2000000030
29004  31.714  -65.093  -15.227 0.2000000030
29005  31.121  -65.104  -15.580 0.2000000030
29021  36.122  -64.213  -16.942 0.4000000060
29024  30.970  -64.996  -16.572 0.1000000015
29039  31.453  -64.947  -17.206 0.1000000015
29048  31.903  -64.980  -17.530 0.2000000030
29049  31.620  -64.995  -17.592 0.2000000030
29073  37.064  -64.673  -21.191 0.4000000060
29091  33.422  -63.957  -22.433 0.2000000030
29136  35.522  -64.351  -26.830 0.1000000015
29157  37.916  -64.283  -28.885 0.2000000030
29182  40.018  -64.137  -31.046 0.1000000015
29183  39.621  -64.622  -30.965 0.1000000015
29190  39.760  -64.350  -31.616 0.1000000015
29191  39.538  -64.955  -31.650 0.1000000015
29880  34.306  -63.655  -6.698 0.1000000015
29887  35.065  -63.006  -7.281 0.1000000015
29917  33.862  -63.000  -10.770 0.2000000030
29918  33.366  -63.343  -10.363 0.2000000030
29919  32.804  -63.809  -10.071 0.1000000015
29967  39.527  -63.761  -12.903 0.1000000015
29968  38.994  -63.594  -12.689 0.1000000015
29979  43.672  -63.967  -13.865 0.1000000015
29993  35.660  -63.168  -16.535 0.4000000060
30008  40.736  -63.312  -16.110 0.2000000030
30077  34.665  -63.587  -20.773 0.4000000060
30080  32.684  -62.939  -21.364 0.3000000119
30106  32.833  -63.513  -22.926 0.2000000030
30118  32.899  -62.264  -23.790 0.2000000030
30138  36.774  -63.113  -26.851 0.2000000030
30139  36.028  -63.322  -26.566 0.1000000015
30169  35.184  -62.664  -28.818 0.1000000015
30183  38.917  -64.007  -29.216 0.2000000030
30918  34.028  -62.444  -8.041 0.1000000015
30921  36.426  -62.057  -8.201 0.1000000015
30923  34.671  -62.020  -8.608 0.1000000015
30925  33.105  -62.883  -9.162 0.1000000015
30939  33.448  -62.555  -9.645 0.1000000015
30940  33.137  -62.918  -9.442 0.1000000015
30951  33.722  -62.405  -10.268 0.2000000030
30995  43.684  -62.037  -12.902 0.1000000015
31028  42.177  -62.502  -17.119 0.1000000015
31049  33.908  -62.050  -17.923 0.4000000060
31065  35.126  -63.202  -18.709 0.4000000060
31067  33.830  -62.330  -18.578 0.4000000060
31068  33.326  -62.236  -18.951 0.4000000060
31082  33.585  -62.575  -19.396 0.4000000060
31083  32.952  -62.282  -19.414 0.5000000000
31089  33.834  -62.976  -19.918 0.4000000060
31142  34.229  -61.857  -24.649 0.2000000030
31154  35.858  -62.264  -25.783 0.2000000030
31164  38.924  -61.624  -27.035 0.2000000030
31175  39.741  -61.751  -28.278 0.1000000015
31176  39.269  -62.032  -27.585 0.2000000030
31178  37.281  -62.831  -26.857 0.3000000119
31214  37.773  -61.776  -30.019 0.1000000015
31216  35.932  -62.174  -29.213 0.1000000015
31228  37.187  -62.374  -30.499 0.1000000015
31937  34.134  -62.074  -3.340 0.1000000015
31984  36.818  -61.473  -6.724 0.1000000015
31987  37.223  -61.905  -7.290 0.1000000015
31988  36.756  -61.583  -7.723 0.1000000015
31991  36.220  -61.519  -8.336 0.1000000015
32026  33.873  -62.105  -10.322 0.2000000030
32039  34.295  -61.957  -11.077 0.2000000030
32057  43.566  -61.139  -12.532 0.1000000015
32058  43.029  -60.698  -12.475 0.1000000015
32059  36.889  -62.299  -12.647 0.2000000030
32086  37.650  -62.126  -12.960 0.1000000015
32110  34.969  -61.193  -15.999 0.4000000060
32119  40.606  -61.548  -16.673 0.1000000015
32121  39.169  -61.281  -16.078 0.2000000030
32124  33.939  -61.319  -16.826 0.4000000060
32178  31.631  -61.000  -20.395 0.4000000060
32188  31.947  -61.341  -21.867 0.3000000119
32205  32.430  -61.128  -22.652 0.2000000030
32216  33.445  -60.758  -23.501 0.2000000030
32217  33.120  -60.937  -23.334 0.2000000030
32226  33.289  -61.175  -23.635 0.2000000030
32235  35.553  -61.260  -25.016 0.2000000030
32243  37.866  -61.085  -26.101 0.2000000030
32244  37.343  -61.558  -26.008 0.2000000030
32248  39.612  -61.419  -28.138 0.1000000015
32265  36.821  -61.016  -28.726 0.1000000015
32277  37.327  -61.370  -29.345 0.1000000015
33011  32.007  -61.320  -1.357 0.1000000015
33024  33.282  -61.419  -3.062 0.1000000015
33036  34.710  -61.254  -4.309 0.1000000015
33087  35.603  -60.614  -6.967 0.1000000015
33092  35.664  -60.532  -8.076 0.1000000015
33098  35.647  -60.610  -9.003 0.1000000015
33105  35.440  -60.444  -9.870 0.2000000030
33153  42.538  -60.241  -12.468 0.1000000015
33156  35.607  -61.065  -12.166 0.2000000030
33175  42.540  -60.535  -12.688 0.1000000015
33176  42.109  -60.336  -12.853 0.1000000015
33177  41.183  -60.356  -13.400 0.1000000015
33234  33.609  -61.118  -16.946 0.4000000060
33235  33.107  -60.973  -17.326 0.4000000060
33247  31.772  -60.338  -18.764 0.3000000119
33304  33.369  -59.992  -22.964 0.2000000030
33334  35.400  -60.487  -24.479 0.2000000030
33335  34.378  -60.364  -23.860 0.2000000030
33336  33.865  -60.555  -23.687 0.2000000030
33343  37.446  -60.294  -25.621 0.2000000030
33344  36.579  -60.532  -25.146 0.2000000030
33358  37.634  -60.120  -27.564 0.1000000015
33361  34.559  -60.570  -27.765 0.1000000015
33371  38.953  -60.715  -28.218 0.1000000015
33373  37.232  -60.479  -28.192 0.1000000015
33375  35.441  -60.854  -27.991 0.1000000015
34242  33.393  -59.410  -4.878 0.1000000015
34257  34.284  -59.429  -6.177 0.1000000015
34286  35.022  -59.223  -8.790 0.2000000030
34312  41.124  -58.787  -11.760 0.1000000015
34336  40.753  -59.072  -12.258 0.1000000015
34338  37.105  -59.382  -13.061 0.1000000015
34359  41.881  -59.874  -12.557 0.1000000015
34363  38.044  -59.730  -13.447 0.1000000015
34386  37.895  -60.224  -15.995 0.2000000030
34407  33.390  -60.239  -16.719 0.4000000060
34459  31.813  -59.161  -20.721 0.3000000119
34476  32.133  -59.074  -21.184 0.3000000119
34494  33.517  -59.449  -22.826 0.2000000030
34509  34.576  -59.435  -23.563 0.2000000030
34510  33.986  -59.613  -23.299 0.2000000030
34523  36.997  -59.217  -25.182 0.3000000119
34524  36.630  -59.027  -24.846 0.3000000119
34525  35.829  -59.440  -24.374 0.3000000119
34533  37.181  -59.195  -25.559 0.1000000015
34534  36.968  -58.947  -25.223 0.3000000119
34538  38.042  -59.955  -26.712 0.2000000030
34550  38.238  -60.123  -26.923 0.1000000015
34551  37.926  -59.888  -26.998 0.1000000015
34553  35.724  -59.355  -27.167 0.2000000030
35302  31.316  -58.905  0.636 0.1000000015
35347  31.484  -58.167  -3.465 0.1000000015
35368  32.042  -58.452  -4.389 0.1000000015
35381  33.786  -58.805  -6.026 0.1000000015
35392  33.589  -58.257  -6.188 0.1000000015
35404  35.426  -58.232  -9.768 0.2000000030
35428  41.995  -58.097  -11.737 0.1000000015
35431  39.360  -57.967  -11.668 0.1000000015
35435  35.775  -58.959  -11.286 0.2000000030
35451  40.464  -58.653  -11.925 0.1000000015
35473  40.028  -58.976  -12.732 0.1000000015
35538  31.929  -58.517  -18.307 0.2000000030
35539  31.618  -58.403  -19.099 0.3000000119
35547  31.645  -58.284  -19.744 0.3000000119
35560  31.828  -58.298  -20.442 0.3000000119
35577  32.272  -58.241  -21.206 0.3000000119
35578  31.998  -58.701  -20.903 0.3000000119
35613  34.142  -58.931  -23.144 0.2000000030
35632  36.965  -58.724  -25.763 0.2000000030
35645  37.164  -58.915  -25.939 0.2000000030
35647  35.497  -58.376  -26.770 0.2000000030
35656  35.363  -58.789  -27.012 0.2000000030
35664  34.097  -58.128  -28.668 0.1000000015
36366  31.637  -58.322  0.953 0.1000000015
36378  31.949  -57.489  0.585 0.1000000015
36440  31.812  -57.726  -4.595 0.1000000015
36458  32.172  -57.404  -5.235 0.1000000015
36459  31.727  -56.977  -4.937 0.1000000015
36485  38.285  -56.686  -9.842 0.1000000015
36502  40.106  -56.966  -10.636 0.1000000015
36506  36.730  -57.323  -10.343 0.2000000030
36522  37.374  -57.515  -11.200 0.2000000030
36534  38.536  -57.833  -11.839 0.1000000015
36625  32.639  -57.325  -17.969 0.2000000030
36627  31.690  -57.819  -19.360 0.3000000119
36645  31.965  -57.490  -20.440 0.3000000119
36646  31.823  -57.872  -20.283 0.3000000119
36682  33.879  -57.867  -22.957 0.2000000030
36696  34.927  -57.371  -23.874 0.3000000119
36697  34.158  -57.369  -23.293 0.3000000119
36698  33.740  -56.903  -23.029 0.3000000119
36707  36.100  -57.688  -24.749 0.3000000119
36715  36.188  -57.553  -25.245 0.3000000119
36730  35.152  -57.830  -26.843 0.2000000030
36741  35.217  -57.040  -27.138 0.2000000030
36742  34.932  -57.505  -27.322 0.2000000030
37448  31.840  -57.376  0.210 0.1000000015
37506  31.594  -56.549  -3.956 0.1000000015
37534  31.831  -56.681  -5.146 0.1000000015
37547  33.081  -56.657  -6.755 0.1000000015
37557  32.899  -56.261  -6.877 0.1000000015
37575  38.157  -56.367  -9.803 0.1000000015
37578  36.109  -56.790  -8.819 0.1000000015
37590  39.974  -56.605  -10.723 0.1000000015
37592  38.680  -56.237  -10.016 0.1000000015
37597  41.772  -57.063  -11.725 0.1000000015
37598  41.256  -56.650  -11.580 0.1000000015
37608  41.571  -56.281  -12.064 0.1000000015
37681  33.504  -56.978  -17.666 0.2000000030
37682  33.013  -57.127  -17.812 0.2000000030
37688  35.822  -56.243  -18.341 0.1000000015
37692  32.291  -56.469  -18.964 0.2000000030
37733  32.502  -56.396  -21.477 0.3000000119
37746  33.467  -56.324  -22.851 0.3000000119
37759  35.121  -56.713  -24.250 0.3000000119
37793  35.911  -56.234  -26.306 0.2000000030
37806  35.178  -56.849  -27.576 0.2000000030
37820  35.532  -56.452  -28.132 0.2000000030
38567  32.261  -55.898  -1.933 0.1000000015
38577  33.180  -55.344  -2.058 0.1000000015
38592  32.328  -55.415  -3.132 0.1000000015
38622  31.813  -56.124  -5.039 0.1000000015
38641  32.779  -55.653  -6.952 0.1000000015
38648  35.542  -55.623  -8.844 0.1000000015
38664  35.938  -55.369  -9.309 0.1000000015
38697  40.833  -55.563  -12.256 0.1000000015
38698  40.173  -55.333  -12.079 0.1000000015
38775  33.497  -55.698  -18.472 0.2000000030
38783  33.134  -55.397  -18.887 0.2000000030
38800  32.428  -55.546  -20.223 0.3000000119
38853  35.434  -55.366  -24.977 0.3000000119
38854  34.967  -55.471  -24.451 0.3000000119
38866  35.746  -55.727  -25.402 0.3000000119
38877  36.251  -55.409  -26.769 0.2000000030
38893  36.540  -55.390  -27.481 0.1000000015
39648  32.733  -55.159  -2.893 0.1000000015
39712  32.656  -54.484  -6.182 0.1000000015
39720  32.923  -54.570  -7.090 0.1000000015
39731  34.324  -54.638  -8.566 0.1000000015
39744  34.527  -54.029  -8.988 0.1000000015
39751  38.085  -55.257  -10.726 0.1000000015
39754  35.561  -54.040  -10.020 0.1000000015
39761  39.113  -55.054  -11.599 0.1000000015
39762  38.316  -54.735  -11.430 0.1000000015
39764  36.519  -53.884  -10.912 0.1000000015
39772  41.028  -55.299  -12.722 0.1000000015
39775  38.573  -54.246  -12.101 0.1000000015
39785  39.539  -54.068  -12.963 0.1000000015
39855  35.383  -54.845  -18.667 0.1000000015
39857  33.880  -55.021  -18.653 0.2000000030
39867  34.117  -54.273  -18.959 0.2000000030
39910  33.174  -54.403  -22.793 0.2000000030
39911  32.741  -54.537  -22.109 0.2000000030
39922  34.071  -54.315  -23.791 0.3000000119
39923  33.603  -54.162  -23.295 0.2000000030
39943  35.915  -55.030  -25.863 0.2000000030
39985  37.205  -54.423  -28.145 0.1000000015
39986  36.922  -54.967  -27.757 0.1000000015
40736  33.403  -53.647  -5.438 0.1000000015
40737  32.910  -53.984  -5.813 0.1000000015
40756  33.151  -53.727  -6.446 0.1000000015
40757  32.857  -54.029  -6.164 0.1000000015
40779  34.125  -53.517  -8.375 0.1000000015
40806  35.667  -53.380  -10.263 0.1000000015
40914  36.298  -53.489  -19.627 0.1000000015
40917  33.547  -53.678  -19.682 0.2000000030
40935  37.321  -53.383  -20.227 0.1000000015
40938  32.879  -53.954  -20.166 0.2000000030
40951  32.677  -53.894  -20.885 0.2000000030
41006  35.802  -53.475  -26.081 0.1000000015
41017  37.094  -53.424  -27.911 0.1000000015
41919  34.291  -52.697  -7.629 0.1000000015
41932  34.650  -52.709  -8.546 0.1000000015
41952  35.415  -52.695  -9.659 0.1000000015
41972  38.225  -52.451  -12.527 0.1000000015
41973  37.796  -52.238  -12.139 0.1000000015
41983  38.731  -52.611  -12.977 0.1000000015
42061  36.159  -52.991  -19.752 0.1000000015
42063  34.909  -52.874  -19.624 0.1000000015
42082  37.328  -52.413  -20.660 0.1000000015
42086  33.529  -52.711  -20.501 0.1000000015
42087  32.995  -53.387  -20.565 0.2000000030
42097  38.122  -52.301  -21.427 0.1000000015
42098  37.589  -52.084  -21.069 0.1000000015
42112  32.957  -53.083  -21.770 0.1000000015
42120  34.086  -52.506  -23.792 0.3000000119
43193  39.081  -52.105  -13.167 0.1000000015
43289  37.276  -51.817  -20.913 0.1000000015
43291  35.642  -51.587  -20.417 0.1000000015
43303  36.891  -50.864  -21.133 0.1000000015
43304  34.264  -51.358  -20.934 0.1000000015
43305  33.775  -51.680  -21.231 0.1000000015
43311  38.878  -51.448  -22.715 0.1000000015
43312  33.448  -51.698  -21.932 0.1000000015
43318  39.572  -51.579  -23.495 0.1000000015
43321  33.578  -51.588  -22.718 0.1000000015
43334  34.962  -51.718  -24.734 0.2000000030
43347  35.836  -51.020  -25.983 0.1000000015
43357  36.149  -51.239  -26.438 0.1000000015
43358  35.897  -52.171  -26.240 0.1000000015
44488  34.552  -51.111  -20.902 0.1000000015
44497  37.076  -50.320  -21.553 0.1000000015
44499  35.294  -50.392  -21.186 0.1000000015
44507  37.527  -50.202  -21.903 0.1000000015
44514  39.229  -50.260  -23.560 0.1000000015
44516  33.916  -50.858  -23.247 0.1000000015
44530  34.309  -50.431  -23.898 0.1000000015
45696  36.532  -49.799  -21.660 0.1000000015
45698  34.953  -50.036  -21.586 0.1000000015
45705  36.170  -49.098  -21.941 0.1000000015
45707  34.778  -49.625  -22.239 0.1000000015
45712  38.960  -49.209  -23.503 0.1000000015
45743  36.133  -49.400  -26.053 0.1000000015
46963  35.777  -48.570  -22.424 0.1000000015
46964  35.238  -48.881  -22.583 0.1000000015
46978  36.051  -48.105  -22.770 0.1000000015
46979  35.476  -48.324  -23.085 0.1000000015
47001  34.699  -49.242  -23.576 0.1000000015
47029  36.430  -48.359  -26.192 0.1000000015
48218  36.817  -47.899  -22.807 0.1000000015
48236  35.567  -48.032  -23.646 0.1000000015
