#!ascii label  , from subject mmSR20151113 vox2ras=TkReg
551
73984  16.928  -23.888  -22.269 0.1428571492
74964  15.838  -23.138  -20.869 0.1428571492
76001  16.476  -22.039  -22.218 0.1428571492
73983  17.667  -24.064  -22.524 0.1428571492
74986  17.458  -23.189  -22.653 0.2857142985
75978  16.132  -22.615  -21.624 0.1428571492
74985  18.315  -23.316  -22.716 0.1428571492
77101  16.524  -20.849  -22.862 0.5714285970
77081  18.035  -21.914  -23.283 0.1428571492
77097  19.390  -20.866  -23.671 0.2857142985
77098  18.806  -21.109  -23.696 0.2857142985
78162  20.639  -20.078  -23.458 0.1428571492
78163  20.014  -20.499  -23.593 0.2857142985
81402  20.747  -17.542  -25.261 0.2857142985
80338  20.192  -18.092  -25.245 0.1428571492
80339  19.583  -18.522  -25.226 0.2857142985
83520  21.461  -15.922  -25.909 0.2857142985
81401  21.349  -17.082  -25.251 0.2857142985
84450  21.338  -14.503  -26.947 0.2857142985
83537  20.692  -15.463  -26.564 0.2857142985
85396  21.700  -13.463  -27.300 0.2857142985
88496  21.386  -10.638  -28.719 0.8571428657
87508  21.748  -11.767  -27.957 0.4285714328
85382  22.137  -13.930  -26.783 0.2857142985
89435  22.246  -9.374  -29.511 0.7142857313
89421  22.481  -9.931  -28.984 0.7142857313
88510  21.980  -10.101  -28.996 0.7142857313
87522  21.492  -11.390  -28.266 0.7142857313
90356  23.102  -8.078  -30.319 0.8571428657
90343  22.688  -8.522  -29.990 0.5714285970
90344  21.817  -8.291  -30.217 0.8571428657
88511  21.384  -9.856  -29.146 0.7142857313
92183  23.271  -6.194  -31.492 0.4285714328
91264  22.422  -7.367  -31.147 0.7142857313
90358  22.113  -7.739  -30.732 0.8571428657
95079  23.332  -4.389  -31.798 0.2857142985
94057  22.530  -4.335  -31.422 0.5714285970
92174  22.069  -6.371  -31.381 0.8571428657
93104  22.631  -5.403  -31.643 0.7142857313
95072  23.088  -3.792  -31.660 0.1428571492
95078  23.613  -4.233  -31.777 0.1428571492
94070  22.341  -4.883  -31.626 0.5714285970
93105  22.078  -5.447  -31.493 0.8571428657
97104  23.204  -1.718  -31.334 0.1428571492
96116  23.543  -2.687  -31.978 0.1428571492
96117  22.837  -2.701  -30.845 0.1428571492
96118  22.461  -3.050  -30.569 0.4285714328
94058  21.871  -4.626  -31.064 0.8571428657
98050  22.990  -0.691  -30.697 0.1428571492
98049  23.128  -0.953  -31.754 0.1428571492
97105  22.745  -1.632  -30.490 0.1428571492
97093  22.173  -1.643  -30.021 0.4285714328
95061  21.779  -3.838  -30.484 0.7142857313
94047  20.699  -4.655  -30.092 0.8571428657
99048  22.924  0.253  -30.452 0.1428571492
98039  22.497  -0.928  -30.054 0.1428571492
96106  21.991  -2.795  -30.177 0.8571428657
94046  21.372  -4.384  -30.437 0.8571428657
95062  21.156  -3.670  -30.044 0.8571428657
100003  23.184  1.106  -30.537 0.1428571492
100004  22.826  0.788  -29.845 0.2857142985
99034  22.420  0.028  -29.853 0.1428571492
96105  22.459  -2.174  -30.348 0.7142857313
97094  21.295  -1.650  -29.839 0.8571428657
100957  22.907  2.201  -29.022 0.1428571492
101808  23.110  3.056  -29.371 0.1428571492
99989  22.177  1.262  -29.189 0.4285714328
99990  21.019  1.194  -28.957 0.8571428657
99035  21.447  0.271  -29.487 0.8571428657
98041  20.820  -0.603  -29.747 0.8571428657
97095  20.230  -1.553  -29.851 0.8571428657
99036  20.404  0.458  -29.529 0.8571428657
98042  19.796  -0.480  -29.863 0.8571428657
101809  22.591  3.180  -28.769 0.1428571492
102695  22.932  3.678  -28.991 0.2857142985
100942  22.076  2.420  -28.616 0.5714285970
100943  21.211  2.707  -28.536 0.8571428657
99974  21.456  1.893  -28.687 0.8571428657
99991  19.966  1.650  -29.063 0.8571428657
99037  19.411  0.596  -29.642 0.8571428657
102677  22.404  4.259  -28.743 0.2857142985
101793  21.759  3.435  -28.550 0.7142857313
99976  20.232  2.261  -28.778 0.8571428657
100959  19.312  2.720  -29.157 0.8571428657
102678  21.273  4.347  -28.666 0.8571428657
102679  20.477  4.289  -28.781 0.8571428657
100945  19.798  3.128  -28.898 0.8571428657
101796  19.414  3.735  -29.129 0.7142857313
103539  20.469  5.165  -28.737 0.8571428657
101795  20.089  3.714  -28.815 0.8571428657
102680  19.747  4.491  -29.032 0.8571428657
105567  21.754  6.610  -28.263 0.7142857313
104503  21.106  6.177  -28.374 0.8571428657
104492  20.458  6.836  -28.152 0.8571428657
105555  20.266  7.754  -28.046 0.7142857313
104504  19.928  6.181  -28.503 0.8571428657
108484  23.514  10.549  -29.379 0.1428571492
105554  21.396  7.223  -28.030 0.8571428657
106544  21.166  8.130  -27.822 0.7142857313
107503  21.120  8.921  -27.825 0.7142857313
110403  23.264  11.690  -30.962 0.1428571492
107518  22.023  9.478  -27.885 0.5714285970
108470  22.499  10.597  -28.491 0.5714285970
108471  21.323  10.565  -28.161 0.5714285970
109458  23.226  11.499  -29.346 0.1428571492
110422  21.946  13.079  -32.667 0.1428571492
109448  21.746  11.549  -28.361 0.5714285970
112225  21.960  14.538  -32.643 0.1428571492
112226  21.386  14.632  -33.176 0.1428571492
110396  23.221  12.650  -30.219 0.1428571492
113168  21.292  15.710  -33.344 0.1428571492
109447  22.651  11.623  -28.809 0.5714285970
113152  21.706  15.114  -32.921 0.1428571492
113151  22.163  15.610  -32.590 0.1428571492
114001  21.380  16.880  -33.293 0.1428571492
73964  16.605  -24.654  -21.739 0.1428571492
73965  16.115  -24.430  -20.793 0.1428571492
76000  17.194  -22.279  -22.789 0.2857142985
75999  18.020  -22.468  -23.061 0.1428571492
77079  19.551  -21.466  -23.157 0.2857142985
77080  18.544  -21.810  -23.272 0.2857142985
80324  21.570  -18.225  -24.312 0.2857142985
80325  20.627  -18.643  -24.656 0.2857142985
79236  20.113  -19.192  -24.639 0.1428571492
84463  21.084  -13.933  -27.411 0.2857142985
84464  20.419  -14.275  -27.444 0.2857142985
87521  22.110  -11.364  -28.174 0.4285714328
86438  21.566  -12.461  -27.675 0.5714285970
91263  23.306  -7.498  -30.872 0.2857142985
93088  23.624  -6.045  -31.486 0.1428571492
92175  21.159  -6.458  -30.965 0.8571428657
98040  21.798  -0.745  -29.762 0.8571428657
107502  21.788  8.523  -27.843 0.7142857313
108485  23.036  10.950  -28.953 0.2857142985
110390  23.354  11.989  -29.826 0.1428571492
111318  22.287  13.663  -32.359 0.1428571492
113169  20.305  15.691  -34.019 0.1428571492
77099  17.870  -21.342  -23.519 0.4285714328
78164  19.128  -20.331  -24.205 0.2857142985
78167  16.660  -20.299  -23.235 0.2857142985
79227  20.330  -19.563  -24.048 0.1428571492
81390  21.700  -17.504  -24.720 0.2857142985
82472  21.946  -16.615  -25.188 0.2857142985
82474  20.151  -16.728  -25.854 0.2857142985
83521  20.905  -16.051  -26.103 0.2857142985
86453  20.984  -11.759  -28.001 0.7142857313
99047  22.993  0.067  -31.539 0.1428571492
99988  23.030  1.437  -29.582 0.2857142985
100956  23.427  2.118  -29.855 0.1428571492
96107  20.758  -2.631  -29.808 0.8571428657
102694  23.123  4.106  -29.578 0.1428571492
103537  22.583  5.284  -28.734 0.2857142985
100960  18.504  2.633  -29.298 0.8571428657
103538  21.658  5.224  -28.591 0.5714285970
104502  22.095  6.070  -28.465 0.5714285970
105566  22.356  7.002  -28.390 0.5714285970
106543  21.835  7.919  -27.966 0.7142857313
108469  23.147  10.407  -28.847 0.4285714328
106556  22.623  8.168  -28.238 0.2857142985
107517  23.375  9.443  -28.740 0.2857142985
109457  23.557  11.289  -29.972 0.1428571492
110395  23.342  11.868  -30.467 0.1428571492
111286  23.081  13.716  -29.885 0.2857142985
110404  23.096  12.382  -31.195 0.1428571492
112212  22.580  14.541  -32.021 0.1428571492
112211  23.041  14.485  -31.339 0.1428571492
113142  22.860  15.409  -31.501 0.1428571492
111319  21.616  13.694  -32.906 0.1428571492
114000  22.019  16.773  -32.795 0.1428571492
113984  22.626  16.689  -32.131 0.1428571492
104501  22.945  6.145  -28.814 0.4285714328
105553  22.075  7.575  -28.126 0.5714285970
74987  16.756  -22.954  -22.209 0.1428571492
74963  16.383  -23.624  -21.602 0.1428571492
77082  16.752  -21.509  -22.780 0.4285714328
77055  15.932  -21.776  -21.696 0.2857142985
76011  17.301  -21.655  -23.149 0.5714285970
75998  18.928  -22.463  -22.853 0.1428571492
78165  18.225  -20.527  -23.966 0.1428571492
79228  19.750  -19.980  -24.185 0.1428571492
88512  20.916  -9.624  -29.227 0.7142857313
92173  22.928  -6.736  -31.463 0.8571428657
91265  21.625  -7.356  -30.880 0.8571428657
94069  22.964  -4.730  -31.791 0.5714285970
95073  22.420  -3.626  -30.834 0.5714285970
100944  20.385  2.861  -28.673 0.8571428657
99975  20.704  2.071  -28.707 0.8571428657
101794  20.860  3.585  -28.611 0.8571428657
110391  23.022  12.515  -29.287 0.4285714328
111302  22.894  13.566  -31.572 0.1428571492
112241  20.801  14.913  -33.662 0.1428571492
111292  23.163  13.370  -30.729 0.1428571492
113167  21.748  16.225  -33.026 0.1428571492
80314  22.357  -18.397  -23.645 0.1428571492
78166  17.381  -20.337  -23.675 0.4285714328
82488  19.879  -15.979  -26.298 0.5714285970
112201  23.273  14.551  -30.732 0.1428571492
83522  18.269  -15.774  -25.899 0.5714285970
83523  17.486  -15.490  -25.490 0.5714285970
83509  16.303  -15.505  -24.405 0.2857142985
83539  18.801  -15.362  -26.531 0.5714285970
84436  17.478  -14.439  -25.994 0.5714285970
82462  16.318  -16.436  -24.321 0.4285714328
83540  18.008  -14.976  -26.274 0.5714285970
84438  16.362  -14.316  -24.757 0.4285714328
85383  18.545  -13.866  -27.204 0.5714285970
85366  17.591  -13.906  -26.379 0.5714285970
85367  17.159  -13.468  -25.963 0.4285714328
85398  20.021  -13.378  -27.642 0.5714285970
85400  18.631  -12.876  -27.238 0.5714285970
85384  18.028  -13.385  -26.856 0.4285714328
86441  19.101  -12.365  -27.443 0.7142857313
86442  18.424  -12.251  -27.097 0.4285714328
87510  19.725  -11.762  -27.810 0.4285714328
84437  16.822  -14.546  -25.295 0.4285714328
84425  16.201  -14.819  -24.278 0.2857142985
85385  17.463  -12.887  -26.410 0.4285714328
86440  19.778  -12.570  -27.644 0.7142857313
87524  19.747  -10.939  -28.259 0.7142857313
88482  18.176  -10.136  -27.437 0.4285714328
89423  19.276  -9.309  -28.610 0.7142857313
90316  18.130  -8.448  -27.896 0.5714285970
90331  18.809  -8.424  -28.355 0.7142857313
87523  20.577  -11.404  -28.196 0.5714285970
88498  19.583  -10.182  -28.553 0.5714285970
90330  19.544  -8.332  -28.796 0.7142857313
91236  19.126  -7.471  -28.481 0.7142857313
92146  19.309  -6.521  -28.832 0.7142857313
92147  18.460  -6.533  -28.218 0.7142857313
92136  18.132  -7.065  -27.822 0.4285714328
93068  18.069  -5.443  -28.524 0.4285714328
89436  21.287  -9.151  -29.582 0.5714285970
89438  19.896  -8.972  -28.995 0.5714285970
90345  20.886  -8.387  -29.838 0.5714285970
91252  19.799  -7.432  -29.140 0.5714285970
92160  19.919  -6.504  -29.598 0.7142857313
93076  19.346  -5.516  -29.260 0.7142857313
94049  18.904  -4.481  -29.201 0.7142857313
94037  18.173  -4.480  -28.843 0.5714285970
95056  17.824  -3.623  -28.657 0.5714285970
93089  21.494  -5.591  -31.107 0.7142857313
92159  20.527  -6.481  -30.335 0.5714285970
93075  20.170  -5.569  -29.923 0.7142857313
95064  19.250  -3.548  -29.387 0.8571428657
96096  18.145  -3.046  -28.803 0.7142857313
96109  18.582  -2.490  -29.225 0.7142857313
93090  20.867  -5.639  -30.543 0.5714285970
95063  20.211  -3.607  -29.718 0.8571428657
96108  19.679  -2.543  -29.636 0.8571428657
96110  18.123  -1.899  -29.038 0.7142857313
98030  17.620  -0.423  -28.775 0.2857142985
99039  17.838  0.574  -29.108 0.7142857313
97096  19.211  -1.470  -29.724 0.8571428657
97097  18.406  -1.336  -29.426 0.8571428657
98044  18.142  -0.390  -29.335 0.5714285970
99038  18.547  0.598  -29.495 0.8571428657
99993  18.187  1.599  -29.293 0.8571428657
99992  18.979  1.637  -29.397 0.8571428657
103540  19.181  5.362  -29.017 0.7142857313
103558  18.169  5.067  -29.453 0.7142857313
104493  19.677  7.038  -28.308 0.8571428657
105556  19.531  7.602  -28.349 0.7142857313
104505  18.843  6.687  -28.643 0.7142857313
106558  19.239  8.702  -28.368 0.7142857313
106559  18.403  8.602  -28.278 0.5714285970
105568  19.586  8.105  -28.328 0.7142857313
107521  18.818  9.485  -28.266 0.5714285970
107520  19.813  9.501  -28.311 0.4285714328
106557  19.996  8.614  -28.256 0.5714285970
107522  18.013  9.349  -27.969 0.5714285970
108472  20.204  10.500  -28.264 0.5714285970
108473  19.238  10.344  -28.249 0.5714285970
108474  18.445  10.249  -27.837 0.5714285970
107505  17.786  9.798  -27.361 0.5714285970
107523  17.667  9.231  -27.532 0.4285714328
109441  18.551  11.307  -27.542 0.5714285970
109449  20.657  11.432  -28.120 0.5714285970
108461  17.812  9.973  -26.473 0.4285714328
106546  17.733  8.373  -26.600 0.4285714328
108460  17.980  10.525  -27.125 0.5714285970
110375  18.587  12.152  -26.067 0.4285714328
88481  22.513  -11.167  -28.093 0.2857142985
91266  20.895  -7.155  -30.628 0.5714285970
110380  18.508  12.049  -26.872 0.2857142985
109435  18.109  11.014  -26.084 0.4285714328
82476  18.027  -16.695  -25.346 0.5714285970
81406  17.482  -17.300  -24.931 0.5714285970
83549  20.207  -14.948  -27.100 0.2857142985
83538  19.649  -15.317  -26.830 0.4285714328
82477  17.127  -16.518  -24.904 0.5714285970
84451  20.641  -14.810  -27.051 0.2857142985
84465  19.498  -14.150  -27.510 0.5714285970
85368  16.413  -13.573  -25.167 0.4285714328
86424  17.698  -12.275  -26.636 0.4285714328
85353  16.122  -13.748  -24.363 0.2857142985
86411  16.502  -12.622  -25.527 0.2857142985
87511  18.919  -11.212  -27.680 0.5714285970
89420  23.291  -9.598  -28.880 0.2857142985
90317  17.513  -8.484  -27.405 0.2857142985
91237  18.428  -7.599  -28.051 0.7142857313
101810  18.705  3.652  -29.336 0.7142857313
102696  18.938  4.511  -29.393 0.7142857313
101811  18.052  3.541  -29.295 0.7142857313
105569  18.959  7.815  -28.460 0.7142857313
107506  17.702  9.194  -26.805 0.2857142985
107504  20.473  9.057  -28.154 0.5714285970
107519  20.807  9.693  -28.063 0.5714285970
109451  18.877  10.843  -28.045 0.5714285970
109440  19.030  11.777  -27.883 0.2857142985
87494  17.262  -11.407  -26.352 0.4285714328
91250  21.119  -7.759  -30.359 0.7142857313
88497  20.500  -10.205  -28.811 0.5714285970
94059  21.249  -4.992  -30.667 0.7142857313
86439  20.648  -12.359  -27.752 0.5714285970
90346  20.189  -8.311  -29.346 0.5714285970
82489  19.332  -15.749  -26.387 0.5714285970
83524  16.732  -15.568  -24.843 0.5714285970
84424  16.471  -14.942  -24.701 0.4285714328
84452  19.119  -14.730  -27.152 0.5714285970
84454  17.844  -14.257  -26.554 0.5714285970
84453  18.409  -14.425  -26.918 0.5714285970
81393  16.895  -17.629  -24.520 0.5714285970
85399  19.030  -13.375  -27.428 0.5714285970
87512  18.047  -11.278  -26.911 0.4285714328
88499  18.918  -10.161  -28.147 0.7142857313
89424  18.463  -9.306  -28.104 0.5714285970
89406  17.895  -9.177  -27.617 0.4285714328
89407  17.382  -9.430  -27.031 0.4285714328
89422  19.944  -9.601  -28.880 0.7142857313
93067  18.766  -5.820  -28.740 0.7142857313
91251  20.465  -7.449  -29.927 0.5714285970
93077  18.619  -5.153  -28.949 0.7142857313
94048  19.754  -4.567  -29.589 0.5714285970
95055  18.473  -3.608  -28.993 0.7142857313
95057  17.226  -3.574  -28.283 0.2857142985
97098  17.889  -1.314  -28.949 0.5714285970
97084  17.498  -1.351  -28.401 0.2857142985
98043  18.859  -0.409  -29.735 0.8571428657
104494  19.224  7.283  -28.449 0.7142857313
109450  19.472  11.335  -28.112 0.7142857313
87485  16.131  -12.117  -25.299 0.1428571492
77083  16.112  -21.025  -22.174 0.4285714328
83519  22.527  -15.518  -25.490 0.1428571492
83536  21.751  -15.228  -26.248 0.1428571492
83535  22.182  -15.147  -26.022 0.1428571492
87507  22.358  -11.716  -27.776 0.1428571492
84449  22.283  -14.659  -26.241 0.1428571492
83518  23.366  -15.080  -25.248 0.1428571492
86436  23.063  -12.264  -26.895 0.1428571492
85395  22.407  -13.296  -26.900 0.1428571492
85381  22.948  -13.628  -26.289 0.1428571492
87506  22.990  -11.723  -27.301 0.1428571492
90342  23.451  -8.464  -29.713 0.1428571492
114740  21.709  18.581  -32.495 0.1428571492
100961  17.823  2.584  -29.107 0.4285714328
114739  22.317  17.860  -32.108 0.1428571492
102698  17.735  4.127  -29.144 0.4285714328
102697  18.072  4.592  -29.435 0.5714285970
103541  18.083  5.480  -29.089 0.4285714328
112192  21.759  14.803  -28.147 0.2857142985
110377  20.393  12.804  -27.562 0.2857142985
110385  21.170  12.460  -27.892 0.2857142985
103542  17.410  5.950  -28.466 0.1428571492
110378  19.696  12.579  -27.470 0.2857142985
105570  18.115  7.660  -28.434 0.5714285970
104507  17.334  6.747  -27.844 0.4285714328
105571  17.581  7.455  -28.045 0.2857142985
111278  18.792  12.537  -27.083 0.1428571492
110379  18.950  12.237  -27.504 0.1428571492
105557  17.429  7.563  -27.278 0.1428571492
106560  17.610  8.476  -27.740 0.4285714328
111273  18.802  12.741  -26.620 0.1428571492
111276  20.113  13.558  -27.022 0.1428571492
109428  18.598  11.620  -25.281 0.2857142985
146791  18.533  11.366  -23.809 0.1428571492
111267  18.792  12.954  -25.980 0.1428571492
111272  19.367  13.560  -26.383 0.1428571492
110371  18.905  12.440  -25.356 0.1428571492
110370  19.345  12.638  -24.747 0.1428571492
111265  19.497  13.116  -24.562 0.1428571492
78151  15.671  -20.130  -22.161 0.4285714328
80298  15.313  -18.224  -22.093 0.2857142985
82471  22.566  -16.287  -25.020 0.1428571492
88480  23.152  -10.895  -27.786 0.1428571492
110384  22.201  12.542  -28.535 0.2857142985
111283  21.823  13.649  -28.137 0.2857142985
111271  19.781  13.822  -26.594 0.2857142985
79205  15.332  -19.189  -21.934 0.2857142985
80316  20.902  -19.153  -23.927 0.1428571492
82461  22.254  -17.139  -24.674 0.1428571492
89434  22.952  -9.050  -29.605 0.1428571492
88494  23.115  -10.336  -28.342 0.1428571492
104495  17.173  6.758  -26.915 0.1428571492
103525  17.103  5.881  -27.573 0.2857142985
112185  21.026  14.355  -27.539 0.2857142985
111282  22.620  13.415  -28.900 0.2857142985
113125  22.649  15.709  -29.622 0.2857142985
113963  22.779  16.579  -30.325 0.1428571492
112182  19.507  14.013  -26.237 0.2857142985
112186  20.463  14.525  -27.030 0.2857142985
113972  22.938  16.410  -31.218 0.1428571492
114738  22.659  17.398  -31.837 0.1428571492
112202  23.197  15.010  -30.577 0.1428571492
113133  23.063  15.590  -30.596 0.1428571492
91248  24.017  -7.498  -30.126 0.2857142985
113120  21.891  15.808  -28.669 0.2857142985
112195  23.078  14.776  -30.063 0.2857142985
112191  22.566  14.586  -28.958 0.1428571492
79212  16.238  -19.794  -23.153 0.4285714328
102681  17.716  4.994  -29.239 0.4285714328
104506  17.810  6.701  -28.564 0.5714285970
110387  19.414  12.040  -27.852 0.2857142985
86423  22.866  -12.855  -26.742 0.1428571492
84435  23.109  -14.558  -25.665 0.1428571492
87493  23.502  -11.648  -26.798 0.1428571492
111275  20.928  13.357  -27.578 0.2857142985
110386  20.107  12.123  -27.888 0.2857142985
111277  19.258  12.881  -27.043 0.1428571492
88465  23.423  -11.222  -27.189 0.1428571492
100946  17.245  2.584  -28.449 0.2857142985
113962  22.882  17.162  -31.007 0.1428571492
113951  20.630  15.995  -27.499 0.1428571492
113121  21.110  15.458  -27.849 0.1428571492
112171  19.714  14.579  -24.580 0.1428571492
113944  20.406  16.172  -26.799 0.1428571492
113122  20.701  15.470  -27.439 0.1428571492
112175  19.674  14.744  -25.580 0.1428571492
113112  20.204  15.392  -26.144 0.1428571492
113115  20.424  15.294  -26.965 0.1428571492
114710  20.371  16.869  -27.484 0.1428571492
112181  19.876  14.336  -26.419 0.1428571492
113942  20.594  16.273  -25.922 0.1428571492
96097  17.642  -2.474  -28.531 0.2857142985
113108  20.112  15.559  -25.160 0.1428571492
114704  20.501  17.061  -26.637 0.1428571492
114714  21.417  17.386  -28.777 0.1428571492
85397  20.888  -13.335  -27.583 0.2857142985
113114  20.742  15.041  -27.366 0.1428571492
113949  21.676  16.522  -28.753 0.1428571492
113950  21.079  16.566  -28.303 0.1428571492
80328  17.711  -18.465  -24.754 0.4285714328
80327  18.206  -18.671  -24.972 0.2857142985
79250  19.144  -18.963  -25.205 0.1428571492
81404  18.826  -17.599  -25.393 0.2857142985
80340  18.629  -18.564  -25.170 0.1428571492
79239  17.704  -19.326  -24.328 0.2857142985
80329  17.083  -18.741  -24.184 0.4285714328
81403  19.750  -17.497  -25.512 0.1428571492
79237  19.446  -19.431  -24.791 0.1428571492
82475  19.108  -16.409  -25.889 0.2857142985
81405  17.995  -17.849  -25.115 0.2857142985
79238  18.447  -19.199  -24.843 0.2857142985
80318  15.933  -18.876  -23.339 0.2857142985
79231  16.104  -19.415  -23.262 0.2857142985
80317  16.384  -18.315  -23.836 0.2857142985
81383  15.793  -17.902  -23.343 0.2857142985
88483  17.496  -10.429  -26.679 0.2857142985
89393  17.069  -9.865  -26.444 0.2857142985
92137  17.647  -6.528  -27.609 0.1428571492
92148  17.913  -5.980  -28.082 0.2857142985
94038  17.432  -4.546  -28.430 0.1428571492
97068  17.214  -1.388  -27.783 0.1428571492
98015  17.288  -0.538  -28.159 0.1428571492
99025  17.251  0.527  -28.395 0.1428571492
99010  17.093  -0.010  -27.934 0.1428571492
99994  17.545  1.567  -28.849 0.1428571492
99978  16.695  1.550  -27.917 0.1428571492
101797  17.257  3.579  -28.337 0.1428571492
102682  17.376  4.725  -28.597 0.1428571492
107494  18.108  9.267  -25.048 0.1428571492
77084  15.682  -20.580  -21.766 0.2857142985
79229  17.374  -19.661  -23.922 0.1428571492
100947  16.883  2.074  -28.151 0.1428571492
78131  15.464  -20.106  -21.439 0.2857142985
86425  17.053  -12.370  -26.119 0.2857142985
93057  16.962  -5.559  -27.366 0.1428571492
96098  17.078  -3.014  -28.084 0.1428571492
97069  16.771  -1.441  -27.101 0.1428571492
98016  17.028  -0.546  -27.538 0.1428571492
99011  16.739  0.520  -27.606 0.1428571492
101780  16.892  3.824  -27.621 0.1428571492
88466  16.875  -10.576  -26.121 0.2857142985
93069  17.446  -5.503  -28.041 0.1428571492
105546  17.590  7.493  -26.542 0.1428571492
87495  16.454  -11.538  -25.701 0.1428571492
99977  17.073  1.551  -28.351 0.1428571492
101812  17.583  3.541  -28.872 0.1428571492
80303  15.480  -18.557  -22.731 0.2857142985
89408  16.858  -9.273  -26.509 0.1428571492
99026  16.889  1.026  -28.124 0.1428571492
98005  16.571  -0.447  -26.846 0.1428571492
78117  15.478  -20.330  -20.592 0.1428571492
79192  15.431  -19.338  -20.911 0.1428571492
79178  16.248  -19.314  -19.580 0.1428571492
91262  23.884  -7.122  -30.846 0.1428571492
77045  15.410  -21.344  -20.361 0.1428571492
80285  15.400  -18.349  -21.308 0.1428571492
81370  15.492  -17.579  -22.659 0.1428571492
81382  16.126  -17.302  -23.921 0.1428571492
81364  15.471  -17.440  -21.821 0.1428571492
83510  15.973  -15.760  -23.892 0.1428571492
103536  23.213  5.230  -29.258 0.1428571492
105565  23.390  7.213  -29.041 0.1428571492
84408  16.039  -14.711  -23.693 0.1428571492
77056  15.634  -21.036  -21.290 0.1428571492
92171  24.354  -6.667  -30.827 0.1428571492
82463  15.963  -16.421  -23.893 0.1428571492
86412  16.027  -12.717  -24.948 0.1428571492
79213  15.736  -19.497  -22.809 0.1428571492
82451  15.783  -16.747  -23.415 0.1428571492
76010  17.689  -21.949  -23.175 0.1428571492
77100  17.045  -21.039  -23.275 0.5714285970
78150  16.147  -20.270  -22.731 0.4285714328
79230  16.695  -19.417  -23.626 0.1428571492
79240  17.220  -19.279  -23.997 0.1428571492
79251  18.892  -19.122  -25.132 0.2857142985
80326  19.985  -19.015  -24.931 0.2857142985
80341  18.107  -18.401  -25.031 0.2857142985
81391  21.149  -17.970  -24.732 0.2857142985
81392  17.478  -17.819  -24.858 0.4285714328
82450  15.996  -16.729  -23.901 0.1428571492
82460  22.757  -16.825  -24.572 0.1428571492
82473  21.021  -16.629  -25.746 0.2857142985
82487  20.507  -16.164  -26.113 0.2857142985
83550  19.748  -14.723  -27.291 0.5714285970
84466  18.870  -14.152  -27.345 0.5714285970
86437  22.421  -12.553  -27.258 0.1428571492
86452  21.271  -11.926  -27.887 0.4285714328
87509  20.189  -12.019  -27.778 0.5714285970
87525  19.293  -10.638  -28.171 0.7142857313
88495  22.400  -10.626  -28.508 0.2857142985
89437  20.509  -9.206  -29.281 0.5714285970
90357  22.577  -7.932  -30.583 0.8571428657
91249  23.459  -7.877  -30.264 0.2857142985
92172  23.683  -6.621  -31.292 0.4285714328
92184  22.765  -6.006  -31.527 0.8571428657
92185  22.378  -5.801  -31.509 0.8571428657
93103  23.366  -5.542  -31.621 0.1428571492
100958  19.911  2.519  -28.861 0.8571428657
102676  22.977  4.705  -28.905 0.1428571492
103557  18.473  5.036  -29.420 0.7142857313
106545  20.596  8.507  -28.011 0.5714285970
111285  23.160  13.947  -30.217 0.2857142985
111291  23.218  13.953  -30.480 0.2857142985
111301  23.293  13.972  -31.015 0.1428571492
112194  23.172  14.188  -30.276 0.1428571492
113132  23.203  15.108  -30.931 0.1428571492
113141  23.150  14.891  -31.143 0.1428571492
113955  21.590  16.838  -28.769 0.1428571492
113971  22.834  17.057  -31.648 0.1428571492
113983  22.687  17.223  -32.004 0.1428571492
